Ticker,Date,Time,LTP,BuyPrice,BuyQty,SellPrice,SellQty,LTQ,OpenInterest
NIFTY-I.NFO,08/05/2025,09:15:00,24489,24472,75,24480,75,450,0
NIFTY-I.NFO,08/05/2025,09:15:00,24489,24472,75,24480,75,0,0
NIFTY-I.NFO,08/05/2025,09:15:00,24489,24472,75,24480,75,0,0
NIFTY-I.NFO,08/05/2025,09:15:00,24451,24472,75,24480,75,0,0
NIFTY-I.NFO,08/05/2025,09:15:01,24491.9,24492.5,375,24493.7,300,14025,13159275
NIFTY-I.NFO,08/05/2025,09:15:01,24496.8,24492.5,375,24493.7,300,0,13159275
NIFTY-I.NFO,08/05/2025,09:15:03,24502.4,24502.4,75,24505.7,300,13875,13159275
NIFTY-I.NFO,08/05/2025,09:15:03,24506.9,24502.4,75,24505.7,300,0,13159275
NIFTY-I.NFO,08/05/2025,09:15:04,24510.5,24510.5,225,24518.6,75,15900,13159275
NIFTY-I.NFO,08/05/2025,09:15:04,24523.9,24510.5,225,24518.6,75,0,13159275
NIFTY-I.NFO,08/05/2025,09:15:06,24503.8,24502.2,150,24508.9,300,7200,13159275
NIFTY-I.NFO,08/05/2025,09:15:08,24510.4,24501.6,75,24510.4,525,8775,13159275
NIFTY-I.NFO,08/05/2025,09:15:09,24504.1,24501.8,300,24509.9,600,6900,13159275
NIFTY-I.NFO,08/05/2025,09:15:11,24503.2,24503.1,150,24507.5,150,14325,13159275
NIFTY-I.NFO,08/05/2025,09:15:13,24502.4,24501.3,225,24507.9,600,6675,13159275
NIFTY-I.NFO,08/05/2025,09:15:14,24506.4,24498.3,75,24504.1,75,8550,13159275
NIFTY-I.NFO,08/05/2025,09:15:16,24505.4,24501.7,300,24505.4,5775,7875,13159275
NIFTY-I.NFO,08/05/2025,09:15:18,24501.7,24500.7,900,24504.9,75,9975,13159275
NIFTY-I.NFO,08/05/2025,09:15:19,24505.4,24504.9,75,24505.4,675,4125,13159275
NIFTY-I.NFO,08/05/2025,09:15:21,24505.4,24505.4,1725,24506.5,75,3525,13159275
NIFTY-I.NFO,08/05/2025,09:15:22,24509.6,24506.5,75,24509.9,150,2025,13159275
NIFTY-I.NFO,08/05/2025,09:15:24,24506.6,24508.2,225,24510.5,750,4575,13115775
NIFTY-I.NFO,08/05/2025,09:15:26,24506.5,24505.4,1350,24507.2,75,1725,13115775
NIFTY-I.NFO,08/05/2025,09:15:27,24505,24505,375,24508.2,75,2700,13115775
NIFTY-I.NFO,08/05/2025,09:15:29,24508,24504.9,75,24508,150,2700,13115775
NIFTY-I.NFO,08/05/2025,09:15:30,24510.4,24505,225,24510.5,375,1500,13115775
NIFTY-I.NFO,08/05/2025,09:15:32,24510.5,24508,75,24510,150,2025,13115775
NIFTY-I.NFO,08/05/2025,09:15:34,24510,24505,150,24510.5,75,2850,13115775
NIFTY-I.NFO,08/05/2025,09:15:35,24511,24503.9,375,24510.6,675,5175,13115775
NIFTY-I.NFO,08/05/2025,09:15:37,24512.4,24507.6,75,24511.4,150,2775,13115775
NIFTY-I.NFO,08/05/2025,09:15:39,24510,24507,300,24510.5,75,1275,13115775
NIFTY-I.NFO,08/05/2025,09:15:40,24505.7,24505.6,375,24510.9,225,2025,13115775
NIFTY-I.NFO,08/05/2025,09:15:42,24505.9,24505,1275,24508.6,75,1125,13115775
NIFTY-I.NFO,08/05/2025,09:15:44,24509.5,24509.4,75,24509.9,150,4050,13115775
NIFTY-I.NFO,08/05/2025,09:15:45,24508.3,24508.2,75,24510,375,1650,13115775
NIFTY-I.NFO,08/05/2025,09:15:47,24510,24508.5,75,24510,75,750,13115775
NIFTY-I.NFO,08/05/2025,09:15:49,24510,24509.9,150,24511,150,825,13115775
NIFTY-I.NFO,08/05/2025,09:15:50,24511.5,24510,75,24511.2,150,900,13115775
NIFTY-I.NFO,08/05/2025,09:15:52,24505,24502.4,75,24506.9,150,1875,13115775
NIFTY-I.NFO,08/05/2025,09:15:54,24509.8,24506.1,600,24509.9,75,825,13115775
NIFTY-I.NFO,08/05/2025,09:15:55,24509.5,24505.6,450,24509.2,225,750,13115775
NIFTY-I.NFO,08/05/2025,09:15:57,24509.5,24505.6,375,24509.5,150,825,13115775
NIFTY-I.NFO,08/05/2025,09:15:59,24508.1,24506.4,75,24508,75,1275,13115775
NIFTY-I.NFO,08/05/2025,09:16:00,24505.5,24503.7,375,24505.5,75,675,13115775
NIFTY-I.NFO,08/05/2025,09:16:02,24500,24500,975,24502.4,75,1950,13115775
NIFTY-I.NFO,08/05/2025,09:16:04,24500,24500,525,24502.2,150,900,13115775
NIFTY-I.NFO,08/05/2025,09:16:05,24500,24500,1500,24501.8,75,900,13115775
NIFTY-I.NFO,08/05/2025,09:16:07,24500,24497.7,75,24500.4,150,3675,13115775
NIFTY-I.NFO,08/05/2025,09:16:08,24500,24497,375,24500,375,600,13115775
NIFTY-I.NFO,08/05/2025,09:16:10,24499.9,24496.4,75,24499.9,300,4650,13115775
NIFTY-I.NFO,08/05/2025,09:16:12,24499.7,24496.3,75,24499.9,150,375,13115775
NIFTY-I.NFO,08/05/2025,09:16:13,24499.9,24498,75,24500,150,750,13115775
NIFTY-I.NFO,08/05/2025,09:16:15,24500.2,24500,675,24500.2,225,1725,13115775
NIFTY-I.NFO,08/05/2025,09:16:17,24494,24494.9,300,24497.8,75,4050,13115775
NIFTY-I.NFO,08/05/2025,09:16:18,24492.4,24491.8,1350,24498.2,75,600,13115775
NIFTY-I.NFO,08/05/2025,09:16:20,24496.4,24495,75,24496.8,75,825,13115775
NIFTY-I.NFO,08/05/2025,09:16:22,24489.8,24489.9,150,24494,75,2100,13115775
NIFTY-I.NFO,08/05/2025,09:16:23,24496.3,24493.9,150,24496,600,675,13115775
NIFTY-I.NFO,08/05/2025,09:16:25,24495.3,24489.5,225,24494.9,225,450,13115775
NIFTY-I.NFO,08/05/2025,09:16:27,24496.1,24490.2,750,24495.7,225,2175,13115775
NIFTY-I.NFO,08/05/2025,09:16:28,24492,24489.4,225,24494.9,450,1350,13115775
NIFTY-I.NFO,08/05/2025,09:16:30,24492.1,24491.2,600,24495.7,75,525,13115775
NIFTY-I.NFO,08/05/2025,09:16:31,24495.7,24492.2,300,24496.8,225,375,13115775
NIFTY-I.NFO,08/05/2025,09:16:33,24498.3,24495.6,300,24497.1,150,825,13115775
NIFTY-I.NFO,08/05/2025,09:16:35,24500,24500,300,24501,450,1575,13115775
NIFTY-I.NFO,08/05/2025,09:16:37,24501,24500,75,24501.1,75,375,13115775
NIFTY-I.NFO,08/05/2025,09:16:38,24498.3,24492.6,675,24497.5,225,525,13115775
NIFTY-I.NFO,08/05/2025,09:16:40,24495.7,24493.6,300,24498,225,675,13115775
NIFTY-I.NFO,08/05/2025,09:16:42,24498.2,24493.9,300,24498.2,225,1575,13115775
NIFTY-I.NFO,08/05/2025,09:16:43,24492.6,24492.6,150,24495,225,900,13115775
NIFTY-I.NFO,08/05/2025,09:16:45,24494.2,24490.2,150,24493.6,225,900,13115775
NIFTY-I.NFO,08/05/2025,09:16:47,24493.8,24490.2,450,24493.4,225,600,13115775
NIFTY-I.NFO,08/05/2025,09:16:48,24490,24490,8925,24494.8,225,2325,13115775
NIFTY-I.NFO,08/05/2025,09:16:50,24495.7,24493,75,24495.1,150,1650,13115775
NIFTY-I.NFO,08/05/2025,09:16:52,24494.7,24490,9675,24494.2,75,975,13115775
NIFTY-I.NFO,08/05/2025,09:16:53,24494.2,24493.6,450,24494.6,375,2700,13115775
NIFTY-I.NFO,08/05/2025,09:16:55,24494.2,24490,7200,24494.2,450,1050,13115775
NIFTY-I.NFO,08/05/2025,09:16:57,24493.5,24490.5,75,24493.5,75,375,13115775
NIFTY-I.NFO,08/05/2025,09:16:58,24490,24490,6975,24493.9,600,525,13115775
NIFTY-I.NFO,08/05/2025,09:17:00,24491.7,24491.7,150,24494.2,75,675,13115775
NIFTY-I.NFO,08/05/2025,09:17:02,24493.6,24494,1050,24494.2,75,450,13115775
NIFTY-I.NFO,08/05/2025,09:17:03,24493.5,24490.1,300,24494,150,1650,13115775
NIFTY-I.NFO,08/05/2025,09:17:05,24493.9,24492,75,24493.5,75,1275,13115775
NIFTY-I.NFO,08/05/2025,09:17:06,24493.7,24493,150,24494,75,975,13115775
NIFTY-I.NFO,08/05/2025,09:17:08,24494.2,24491.9,150,24494,375,375,13115775
NIFTY-I.NFO,08/05/2025,09:17:10,24492.2,24491.8,75,24494,225,300,13115775
NIFTY-I.NFO,08/05/2025,09:17:11,24495.6,24495,75,24495.7,300,375,13115775
NIFTY-I.NFO,08/05/2025,09:17:13,24497.5,24494,150,24497.5,150,975,13115775
NIFTY-I.NFO,08/05/2025,09:17:15,24499.7,24495.2,300,24498.8,150,450,13115775
NIFTY-I.NFO,08/05/2025,09:17:16,24495.5,24495.1,75,24498.5,225,1875,13115775
NIFTY-I.NFO,08/05/2025,09:17:18,24495.6,24496,375,24499.8,225,675,13115775
NIFTY-I.NFO,08/05/2025,09:17:20,24499,24495.3,150,24499,525,3450,13115775
NIFTY-I.NFO,08/05/2025,09:17:21,24500.6,24496.1,75,24500.5,675,6000,13115775
NIFTY-I.NFO,08/05/2025,09:17:23,24498.7,24496.2,75,24498.7,150,375,13115775
NIFTY-I.NFO,08/05/2025,09:17:25,24499,24498.4,75,24499,450,525,13115775
NIFTY-I.NFO,08/05/2025,09:17:26,24498.4,24496.1,75,24498.5,75,225,13115775
NIFTY-I.NFO,08/05/2025,09:17:28,24498,24496.1,75,24497.5,75,750,13115775
NIFTY-I.NFO,08/05/2025,09:17:30,24496,24494.8,75,24496,225,1125,13115775
NIFTY-I.NFO,08/05/2025,09:17:31,24494,24494,300,24496,75,375,13115775
NIFTY-I.NFO,08/05/2025,09:17:33,24494,24494.4,75,24495,1050,450,13115775
NIFTY-I.NFO,08/05/2025,09:17:35,24492.5,24492,300,24492.5,75,450,13115775
NIFTY-I.NFO,08/05/2025,09:17:36,24490.2,24490.2,375,24492.4,225,900,13115775
NIFTY-I.NFO,08/05/2025,09:17:38,24493.9,24490.9,1050,24493.9,150,1500,13115775
NIFTY-I.NFO,08/05/2025,09:17:40,24491.4,24491.6,1050,24494.5,75,450,13115775
NIFTY-I.NFO,08/05/2025,09:17:41,24493.7,24493.6,75,24494,75,975,13115775
NIFTY-I.NFO,08/05/2025,09:17:43,24492,24492,150,24493.5,75,750,13115775
NIFTY-I.NFO,08/05/2025,09:17:44,24492,24491.9,75,24493.5,75,825,13115775
NIFTY-I.NFO,08/05/2025,09:17:46,24494,24490.6,150,24492,75,900,13115775
NIFTY-I.NFO,08/05/2025,09:17:48,24493.5,24490.1,375,24493.5,225,600,13115775
NIFTY-I.NFO,08/05/2025,09:17:49,24492,24490,1425,24492,600,675,13115775
NIFTY-I.NFO,08/05/2025,09:17:51,24492,24488.9,1050,24490.1,75,3450,13115775
NIFTY-I.NFO,08/05/2025,09:17:53,24488,24488,300,24492,825,600,13115775
NIFTY-I.NFO,08/05/2025,09:17:54,24488.9,24489,75,24491.4,225,1425,13115775
NIFTY-I.NFO,08/05/2025,09:17:56,24488,24487.8,375,24489,75,225,13115775
NIFTY-I.NFO,08/05/2025,09:17:58,24492.5,24488.7,375,24492.5,75,975,13115775
NIFTY-I.NFO,08/05/2025,09:17:59,24493,24488.9,75,24493,675,1800,13115775
NIFTY-I.NFO,08/05/2025,09:18:01,24488,24486.4,75,24488,150,1275,13115775
NIFTY-I.NFO,08/05/2025,09:18:03,24487,24486.3,450,24487,1425,375,13115775
NIFTY-I.NFO,08/05/2025,09:18:04,24486.5,24486.3,225,24487,300,1350,13115775
NIFTY-I.NFO,08/05/2025,09:18:06,24488.7,24486.5,375,24487,75,675,13115775
NIFTY-I.NFO,08/05/2025,09:18:08,24486.3,24486.5,75,24488,1500,375,13115775
NIFTY-I.NFO,08/05/2025,09:18:09,24485.1,24485,825,24486,75,675,13115775
NIFTY-I.NFO,08/05/2025,09:18:11,24487.9,24485,300,24487.9,225,975,13115775
NIFTY-I.NFO,08/05/2025,09:18:13,24483.1,24481,450,24483.1,150,600,13115775
NIFTY-I.NFO,08/05/2025,09:18:14,24485,24481.7,600,24485,900,525,13115775
NIFTY-I.NFO,08/05/2025,09:18:16,24481.7,24482.7,675,24485,825,525,13115775
NIFTY-I.NFO,08/05/2025,09:18:18,24485,24482.3,375,24485.1,600,1575,13115775
NIFTY-I.NFO,08/05/2025,09:18:19,24482.6,24482.5,675,24485.1,525,1050,13115775
NIFTY-I.NFO,08/05/2025,09:18:21,24485.1,24485,75,24485.1,150,450,13115775
NIFTY-I.NFO,08/05/2025,09:18:22,24482.1,24481.7,75,24484.2,225,525,13115775
NIFTY-I.NFO,08/05/2025,09:18:24,24479,24478,150,24479.9,375,1875,13107825
NIFTY-I.NFO,08/05/2025,09:18:26,24476.3,24476.3,975,24480,450,1125,13107825
NIFTY-I.NFO,08/05/2025,09:18:27,24480,24478.7,150,24480,1725,750,13107825
NIFTY-I.NFO,08/05/2025,09:18:29,24480,24476.1,75,24480,1575,1350,13107825
NIFTY-I.NFO,08/05/2025,09:18:31,24480,24478.4,375,24480,150,1650,13107825
NIFTY-I.NFO,08/05/2025,09:18:32,24480,24477.8,600,24481.7,75,675,13107825
NIFTY-I.NFO,08/05/2025,09:18:34,24480,24478.9,375,24480,225,375,13107825
NIFTY-I.NFO,08/05/2025,09:18:36,24480,24478.7,375,24481,375,900,13107825
NIFTY-I.NFO,08/05/2025,09:18:37,24480,24477.4,150,24480,525,675,13107825
NIFTY-I.NFO,08/05/2025,09:18:39,24480,24477.5,450,24480,225,675,13107825
NIFTY-I.NFO,08/05/2025,09:18:41,24478.3,24476,675,24478.8,300,525,13107825
NIFTY-I.NFO,08/05/2025,09:18:42,24476,24476,525,24479.4,75,450,13107825
NIFTY-I.NFO,08/05/2025,09:18:44,24477.1,24477.1,600,24480,150,150,13107825
NIFTY-I.NFO,08/05/2025,09:18:46,24476.3,24476.3,975,24480,150,600,13107825
NIFTY-I.NFO,08/05/2025,09:18:48,24480,24476.1,825,24480,900,825,13107825
NIFTY-I.NFO,08/05/2025,09:18:49,24478.3,24478.2,675,24480,900,1050,13107825
NIFTY-I.NFO,08/05/2025,09:18:51,24478.2,24478.1,375,24480,1875,225,13107825
NIFTY-I.NFO,08/05/2025,09:18:53,24480,24477.7,675,24480,1650,225,13107825
NIFTY-I.NFO,08/05/2025,09:18:54,24480,24477.7,675,24480,1425,675,13107825
NIFTY-I.NFO,08/05/2025,09:18:56,24480,24478.2,375,24480.5,225,2025,13107825
NIFTY-I.NFO,08/05/2025,09:18:58,24480.5,24477.8,450,24478.1,600,750,13107825
NIFTY-I.NFO,08/05/2025,09:18:59,24480.5,24478,375,24479.8,75,750,13107825
NIFTY-I.NFO,08/05/2025,09:19:01,24477.5,24476,150,24477.8,225,1050,13107825
NIFTY-I.NFO,08/05/2025,09:19:03,24474,24474,75,24476.3,300,2325,13107825
NIFTY-I.NFO,08/05/2025,09:19:04,24472.1,24472,750,24476,450,150,13107825
NIFTY-I.NFO,08/05/2025,09:19:06,24476,24474,450,24476,300,675,13107825
NIFTY-I.NFO,08/05/2025,09:19:08,24474.5,24473.8,600,24475.9,150,1350,13107825
NIFTY-I.NFO,08/05/2025,09:19:09,24477.5,24474.3,450,24477.5,75,1425,13107825
NIFTY-I.NFO,08/05/2025,09:19:11,24474,24474,750,24477.5,75,525,13107825
NIFTY-I.NFO,08/05/2025,09:19:12,24474.3,24474.2,1200,24477.5,150,975,13107825
NIFTY-I.NFO,08/05/2025,09:19:14,24474,24473.9,600,24478.3,225,675,13107825
NIFTY-I.NFO,08/05/2025,09:19:16,24477.4,24474,450,24477.2,150,375,13107825
NIFTY-I.NFO,08/05/2025,09:19:17,24474,24474,75,24476.7,75,600,13107825
NIFTY-I.NFO,08/05/2025,09:19:19,24474,24473.1,75,24475.8,75,75,13107825
NIFTY-I.NFO,08/05/2025,09:19:21,24472,24472,525,24474,75,450,13107825
NIFTY-I.NFO,08/05/2025,09:19:22,24474,24472,825,24474,150,225,13107825
NIFTY-I.NFO,08/05/2025,09:19:24,24474,24471.6,1350,24474,75,675,13107825
NIFTY-I.NFO,08/05/2025,09:19:26,24474,24471.8,300,24476.6,75,75,13107825
NIFTY-I.NFO,08/05/2025,09:19:27,24474,24474,75,24476.1,75,75,13107825
NIFTY-I.NFO,08/05/2025,09:19:29,24472,24471.7,75,24475.6,150,150,13107825
NIFTY-I.NFO,08/05/2025,09:19:31,24475.3,24472,75,24476,450,225,13107825
NIFTY-I.NFO,08/05/2025,09:19:32,24476,24470.8,450,24476.1,225,900,13107825
NIFTY-I.NFO,08/05/2025,09:19:34,24475,24472,450,24475,1200,600,13107825
NIFTY-I.NFO,08/05/2025,09:19:36,24475,24472,525,24475,1200,0,13107825
NIFTY-I.NFO,08/05/2025,09:19:37,24475,24472.1,75,24475,1125,150,13107825
NIFTY-I.NFO,08/05/2025,09:19:39,24472,24472,450,24474.7,600,525,13107825
NIFTY-I.NFO,08/05/2025,09:19:41,24474.5,24471.2,75,24474.6,525,750,13107825
NIFTY-I.NFO,08/05/2025,09:19:42,24474.6,24471.1,375,24475,1350,375,13107825
NIFTY-I.NFO,08/05/2025,09:19:44,24474.3,24472,75,24474.3,450,375,13107825
NIFTY-I.NFO,08/05/2025,09:19:46,24472.3,24471,75,24472.3,150,1350,13107825
NIFTY-I.NFO,08/05/2025,09:19:47,24472.7,24472.1,375,24472.7,75,75,13107825
NIFTY-I.NFO,08/05/2025,09:19:49,24473.5,24472.1,375,24473.3,75,150,13107825
NIFTY-I.NFO,08/05/2025,09:19:51,24474.9,24474.9,75,24475,1125,525,13107825
NIFTY-I.NFO,08/05/2025,09:19:52,24472.3,24472.3,75,24474.7,375,375,13107825
NIFTY-I.NFO,08/05/2025,09:19:54,24470.7,24472.4,375,24475,2325,1050,13107825
NIFTY-I.NFO,08/05/2025,09:19:56,24475,24472.4,375,24475,2100,225,13107825
NIFTY-I.NFO,08/05/2025,09:19:57,24470.6,24470.5,375,24474.8,375,675,13107825
NIFTY-I.NFO,08/05/2025,09:19:59,24470,24470,1200,24471.1,450,2550,13107825
NIFTY-I.NFO,08/05/2025,09:20:01,24470,24470.2,450,24473.7,75,2100,13107825
NIFTY-I.NFO,08/05/2025,09:20:02,24473.2,24470.7,1050,24471.5,150,150,13107825
NIFTY-I.NFO,08/05/2025,09:20:04,24473.7,24470.5,2325,24473.7,75,450,13107825
NIFTY-I.NFO,08/05/2025,09:20:06,24470.5,24471.3,375,24473.7,150,1500,13107825
NIFTY-I.NFO,08/05/2025,09:20:07,24473.7,24471.5,75,24473.7,75,150,13107825
NIFTY-I.NFO,08/05/2025,09:20:09,24474,24473.8,375,24474,75,300,13107825
NIFTY-I.NFO,08/05/2025,09:20:11,24473.3,24472.7,375,24474,75,75,13107825
NIFTY-I.NFO,08/05/2025,09:20:12,24475,24472.7,450,24475,1950,300,13107825
NIFTY-I.NFO,08/05/2025,09:20:14,24478.5,24473.7,75,24477.5,75,5400,13107825
NIFTY-I.NFO,08/05/2025,09:20:16,24473.7,24473.7,75,24477,300,375,13107825
NIFTY-I.NFO,08/05/2025,09:20:17,24473.7,24476.1,75,24477,75,0,13107825
NIFTY-I.NFO,08/05/2025,09:20:19,24476,24476,375,24478,75,375,13107825
NIFTY-I.NFO,08/05/2025,09:20:21,24480,24477.5,75,24480,1425,675,13107825
NIFTY-I.NFO,08/05/2025,09:20:22,24480,24477.5,75,24480,1200,225,13107825
NIFTY-I.NFO,08/05/2025,09:20:24,24477.8,24475,375,24477.1,75,3075,13107825
NIFTY-I.NFO,08/05/2025,09:20:26,24477.9,24475,300,24478.3,225,375,13107825
NIFTY-I.NFO,08/05/2025,09:20:27,24478.1,24478,150,24480,150,900,13107825
NIFTY-I.NFO,08/05/2025,09:20:29,24480.6,24478.1,75,24480.7,750,975,13107825
NIFTY-I.NFO,08/05/2025,09:20:31,24481,24478,75,24481,75,675,13107825
NIFTY-I.NFO,08/05/2025,09:20:32,24480.5,24480,75,24480.5,75,2250,13107825
NIFTY-I.NFO,08/05/2025,09:20:34,24477,24476.3,450,24478.1,75,150,13107825
NIFTY-I.NFO,08/05/2025,09:20:36,24479.5,24477.7,150,24480,75,300,13107825
NIFTY-I.NFO,08/05/2025,09:20:37,24477.4,24476.7,675,24480,75,450,13107825
NIFTY-I.NFO,08/05/2025,09:20:39,24481.4,24477,75,24481,600,300,13107825
NIFTY-I.NFO,08/05/2025,09:20:41,24477,24477,150,24479,150,150,13107825
NIFTY-I.NFO,08/05/2025,09:20:42,24477,24476.7,75,24477.9,150,675,13107825
NIFTY-I.NFO,08/05/2025,09:20:44,24476.7,24475,1500,24476.7,225,2025,13107825
NIFTY-I.NFO,08/05/2025,09:20:46,24475.9,24475,1425,24476,300,600,13107825
NIFTY-I.NFO,08/05/2025,09:20:47,24475,24475.9,75,24476,150,150,13107825
NIFTY-I.NFO,08/05/2025,09:20:49,24475,24474.7,75,24475,75,1350,13107825
NIFTY-I.NFO,08/05/2025,09:20:51,24474.4,24473.7,1875,24474.3,150,300,13107825
NIFTY-I.NFO,08/05/2025,09:20:52,24474.1,24473.7,1800,24474.5,75,300,13107825
NIFTY-I.NFO,08/05/2025,09:20:54,24474.6,24473.7,2100,24475,75,1125,13107825
NIFTY-I.NFO,08/05/2025,09:20:56,24475,24475,75,24475.2,150,150,13107825
NIFTY-I.NFO,08/05/2025,09:20:57,24475,24473.7,1800,24475,75,75,13107825
NIFTY-I.NFO,08/05/2025,09:20:59,24473.7,24474.1,75,24474.6,150,75,13107825
NIFTY-I.NFO,08/05/2025,09:21:01,24474.9,24474,150,24474.9,75,300,13107825
NIFTY-I.NFO,08/05/2025,09:21:02,24474,24473.7,1875,24475,300,150,13107825
NIFTY-I.NFO,08/05/2025,09:21:04,24473.7,24473.7,1725,24473.9,900,1050,13107825
NIFTY-I.NFO,08/05/2025,09:21:06,24473.7,24473.7,1125,24475,75,1275,13107825
NIFTY-I.NFO,08/05/2025,09:21:07,24473.7,24473,1350,24475,75,1425,13107825
NIFTY-I.NFO,08/05/2025,09:21:09,24473,24473,1425,24475.5,150,525,13107825
NIFTY-I.NFO,08/05/2025,09:21:11,24475,24473,1350,24475.5,75,150,13107825
NIFTY-I.NFO,08/05/2025,09:21:12,24474.5,24473,1050,24474,75,600,13107825
NIFTY-I.NFO,08/05/2025,09:21:14,24471.8,24471,150,24471.9,525,1575,13107825
NIFTY-I.NFO,08/05/2025,09:21:16,24470,24469,75,24471.2,525,2475,13107825
NIFTY-I.NFO,08/05/2025,09:21:17,24465.8,24465.6,1500,24466.7,75,1350,13107825
NIFTY-I.NFO,08/05/2025,09:21:19,24465.6,24465.6,1125,24465.9,450,450,13107825
NIFTY-I.NFO,08/05/2025,09:21:21,24465,24465,75,24465.9,375,3300,13107825
NIFTY-I.NFO,08/05/2025,09:21:22,24465.8,24465.5,75,24465.8,300,900,13107825
NIFTY-I.NFO,08/05/2025,09:21:24,24462,24462.3,150,24465.6,75,975,13107825
NIFTY-I.NFO,08/05/2025,09:21:26,24462,24461.5,450,24465.6,225,150,13093650
NIFTY-I.NFO,08/05/2025,09:21:27,24465,24465,450,24465.6,150,225,13093650
NIFTY-I.NFO,08/05/2025,09:21:29,24464.4,24461.3,150,24464.4,600,750,13093650
NIFTY-I.NFO,08/05/2025,09:21:31,24460.9,24460.9,150,24461,450,1575,13093650
NIFTY-I.NFO,08/05/2025,09:21:32,24464.3,24460.1,375,24464.5,525,1800,13093650
NIFTY-I.NFO,08/05/2025,09:21:34,24462,24460.9,75,24462,75,300,13093650
NIFTY-I.NFO,08/05/2025,09:21:36,24460,24460.9,600,24464.7,75,1725,13093650
NIFTY-I.NFO,08/05/2025,09:21:37,24461.1,24461.3,150,24465,1200,375,13093650
NIFTY-I.NFO,08/05/2025,09:21:39,24460,24460,5850,24464.5,75,975,13093650
NIFTY-I.NFO,08/05/2025,09:21:41,24462.7,24462.7,150,24464.5,75,750,13093650
NIFTY-I.NFO,08/05/2025,09:21:42,24462.7,24462.7,75,24464.8,525,225,13093650
NIFTY-I.NFO,08/05/2025,09:21:44,24460.1,24460,7800,24464.5,375,525,13093650
NIFTY-I.NFO,08/05/2025,09:21:46,24464.2,24460,7875,24464.3,675,1050,13093650
NIFTY-I.NFO,08/05/2025,09:21:47,24462.9,24460,7425,24462.8,75,525,13093650
NIFTY-I.NFO,08/05/2025,09:21:49,24462.4,24460,7350,24462.7,375,600,13093650
NIFTY-I.NFO,08/05/2025,09:21:51,24461.8,24460,7275,24461.6,225,525,13093650
NIFTY-I.NFO,08/05/2025,09:21:52,24461.8,24461.6,75,24462,75,0,13093650
NIFTY-I.NFO,08/05/2025,09:21:54,24462.3,24462.4,75,24463,750,150,13093650
NIFTY-I.NFO,08/05/2025,09:21:56,24461,24460.1,375,24461.9,375,1350,13093650
NIFTY-I.NFO,08/05/2025,09:21:57,24460,24461.9,75,24462.7,75,600,13093650
NIFTY-I.NFO,08/05/2025,09:21:59,24461.9,24460.3,75,24462.1,75,975,13093650
NIFTY-I.NFO,08/05/2025,09:22:01,24463,24461,375,24462.6,750,2325,13093650
NIFTY-I.NFO,08/05/2025,09:22:02,24460,24460,1200,24461.4,375,5400,13093650
NIFTY-I.NFO,08/05/2025,09:22:04,24459.8,24458.8,75,24460.9,75,2025,13093650
NIFTY-I.NFO,08/05/2025,09:22:06,24459.7,24459,1800,24459.7,300,1200,13093650
NIFTY-I.NFO,08/05/2025,09:22:07,24459,24460,825,24461.9,75,900,13093650
NIFTY-I.NFO,08/05/2025,09:22:09,24463,24460.6,375,24465,1050,375,13093650
NIFTY-I.NFO,08/05/2025,09:22:11,24463.2,24460,450,24463,75,375,13093650
NIFTY-I.NFO,08/05/2025,09:22:12,24459,24459.7,375,24463,75,1425,13093650
NIFTY-I.NFO,08/05/2025,09:22:14,24462.7,24462.7,7425,24463.6,450,150,13093650
NIFTY-I.NFO,08/05/2025,09:22:16,24462.7,24462.7,4575,24462.9,75,2850,13093650
NIFTY-I.NFO,08/05/2025,09:22:17,24463.7,24461.9,150,24463.7,375,13725,13093650
NIFTY-I.NFO,08/05/2025,09:22:19,24463.6,24459.7,75,24463.6,825,825,13093650
NIFTY-I.NFO,08/05/2025,09:22:20,24459,24459,375,24462.8,825,375,13093650
NIFTY-I.NFO,08/05/2025,09:22:22,24465,24459.8,300,24465,1050,1350,13093650
NIFTY-I.NFO,08/05/2025,09:22:24,24459.8,24460.2,450,24465,1050,75,13093650
NIFTY-I.NFO,08/05/2025,09:22:25,24464.9,24460,600,24464.8,825,600,13093650
NIFTY-I.NFO,08/05/2025,09:22:27,24460,24460,225,24464.4,825,75,13093650
NIFTY-I.NFO,08/05/2025,09:22:29,24464.4,24460.1,150,24464.1,150,225,13093650
NIFTY-I.NFO,08/05/2025,09:22:30,24461,24460,750,24462.7,75,300,13093650
NIFTY-I.NFO,08/05/2025,09:22:32,24464.9,24461,300,24465,1125,150,13093650
NIFTY-I.NFO,08/05/2025,09:22:34,24465,24462.7,75,24464.5,75,375,13093650
NIFTY-I.NFO,08/05/2025,09:22:35,24465,24462.7,225,24465,2325,225,13093650
NIFTY-I.NFO,08/05/2025,09:22:37,24467.1,24465,75,24467.2,75,2550,13093650
NIFTY-I.NFO,08/05/2025,09:22:39,24464.7,24461,225,24464.7,300,750,13093650
NIFTY-I.NFO,08/05/2025,09:22:40,24464.7,24462.8,75,24465.2,75,0,13093650
NIFTY-I.NFO,08/05/2025,09:22:42,24465,24462.8,75,24465,750,75,13093650
NIFTY-I.NFO,08/05/2025,09:22:43,24465,24464.9,75,24465,525,375,13093650
NIFTY-I.NFO,08/05/2025,09:22:45,24462,24462,75,24464,150,525,13093650
NIFTY-I.NFO,08/05/2025,09:22:47,24460.6,24460.6,75,24464,75,525,13093650
NIFTY-I.NFO,08/05/2025,09:22:48,24465,24464,150,24466.9,750,375,13093650
NIFTY-I.NFO,08/05/2025,09:22:50,24466.8,24464,900,24465,75,300,13093650
NIFTY-I.NFO,08/05/2025,09:22:52,24465,24464.1,750,24467,150,225,13093650
NIFTY-I.NFO,08/05/2025,09:22:53,24466.8,24464.1,150,24467.5,675,750,13093650
NIFTY-I.NFO,08/05/2025,09:22:55,24466.8,24464,225,24466.8,75,300,13093650
NIFTY-I.NFO,08/05/2025,09:22:57,24466.5,24466,75,24466.9,375,450,13093650
NIFTY-I.NFO,08/05/2025,09:22:58,24468.2,24466.8,75,24468.8,525,375,13093650
NIFTY-I.NFO,08/05/2025,09:23:00,24466.6,24464.5,1050,24466.6,75,600,13093650
NIFTY-I.NFO,08/05/2025,09:23:02,24464.2,24464.1,675,24469,825,225,13093650
NIFTY-I.NFO,08/05/2025,09:23:03,24466.5,24464.2,525,24469,1275,300,13093650
NIFTY-I.NFO,08/05/2025,09:23:05,24464.2,24464.1,975,24469,750,600,13093650
NIFTY-I.NFO,08/05/2025,09:23:07,24468.9,24464.3,1050,24469,750,150,13093650
NIFTY-I.NFO,08/05/2025,09:23:08,24469,24465.1,1050,24469,600,600,13093650
NIFTY-I.NFO,08/05/2025,09:23:10,24468,24465,1875,24466.8,75,75,13093650
NIFTY-I.NFO,08/05/2025,09:23:12,24469,24465,1950,24469,450,975,13093650
NIFTY-I.NFO,08/05/2025,09:23:13,24469,24466.5,75,24470,1500,1050,13093650
NIFTY-I.NFO,08/05/2025,09:23:15,24469,24466.9,750,24470,1500,0,13093650
NIFTY-I.NFO,08/05/2025,09:23:17,24470,24466.5,75,24470,750,750,13093650
NIFTY-I.NFO,08/05/2025,09:23:18,24470,24469,150,24470,600,300,13093650
NIFTY-I.NFO,08/05/2025,09:23:20,24468,24467.5,375,24470,2250,300,13093650
NIFTY-I.NFO,08/05/2025,09:23:22,24470,24468.5,675,24470,1125,1275,13093650
NIFTY-I.NFO,08/05/2025,09:23:23,24470,24469.3,450,24470,1275,1575,13093650
NIFTY-I.NFO,08/05/2025,09:23:25,24470,24469.5,375,24471,225,1275,13093650
NIFTY-I.NFO,08/05/2025,09:23:27,24471,24471,225,24472,150,450,13093650
NIFTY-I.NFO,08/05/2025,09:23:28,24472,24471.8,525,24473,75,300,13093650
NIFTY-I.NFO,08/05/2025,09:23:30,24479,24474.4,375,24479,75,975,13093650
NIFTY-I.NFO,08/05/2025,09:23:32,24479,24477,150,24478.9,150,75,13093650
NIFTY-I.NFO,08/05/2025,09:23:33,24474.4,24475.8,600,24477,300,525,13093650
NIFTY-I.NFO,08/05/2025,09:23:35,24477,24476.8,75,24477,150,150,13093650
NIFTY-I.NFO,08/05/2025,09:23:37,24477,24476.8,75,24477,75,75,13093650
NIFTY-I.NFO,08/05/2025,09:23:38,24478.3,24473.1,375,24475.6,150,1875,13093650
NIFTY-I.NFO,08/05/2025,09:23:40,24478,24473,75,24477,300,825,13093650
NIFTY-I.NFO,08/05/2025,09:23:42,24478.3,24473.1,375,24478.2,150,1875,13093650
NIFTY-I.NFO,08/05/2025,09:23:43,24478.7,24473.6,150,24478,150,150,13093650
NIFTY-I.NFO,08/05/2025,09:23:45,24473,24476.8,75,24477.8,75,375,13093650
NIFTY-I.NFO,08/05/2025,09:23:47,24473.5,24472.4,150,24474.1,75,375,13093650
NIFTY-I.NFO,08/05/2025,09:23:48,24473,24471.3,150,24475.3,150,150,13093650
NIFTY-I.NFO,08/05/2025,09:23:50,24475,24472,750,24475,375,1275,13093650
NIFTY-I.NFO,08/05/2025,09:23:52,24472,24471,675,24471.5,75,600,13093650
NIFTY-I.NFO,08/05/2025,09:23:53,24471.1,24470.7,75,24471,75,375,13093650
NIFTY-I.NFO,08/05/2025,09:23:55,24471.1,24470.7,75,24474.5,375,0,13093650
NIFTY-I.NFO,08/05/2025,09:23:57,24472.2,24470.2,375,24472.6,225,300,13093650
NIFTY-I.NFO,08/05/2025,09:23:58,24471.1,24471.1,2625,24471.9,150,75,13093650
NIFTY-I.NFO,08/05/2025,09:24:00,24471,24470.1,375,24470.9,150,1875,13093650
NIFTY-I.NFO,08/05/2025,09:24:02,24470.9,24470.9,75,24471,225,525,13093650
NIFTY-I.NFO,08/05/2025,09:24:03,24471.1,24471.1,975,24472,450,825,13093650
NIFTY-I.NFO,08/05/2025,09:24:05,24475,24471.9,975,24475,225,1425,13093650
NIFTY-I.NFO,08/05/2025,09:24:07,24479.1,24474.9,450,24479.5,75,825,13093650
NIFTY-I.NFO,08/05/2025,09:24:08,24479.7,24475.6,75,24479.7,75,525,13093650
NIFTY-I.NFO,08/05/2025,09:24:10,24480,24476,75,24479.5,75,375,13093650
NIFTY-I.NFO,08/05/2025,09:24:12,24480.8,24479.1,150,24481,375,1125,13093650
NIFTY-I.NFO,08/05/2025,09:24:13,24478.1,24477.5,375,24480.1,75,1050,13093650
NIFTY-I.NFO,08/05/2025,09:24:15,24480,24478.7,525,24482.4,75,675,13093650
NIFTY-I.NFO,08/05/2025,09:24:17,24478.1,24480,75,24482.1,150,825,13093650
NIFTY-I.NFO,08/05/2025,09:24:18,24480.1,24478.9,375,24482,75,525,13093650
NIFTY-I.NFO,08/05/2025,09:24:20,24485,24480.4,375,24485,150,600,13093650
NIFTY-I.NFO,08/05/2025,09:24:22,24485,24480.5,150,24485,75,300,13093650
NIFTY-I.NFO,08/05/2025,09:24:23,24485,24483.3,75,24485,75,0,13093650
NIFTY-I.NFO,08/05/2025,09:24:25,24485,24483.3,975,24486.6,75,750,13082925
NIFTY-I.NFO,08/05/2025,09:24:27,24485,24485,75,24486.6,75,375,13082925
NIFTY-I.NFO,08/05/2025,09:24:28,24485.5,24485,75,24488,150,2025,13082925
NIFTY-I.NFO,08/05/2025,09:24:30,24485,24484.7,450,24485.1,150,525,13082925
NIFTY-I.NFO,08/05/2025,09:24:32,24485.7,24485.7,300,24488,75,75,13082925
NIFTY-I.NFO,08/05/2025,09:24:33,24489,24485.3,300,24489.8,75,300,13082925
NIFTY-I.NFO,08/05/2025,09:24:35,24489,24485.6,1275,24488,75,750,13082925
NIFTY-I.NFO,08/05/2025,09:24:37,24488,24485,225,24489,1125,75,13082925
NIFTY-I.NFO,08/05/2025,09:24:38,24488.7,24484.5,150,24489,1275,450,13082925
NIFTY-I.NFO,08/05/2025,09:24:40,24489,24485.2,450,24489,1125,150,13082925
NIFTY-I.NFO,08/05/2025,09:24:42,24489,24486.5,450,24489,1050,225,13082925
NIFTY-I.NFO,08/05/2025,09:24:43,24489,24485.5,300,24489,750,375,13082925
NIFTY-I.NFO,08/05/2025,09:24:45,24485.9,24485.4,150,24488.7,150,300,13082925
NIFTY-I.NFO,08/05/2025,09:24:47,24489,24485,150,24487.8,150,900,13082925
NIFTY-I.NFO,08/05/2025,09:24:48,24487.5,24483.7,75,24484.6,75,600,13082925
NIFTY-I.NFO,08/05/2025,09:24:50,24483.7,24482.3,75,24486.3,150,300,13082925
NIFTY-I.NFO,08/05/2025,09:24:52,24486.1,24482.3,75,24486.1,375,225,13082925
NIFTY-I.NFO,08/05/2025,09:24:53,24485,24482.3,75,24485,75,675,13082925
NIFTY-I.NFO,08/05/2025,09:24:55,24485,24482.3,75,24485,75,0,13082925
NIFTY-I.NFO,08/05/2025,09:24:57,24483.6,24483.6,225,24488.2,75,600,13082925
NIFTY-I.NFO,08/05/2025,09:24:58,24488.2,24483,75,24488,75,525,13082925
NIFTY-I.NFO,08/05/2025,09:25:00,24488,24484.2,150,24488,375,300,13082925
NIFTY-I.NFO,08/05/2025,09:25:02,24484.4,24485,150,24488,225,375,13082925
NIFTY-I.NFO,08/05/2025,09:25:03,24488,24487.9,75,24488.9,75,600,13082925
NIFTY-I.NFO,08/05/2025,09:25:05,24488.9,24488,75,24489,150,75,13082925
NIFTY-I.NFO,08/05/2025,09:25:07,24489.9,24489,75,24490,3375,375,13082925
NIFTY-I.NFO,08/05/2025,09:25:08,24489.2,24488,75,24489.2,225,600,13082925
NIFTY-I.NFO,08/05/2025,09:25:10,24489,24485.8,1350,24489,75,2175,13082925
NIFTY-I.NFO,08/05/2025,09:25:12,24490,24486.3,75,24490,2175,675,13082925
NIFTY-I.NFO,08/05/2025,09:25:13,24486.4,24485.8,375,24490,2025,375,13082925
NIFTY-I.NFO,08/05/2025,09:25:15,24488.1,24485,300,24488.9,600,225,13082925
NIFTY-I.NFO,08/05/2025,09:25:17,24485.8,24485,300,24488,450,1125,13082925
NIFTY-I.NFO,08/05/2025,09:25:18,24487.6,24485,150,24487.4,150,225,13082925
NIFTY-I.NFO,08/05/2025,09:25:20,24489.3,24485.4,150,24489.7,225,600,13082925
NIFTY-I.NFO,08/05/2025,09:25:22,24485.8,24485.4,450,24489.9,75,525,13082925
NIFTY-I.NFO,08/05/2025,09:25:24,24488.5,24486.4,150,24489,150,300,13082925
NIFTY-I.NFO,08/05/2025,09:25:25,24486.1,24485.4,75,24486.1,225,825,13082925
NIFTY-I.NFO,08/05/2025,09:25:27,24486.1,24485.8,75,24488,3000,600,13082925
NIFTY-I.NFO,08/05/2025,09:25:29,24483.5,24483.3,75,24483.5,75,750,13082925
NIFTY-I.NFO,08/05/2025,09:25:30,24485.2,24482.3,75,24483.1,75,750,13082925
NIFTY-I.NFO,08/05/2025,09:25:32,24483,24481.1,375,24485,525,375,13082925
NIFTY-I.NFO,08/05/2025,09:25:34,24485,24483.1,75,24485,375,150,13082925
NIFTY-I.NFO,08/05/2025,09:25:35,24484.1,24482.6,750,24485,375,150,13082925
NIFTY-I.NFO,08/05/2025,09:25:37,24484.1,24482.3,75,24485.8,150,1050,13082925
NIFTY-I.NFO,08/05/2025,09:25:39,24487.5,24482,1950,24485,75,450,13082925
NIFTY-I.NFO,08/05/2025,09:25:40,24485,24483.1,150,24487.7,75,75,13082925
NIFTY-I.NFO,08/05/2025,09:25:42,24483.1,24483.1,1875,24485,75,75,13082925
NIFTY-I.NFO,08/05/2025,09:25:44,24485.5,24484.2,300,24488,3075,450,13082925
NIFTY-I.NFO,08/05/2025,09:25:45,24482,24482.2,1050,24487.2,75,1050,13082925
NIFTY-I.NFO,08/05/2025,09:25:47,24482.7,24482,900,24483.1,75,75,13082925
NIFTY-I.NFO,08/05/2025,09:25:49,24487.4,24482.5,150,24487.4,450,375,13082925
NIFTY-I.NFO,08/05/2025,09:25:50,24487.4,24485.5,75,24486.9,150,0,13082925
NIFTY-I.NFO,08/05/2025,09:25:52,24482.3,24482.5,75,24483.5,225,225,13082925
NIFTY-I.NFO,08/05/2025,09:25:54,24482,24480.9,750,24482,150,600,13082925
NIFTY-I.NFO,08/05/2025,09:25:55,24482,24483,150,24485.4,975,150,13082925
NIFTY-I.NFO,08/05/2025,09:25:57,24480,24480.5,150,24482,150,4125,13082925
NIFTY-I.NFO,08/05/2025,09:25:59,24480,24480.6,525,24485.2,75,0,13082925
NIFTY-I.NFO,08/05/2025,09:26:00,24480,24481.6,75,24485.9,1050,0,13082925
NIFTY-I.NFO,08/05/2025,09:26:02,24483.2,24483.2,975,24487,75,525,13082925
NIFTY-I.NFO,08/05/2025,09:26:04,24487,24484.9,300,24487,300,2400,13082925
NIFTY-I.NFO,08/05/2025,09:26:05,24486.6,24486.7,675,24487.5,75,2175,13082925
NIFTY-I.NFO,08/05/2025,09:26:07,24487.9,24487,300,24487.9,2775,675,13082925
NIFTY-I.NFO,08/05/2025,09:26:09,24487.9,24487.8,150,24487.9,2100,2700,13082925
NIFTY-I.NFO,08/05/2025,09:26:10,24487.9,24487.3,75,24487.9,375,1800,13082925
NIFTY-I.NFO,08/05/2025,09:26:12,24486.8,24486.7,75,24487.9,375,1950,13082925
NIFTY-I.NFO,08/05/2025,09:26:14,24486.6,24486.7,150,24487.9,300,225,13082925
NIFTY-I.NFO,08/05/2025,09:26:15,24487.3,24486.7,150,24487.8,150,75,13082925
NIFTY-I.NFO,08/05/2025,09:26:17,24487.8,24487.2,1050,24487.9,300,1050,13082925
NIFTY-I.NFO,08/05/2025,09:26:19,24487.9,24487.8,150,24487.9,150,225,13082925
NIFTY-I.NFO,08/05/2025,09:26:20,24488,24487.8,225,24488,2775,300,13082925
NIFTY-I.NFO,08/05/2025,09:26:22,24488,24487.2,1050,24488,2700,225,13082925
NIFTY-I.NFO,08/05/2025,09:26:24,24488,24487.9,75,24488,2700,0,13082925
NIFTY-I.NFO,08/05/2025,09:26:25,24487.2,24487.2,900,24488,2100,825,13082925
NIFTY-I.NFO,08/05/2025,09:26:27,24487.2,24487.2,825,24488,2025,150,13082925
NIFTY-I.NFO,08/05/2025,09:26:29,24487.2,24487.2,750,24487.8,300,75,13082925
NIFTY-I.NFO,08/05/2025,09:26:30,24487.8,24487.2,600,24488,2100,450,13082925
NIFTY-I.NFO,08/05/2025,09:26:32,24487.2,24487.2,525,24488,2025,75,13082925
NIFTY-I.NFO,08/05/2025,09:26:34,24488,24487.2,450,24487.7,75,750,13082925
NIFTY-I.NFO,08/05/2025,09:26:35,24489,24487.7,1425,24490,2625,1875,13082925
NIFTY-I.NFO,08/05/2025,09:26:37,24490,24489.1,525,24490,2325,450,13082925
NIFTY-I.NFO,08/05/2025,09:26:39,24490,24489.1,150,24490,2100,225,13082925
NIFTY-I.NFO,08/05/2025,09:26:40,24490,24489.1,150,24490,1950,150,13082925
NIFTY-I.NFO,08/05/2025,09:26:42,24490,24489.2,825,24490,1800,150,13082925
NIFTY-I.NFO,08/05/2025,09:26:44,24490,24489.3,75,24490,1725,150,13082925
NIFTY-I.NFO,08/05/2025,09:26:45,24489.3,24487.9,75,24489.9,900,300,13082925
NIFTY-I.NFO,08/05/2025,09:26:47,24489.6,24487.8,75,24489.4,75,225,13082925
NIFTY-I.NFO,08/05/2025,09:26:49,24488,24487.8,75,24489.3,825,75,13082925
NIFTY-I.NFO,08/05/2025,09:26:50,24489.9,24487.2,600,24489.8,375,900,13082925
NIFTY-I.NFO,08/05/2025,09:26:52,24489.8,24487.2,900,24489.9,300,75,13082925
NIFTY-I.NFO,08/05/2025,09:26:54,24489.1,24487.2,450,24489.2,150,600,13082925
NIFTY-I.NFO,08/05/2025,09:26:55,24487.2,24487,150,24489.1,225,450,13082925
NIFTY-I.NFO,08/05/2025,09:26:57,24489.8,24489.8,150,24490,1575,300,13082925
NIFTY-I.NFO,08/05/2025,09:26:59,24487.9,24487.5,375,24489.9,75,375,13082925
NIFTY-I.NFO,08/05/2025,09:27:00,24487.4,24487,150,24489.8,225,225,13082925
NIFTY-I.NFO,08/05/2025,09:27:02,24487,24486.6,75,24489,75,150,13082925
NIFTY-I.NFO,08/05/2025,09:27:04,24489,24487.9,75,24489.8,300,75,13082925
NIFTY-I.NFO,08/05/2025,09:27:05,24489,24488.2,525,24489.8,300,0,13082925
NIFTY-I.NFO,08/05/2025,09:27:07,24488.6,24488.7,375,24489.9,75,1050,13082925
NIFTY-I.NFO,08/05/2025,09:27:09,24490,24489.8,75,24490,825,750,13082925
NIFTY-I.NFO,08/05/2025,09:27:10,24490,24489.9,75,24490,825,0,13082925
NIFTY-I.NFO,08/05/2025,09:27:12,24489.8,24488.8,75,24489.9,225,375,13082925
NIFTY-I.NFO,08/05/2025,09:27:14,24488.8,24488,150,24490,750,375,13082925
NIFTY-I.NFO,08/05/2025,09:27:15,24490,24488.7,675,24490,525,300,13082925
NIFTY-I.NFO,08/05/2025,09:27:17,24488.2,24488,150,24488.1,75,300,13082925
NIFTY-I.NFO,08/05/2025,09:27:19,24490,24487.6,375,24490,300,2025,13082925
NIFTY-I.NFO,08/05/2025,09:27:20,24487.2,24487,300,24490,300,225,13082925
NIFTY-I.NFO,08/05/2025,09:27:22,24487.2,24487,300,24489.9,75,0,13082925
NIFTY-I.NFO,08/05/2025,09:27:24,24487,24486.4,75,24486.5,150,750,13082925
NIFTY-I.NFO,08/05/2025,09:27:25,24486.5,24485,675,24486.5,150,225,13082925
NIFTY-I.NFO,08/05/2025,09:27:27,24485,24484,75,24485,900,825,13067175
NIFTY-I.NFO,08/05/2025,09:27:29,24484,24483.3,1425,24485,750,75,13067175
NIFTY-I.NFO,08/05/2025,09:27:30,24485,24484.4,1350,24485,525,225,13067175
NIFTY-I.NFO,08/05/2025,09:27:32,24485,24483.1,75,24484.4,150,450,13067175
NIFTY-I.NFO,08/05/2025,09:27:34,24484,24483.5,300,24488.3,75,300,13067175
NIFTY-I.NFO,08/05/2025,09:27:35,24484,24485,150,24488.7,75,0,13067175
NIFTY-I.NFO,08/05/2025,09:27:37,24485,24485,75,24488,75,75,13067175
NIFTY-I.NFO,08/05/2025,09:27:39,24489.3,24485.2,1275,24489.3,75,150,13067175
NIFTY-I.NFO,08/05/2025,09:27:40,24485,24483.9,375,24485,6075,1500,13067175
NIFTY-I.NFO,08/05/2025,09:27:42,24485,24484.5,75,24485,5925,450,13067175
NIFTY-I.NFO,08/05/2025,09:27:44,24485,24484.6,675,24485,5850,75,13067175
NIFTY-I.NFO,08/05/2025,09:27:45,24484.2,24484.4,525,24485,3900,2925,13067175
NIFTY-I.NFO,08/05/2025,09:27:47,24487,24485.4,1050,24488,150,4275,13067175
NIFTY-I.NFO,08/05/2025,09:27:49,24486.7,24487.5,1200,24488,150,150,13067175
NIFTY-I.NFO,08/05/2025,09:27:50,24488,24487.9,525,24489,225,150,13067175
NIFTY-I.NFO,08/05/2025,09:27:52,24489,24488.9,750,24489.5,75,300,13067175
NIFTY-I.NFO,08/05/2025,09:27:54,24490,24488.9,450,24490,750,150,13067175
NIFTY-I.NFO,08/05/2025,09:27:55,24490.9,24490.1,150,24490.9,2250,1950,13067175
NIFTY-I.NFO,08/05/2025,09:27:57,24490.1,24490.1,150,24490.9,2175,150,13067175
NIFTY-I.NFO,08/05/2025,09:27:59,24490.1,24490.1,75,24490.9,2100,150,13067175
NIFTY-I.NFO,08/05/2025,09:28:00,24488.3,24488.4,375,24490.9,2100,375,13067175
NIFTY-I.NFO,08/05/2025,09:28:02,24490.1,24490,300,24490.1,150,150,13067175
NIFTY-I.NFO,08/05/2025,09:28:04,24490,24490,225,24490.1,150,75,13067175
NIFTY-I.NFO,08/05/2025,09:28:05,24490,24490,75,24490.1,150,150,13067175
NIFTY-I.NFO,08/05/2025,09:28:07,24490.1,24488.6,75,24490,150,225,13067175
NIFTY-I.NFO,08/05/2025,09:28:09,24490.1,24488.6,75,24490.7,225,0,13067175
NIFTY-I.NFO,08/05/2025,09:28:10,24488.6,24486.8,75,24488,150,150,13067175
NIFTY-I.NFO,08/05/2025,09:28:12,24489.3,24488,75,24489.3,300,225,13067175
NIFTY-I.NFO,08/05/2025,09:28:14,24486.5,24485,525,24486.5,75,1050,13067175
NIFTY-I.NFO,08/05/2025,09:28:15,24485,24485,750,24488.6,75,75,13067175
NIFTY-I.NFO,08/05/2025,09:28:17,24485,24485,150,24488.6,150,375,13067175
NIFTY-I.NFO,08/05/2025,09:28:19,24484.8,24484.8,300,24490,75,375,13067175
NIFTY-I.NFO,08/05/2025,09:28:20,24484.8,24486.7,75,24490,75,0,13067175
NIFTY-I.NFO,08/05/2025,09:28:22,24486.6,24487.1,525,24489.9,900,75,13067175
NIFTY-I.NFO,08/05/2025,09:28:24,24489.9,24487.3,525,24489.8,75,75,13067175
NIFTY-I.NFO,08/05/2025,09:28:25,24489.9,24488.2,75,24489.9,750,225,13067175
NIFTY-I.NFO,08/05/2025,09:28:27,24489.9,24488.9,75,24489.9,300,525,13067175
NIFTY-I.NFO,08/05/2025,09:28:29,24488.9,24488.8,150,24489.9,300,75,13067175
NIFTY-I.NFO,08/05/2025,09:28:30,24489.9,24488.8,75,24489.9,225,150,13067175
NIFTY-I.NFO,08/05/2025,09:28:32,24488.5,24488.2,150,24488.5,75,1500,13067175
NIFTY-I.NFO,08/05/2025,09:28:34,24489.9,24488.9,75,24490,150,75,13067175
NIFTY-I.NFO,08/05/2025,09:28:35,24488.9,24485.2,75,24488.5,150,75,13067175
NIFTY-I.NFO,08/05/2025,09:28:37,24489.9,24485.5,300,24490,150,75,13067175
NIFTY-I.NFO,08/05/2025,09:28:39,24489.9,24485.5,600,24489.9,75,0,13067175
NIFTY-I.NFO,08/05/2025,09:28:40,24489.9,24485.5,600,24489.7,75,75,13067175
NIFTY-I.NFO,08/05/2025,09:28:42,24489.9,24485.2,75,24488.3,225,0,13067175
NIFTY-I.NFO,08/05/2025,09:28:44,24483,24482,75,24484,150,2700,13067175
NIFTY-I.NFO,08/05/2025,09:28:45,24482,24481.2,1500,24484.5,75,75,13067175
NIFTY-I.NFO,08/05/2025,09:28:47,24481,24480,450,24482.9,75,1650,13067175
NIFTY-I.NFO,08/05/2025,09:28:49,24480,24480,375,24481.2,675,225,13067175
NIFTY-I.NFO,08/05/2025,09:28:50,24481.2,24480,375,24481.2,525,150,13067175
NIFTY-I.NFO,08/05/2025,09:28:52,24481.2,24481.2,225,24484.2,375,525,13067175
NIFTY-I.NFO,08/05/2025,09:28:54,24480,24480,300,24481,150,525,13067175
NIFTY-I.NFO,08/05/2025,09:28:55,24485,24481.1,75,24485.2,150,150,13067175
NIFTY-I.NFO,08/05/2025,09:28:57,24481.2,24481.3,75,24484.2,75,75,13067175
NIFTY-I.NFO,08/05/2025,09:28:59,24480,24479,75,24480,150,450,13067175
NIFTY-I.NFO,08/05/2025,09:29:00,24475.9,24475,825,24477.5,75,600,13067175
NIFTY-I.NFO,08/05/2025,09:29:02,24472,24472,375,24474,150,1275,13067175
NIFTY-I.NFO,08/05/2025,09:29:04,24471,24471,375,24472,75,600,13067175
NIFTY-I.NFO,08/05/2025,09:29:05,24470.7,24470.1,225,24475.1,75,300,13067175
NIFTY-I.NFO,08/05/2025,09:29:07,24477.2,24472,900,24477.4,300,300,13067175
NIFTY-I.NFO,08/05/2025,09:29:09,24471.2,24470.1,225,24475.6,75,300,13067175
NIFTY-I.NFO,08/05/2025,09:29:10,24472.9,24473.1,675,24475.6,75,75,13067175
NIFTY-I.NFO,08/05/2025,09:29:12,24473.1,24473.1,300,24478.1,300,2250,13067175
NIFTY-I.NFO,08/05/2025,09:29:14,24473.1,24473.1,300,24476.2,75,0,13067175
NIFTY-I.NFO,08/05/2025,09:29:15,24473.1,24473.1,525,24476.4,75,75,13067175
NIFTY-I.NFO,08/05/2025,09:29:17,24473.1,24473.1,225,24475.5,150,150,13067175
NIFTY-I.NFO,08/05/2025,09:29:19,24472,24472,75,24472.6,225,375,13067175
NIFTY-I.NFO,08/05/2025,09:29:20,24470.1,24470,600,24470.1,75,675,13067175
NIFTY-I.NFO,08/05/2025,09:29:22,24471.5,24470.1,1050,24473.1,75,75,13067175
NIFTY-I.NFO,08/05/2025,09:29:24,24473.1,24470.1,75,24474.1,75,75,13067175
NIFTY-I.NFO,08/05/2025,09:29:25,24470.1,24470.1,75,24474.1,75,150,13067175
NIFTY-I.NFO,08/05/2025,09:29:27,24470,24470.1,1050,24475.2,75,1050,13067175
NIFTY-I.NFO,08/05/2025,09:29:29,24470.1,24469.5,750,24473,75,375,13067175
NIFTY-I.NFO,08/05/2025,09:29:30,24473,24469.2,750,24473,75,225,13067175
NIFTY-I.NFO,08/05/2025,09:29:32,24471.2,24469.4,975,24473.7,75,450,13067175
NIFTY-I.NFO,08/05/2025,09:29:34,24470,24470.6,675,24475,150,225,13067175
NIFTY-I.NFO,08/05/2025,09:29:35,24475,24469.6,375,24475.6,75,1575,13067175
NIFTY-I.NFO,08/05/2025,09:29:37,24475,24468.7,375,24474,75,0,13067175
NIFTY-I.NFO,08/05/2025,09:29:39,24475,24469,975,24474,75,0,13067175
NIFTY-I.NFO,08/05/2025,09:29:40,24475,24470,75,24472.6,75,0,13067175
NIFTY-I.NFO,08/05/2025,09:29:42,24466.9,24467.1,300,24469.1,225,2775,13067175
NIFTY-I.NFO,08/05/2025,09:29:44,24474.7,24469.1,825,24474.8,75,225,13067175
NIFTY-I.NFO,08/05/2025,09:29:45,24467.6,24467.7,375,24473.6,300,1725,13067175
NIFTY-I.NFO,08/05/2025,09:29:47,24469.6,24468.6,150,24472.3,225,1275,13067175
NIFTY-I.NFO,08/05/2025,09:29:49,24474,24466,150,24471.8,225,1575,13067175
NIFTY-I.NFO,08/05/2025,09:29:51,24471.9,24468,300,24471.8,75,1500,13067175
NIFTY-I.NFO,08/05/2025,09:29:52,24471.9,24468,300,24472.8,300,0,13067175
NIFTY-I.NFO,08/05/2025,09:29:54,24472.5,24468.1,75,24473,75,75,13067175
NIFTY-I.NFO,08/05/2025,09:29:56,24468.1,24468,300,24473,75,150,13067175
NIFTY-I.NFO,08/05/2025,09:29:57,24468,24468,150,24472.9,375,150,13067175
NIFTY-I.NFO,08/05/2025,09:29:59,24468,24468,75,24472.2,75,75,13067175
NIFTY-I.NFO,08/05/2025,09:30:01,24473,24467,300,24472,75,225,13067175
NIFTY-I.NFO,08/05/2025,09:30:02,24467,24467,225,24471,75,75,13067175
NIFTY-I.NFO,08/05/2025,09:30:04,24472,24468.3,1350,24473.8,75,300,13067175
NIFTY-I.NFO,08/05/2025,09:30:06,24470.7,24466,1425,24470.1,75,750,13067175
NIFTY-I.NFO,08/05/2025,09:30:07,24468,24466,675,24468.3,75,75,13067175
NIFTY-I.NFO,08/05/2025,09:30:09,24468.5,24466,1050,24468.3,75,600,13067175
NIFTY-I.NFO,08/05/2025,09:30:11,24465,24465.1,150,24468.4,75,1800,13067175
NIFTY-I.NFO,08/05/2025,09:30:12,24468.9,24465.5,75,24468.9,75,225,13067175
NIFTY-I.NFO,08/05/2025,09:30:14,24465,24465,4950,24468.5,75,1350,13067175
NIFTY-I.NFO,08/05/2025,09:30:16,24468,24465.1,525,24468.4,75,225,13067175
NIFTY-I.NFO,08/05/2025,09:30:17,24465.1,24465.1,300,24468.5,75,225,13067175
NIFTY-I.NFO,08/05/2025,09:30:19,24468.3,24465,4350,24468,900,750,13067175
NIFTY-I.NFO,08/05/2025,09:30:21,24465,24465,2775,24465.1,300,1800,13067175
NIFTY-I.NFO,08/05/2025,09:30:22,24463,24462.7,375,24464.1,300,3600,13067175
NIFTY-I.NFO,08/05/2025,09:30:24,24461,24461,1500,24462.3,75,450,13067175
NIFTY-I.NFO,08/05/2025,09:30:26,24460,24460,2250,24460.3,225,4725,13067175
NIFTY-I.NFO,08/05/2025,09:30:27,24460.2,24458,1350,24462.3,75,4200,13048200
NIFTY-I.NFO,08/05/2025,09:30:29,24460,24458.5,1350,24462.3,75,375,13048200
NIFTY-I.NFO,08/05/2025,09:30:31,24458.7,24458,675,24460,75,225,13048200
NIFTY-I.NFO,08/05/2025,09:30:32,24458.1,24457.9,225,24460,600,1200,13048200
NIFTY-I.NFO,08/05/2025,09:30:34,24459.7,24459.7,150,24460,525,300,13048200
NIFTY-I.NFO,08/05/2025,09:30:36,24456,24458,75,24458.2,150,1575,13048200
NIFTY-I.NFO,08/05/2025,09:30:37,24457.5,24456,2250,24457.5,75,1350,13048200
NIFTY-I.NFO,08/05/2025,09:30:39,24456,24456.6,900,24461.9,150,2325,13048200
NIFTY-I.NFO,08/05/2025,09:30:41,24456,24456.1,150,24460,375,375,13048200
NIFTY-I.NFO,08/05/2025,09:30:42,24457.5,24457.5,225,24458.8,150,900,13048200
NIFTY-I.NFO,08/05/2025,09:30:44,24456,24456,750,24460.3,225,1275,13048200
NIFTY-I.NFO,08/05/2025,09:30:46,24456,24456,1275,24460.2,75,375,13048200
NIFTY-I.NFO,08/05/2025,09:30:47,24456.4,24455.4,300,24460.2,225,1800,13048200
NIFTY-I.NFO,08/05/2025,09:30:49,24460.4,24455,3825,24456,75,600,13048200
NIFTY-I.NFO,08/05/2025,09:30:51,24456,24455.5,825,24459.8,75,375,13048200
NIFTY-I.NFO,08/05/2025,09:30:52,24455.5,24455.5,75,24459.8,75,300,13048200
NIFTY-I.NFO,08/05/2025,09:30:54,24455.1,24456,300,24459.8,900,225,13048200
NIFTY-I.NFO,08/05/2025,09:30:56,24456.4,24456.5,450,24459.8,825,300,13048200
NIFTY-I.NFO,08/05/2025,09:30:57,24459.8,24458.8,75,24459.8,750,75,13048200
NIFTY-I.NFO,08/05/2025,09:30:59,24457.1,24457.2,450,24459.8,525,600,13048200
NIFTY-I.NFO,08/05/2025,09:31:01,24460.4,24459.3,975,24461.4,75,750,13048200
NIFTY-I.NFO,08/05/2025,09:31:02,24459.8,24456.5,900,24460.4,150,900,13048200
NIFTY-I.NFO,08/05/2025,09:31:04,24456,24455,3150,24460.4,150,1275,13048200
NIFTY-I.NFO,08/05/2025,09:31:06,24459.8,24455,3075,24460.2,75,300,13048200
NIFTY-I.NFO,08/05/2025,09:31:07,24456.4,24456,75,24459.8,75,450,13048200
NIFTY-I.NFO,08/05/2025,09:31:09,24459.8,24456.2,1050,24459.8,75,150,13048200
NIFTY-I.NFO,08/05/2025,09:31:11,24457.5,24457.5,300,24459.8,1125,300,13048200
NIFTY-I.NFO,08/05/2025,09:31:12,24459.8,24457,1725,24459.8,1125,150,13048200
NIFTY-I.NFO,08/05/2025,09:31:14,24458,24458,75,24459.8,975,375,13048200
NIFTY-I.NFO,08/05/2025,09:31:16,24461,24460.1,1125,24464,75,3825,13048200
NIFTY-I.NFO,08/05/2025,09:31:17,24464,24460,300,24464.9,300,5400,13048200
NIFTY-I.NFO,08/05/2025,09:31:19,24460,24460,750,24460.1,75,525,13048200
NIFTY-I.NFO,08/05/2025,09:31:21,24460,24460.1,75,24463.7,75,150,13048200
NIFTY-I.NFO,08/05/2025,09:31:22,24464.3,24464.1,75,24464.4,75,150,13048200
NIFTY-I.NFO,08/05/2025,09:31:24,24460.1,24460.1,1125,24462,75,300,13048200
NIFTY-I.NFO,08/05/2025,09:31:26,24460.1,24460.1,450,24464,75,75,13048200
NIFTY-I.NFO,08/05/2025,09:31:27,24460.1,24460,375,24464,150,225,13048200
NIFTY-I.NFO,08/05/2025,09:31:29,24460,24460.1,825,24463.6,75,450,13048200
NIFTY-I.NFO,08/05/2025,09:31:31,24464.6,24460.1,600,24464.5,150,300,13048200
NIFTY-I.NFO,08/05/2025,09:31:32,24460.1,24460,825,24464.8,75,300,13048200
NIFTY-I.NFO,08/05/2025,09:31:34,24460.1,24461,75,24464.5,450,0,13048200
NIFTY-I.NFO,08/05/2025,09:31:36,24460,24459.8,975,24460,75,750,13048200
NIFTY-I.NFO,08/05/2025,09:31:37,24463,24459.8,75,24463.5,150,150,13048200
NIFTY-I.NFO,08/05/2025,09:31:39,24461,24461,2325,24464,75,150,13048200
NIFTY-I.NFO,08/05/2025,09:31:41,24464,24461,1725,24464.4,75,75,13048200
NIFTY-I.NFO,08/05/2025,09:31:42,24461,24461,1650,24464.4,75,225,13048200
NIFTY-I.NFO,08/05/2025,09:31:44,24464.6,24460,1050,24461,150,3825,13048200
NIFTY-I.NFO,08/05/2025,09:31:46,24464,24460,300,24464.2,450,300,13048200
NIFTY-I.NFO,08/05/2025,09:31:47,24460,24460.1,1050,24465,600,300,13048200
NIFTY-I.NFO,08/05/2025,09:31:49,24460,24461,75,24465,600,0,13048200
NIFTY-I.NFO,08/05/2025,09:31:51,24460,24461,75,24464,75,0,13048200
NIFTY-I.NFO,08/05/2025,09:31:52,24463,24463,450,24464,75,150,13048200
NIFTY-I.NFO,08/05/2025,09:31:54,24464,24463,450,24465,600,75,13048200
NIFTY-I.NFO,08/05/2025,09:31:56,24463,24463,375,24464,75,75,13048200
NIFTY-I.NFO,08/05/2025,09:31:57,24463,24463,225,24464,75,150,13048200
NIFTY-I.NFO,08/05/2025,09:31:59,24462.5,24460,1425,24462.5,75,450,13048200
NIFTY-I.NFO,08/05/2025,09:32:01,24464.9,24460.1,75,24463,75,225,13048200
NIFTY-I.NFO,08/05/2025,09:32:02,24460,24460,750,24462.9,150,225,13048200
NIFTY-I.NFO,08/05/2025,09:32:04,24460,24460,150,24461.9,225,675,13048200
NIFTY-I.NFO,08/05/2025,09:32:06,24456.9,24456,1350,24459.6,75,1350,13048200
NIFTY-I.NFO,08/05/2025,09:32:07,24456,24456.9,450,24460,1800,75,13048200
NIFTY-I.NFO,08/05/2025,09:32:09,24456,24457.3,75,24460,1800,0,13048200
NIFTY-I.NFO,08/05/2025,09:32:11,24458,24458.2,1050,24459.8,150,300,13048200
NIFTY-I.NFO,08/05/2025,09:32:12,24457.9,24457.2,600,24460,975,1050,13048200
NIFTY-I.NFO,08/05/2025,09:32:14,24458,24457.6,525,24460,975,150,13048200
NIFTY-I.NFO,08/05/2025,09:32:16,24457.6,24457,525,24460,1050,75,13048200
NIFTY-I.NFO,08/05/2025,09:32:17,24457,24458,75,24460,900,375,13048200
NIFTY-I.NFO,08/05/2025,09:32:19,24458,24457,900,24460,750,150,13048200
NIFTY-I.NFO,08/05/2025,09:32:21,24457,24457,375,24460,750,75,13048200
NIFTY-I.NFO,08/05/2025,09:32:22,24460,24457,375,24460,675,150,13048200
NIFTY-I.NFO,08/05/2025,09:32:24,24459.8,24457,300,24459.8,75,450,13048200
NIFTY-I.NFO,08/05/2025,09:32:26,24458,24457,300,24459.5,375,150,13048200
NIFTY-I.NFO,08/05/2025,09:32:27,24457,24457,75,24459.5,150,225,13048200
NIFTY-I.NFO,08/05/2025,09:32:29,24455,24455,300,24459.5,225,1500,13048200
NIFTY-I.NFO,08/05/2025,09:32:31,24456.3,24456,75,24460,375,825,13048200
NIFTY-I.NFO,08/05/2025,09:32:32,24455,24455.1,450,24459.9,150,150,13048200
NIFTY-I.NFO,08/05/2025,09:32:34,24455,24455,450,24457,75,225,13048200
NIFTY-I.NFO,08/05/2025,09:32:36,24455,24455.1,450,24457,75,75,13048200
NIFTY-I.NFO,08/05/2025,09:32:37,24457,24457,150,24459.1,225,75,13048200
NIFTY-I.NFO,08/05/2025,09:32:39,24457,24455.1,675,24458.7,75,150,13048200
NIFTY-I.NFO,08/05/2025,09:32:41,24460,24455.4,1275,24460,600,525,13048200
NIFTY-I.NFO,08/05/2025,09:32:42,24459.1,24455.4,1050,24460,525,225,13048200
NIFTY-I.NFO,08/05/2025,09:32:44,24455.4,24455.4,450,24460,525,150,13048200
NIFTY-I.NFO,08/05/2025,09:32:46,24455.4,24455.4,1125,24458,75,75,13048200
NIFTY-I.NFO,08/05/2025,09:32:47,24460,24455.5,375,24460,300,825,13048200
NIFTY-I.NFO,08/05/2025,09:32:49,24455.4,24455.1,150,24459,75,75,13048200
NIFTY-I.NFO,08/05/2025,09:32:51,24456,24455,75,24456,75,1125,13048200
NIFTY-I.NFO,08/05/2025,09:32:52,24454.2,24454,150,24455.1,75,300,13048200
NIFTY-I.NFO,08/05/2025,09:32:54,24456,24454,75,24456.2,150,150,13048200
NIFTY-I.NFO,08/05/2025,09:32:56,24452.5,24452.3,75,24455,300,1725,13048200
NIFTY-I.NFO,08/05/2025,09:32:57,24453.4,24453.2,300,24455,150,450,13048200
NIFTY-I.NFO,08/05/2025,09:32:59,24453.4,24453.4,975,24455,150,375,13048200
NIFTY-I.NFO,08/05/2025,09:33:01,24455,24454.2,675,24457,375,600,13048200
NIFTY-I.NFO,08/05/2025,09:33:02,24454.2,24453.6,1275,24457,375,525,13048200
NIFTY-I.NFO,08/05/2025,09:33:04,24455,24455,150,24457,300,300,13048200
NIFTY-I.NFO,08/05/2025,09:33:06,24456,24455,225,24456,75,225,13048200
NIFTY-I.NFO,08/05/2025,09:33:07,24455,24453,75,24454.6,75,300,13048200
NIFTY-I.NFO,08/05/2025,09:33:09,24452,24452,300,24452.3,300,1275,13048200
NIFTY-I.NFO,08/05/2025,09:33:11,24451.1,24451,1950,24451.5,75,2475,13048200
NIFTY-I.NFO,08/05/2025,09:33:12,24451,24451,1875,24451.5,75,150,13048200
NIFTY-I.NFO,08/05/2025,09:33:14,24451.6,24451.3,750,24452,75,300,13048200
NIFTY-I.NFO,08/05/2025,09:33:16,24451.4,24451.1,975,24455.8,75,2250,13048200
NIFTY-I.NFO,08/05/2025,09:33:17,24452,24452,1125,24455.8,150,300,13048200
NIFTY-I.NFO,08/05/2025,09:33:19,24452.1,24452.2,975,24455,75,150,13048200
NIFTY-I.NFO,08/05/2025,09:33:21,24452,24452.8,75,24455,150,75,13048200
NIFTY-I.NFO,08/05/2025,09:33:22,24454.1,24455,75,24455.7,150,225,13048200
NIFTY-I.NFO,08/05/2025,09:33:24,24454.1,24454.1,1350,24456.3,150,525,13048200
NIFTY-I.NFO,08/05/2025,09:33:26,24455,24454.3,675,24456.3,75,225,13048200
NIFTY-I.NFO,08/05/2025,09:33:27,24454.3,24454.3,150,24457,300,825,13044150
NIFTY-I.NFO,08/05/2025,09:33:29,24456,24454.4,675,24457,300,225,13044150
NIFTY-I.NFO,08/05/2025,09:33:31,24456,24454.4,675,24457,300,0,13044150
NIFTY-I.NFO,08/05/2025,09:33:32,24455,24454,375,24455,75,300,13044150
NIFTY-I.NFO,08/05/2025,09:33:34,24454,24454,75,24455,75,300,13044150
NIFTY-I.NFO,08/05/2025,09:33:36,24455,24455.1,75,24456,75,75,13044150
NIFTY-I.NFO,08/05/2025,09:33:37,24457,24455.1,675,24458,75,225,13044150
NIFTY-I.NFO,08/05/2025,09:33:39,24456,24456,75,24458,75,75,13044150
NIFTY-I.NFO,08/05/2025,09:33:41,24456,24455,225,24458,75,150,13044150
NIFTY-I.NFO,08/05/2025,09:33:42,24458.5,24455,825,24458.6,75,225,13044150
NIFTY-I.NFO,08/05/2025,09:33:44,24459.4,24456,75,24459.3,75,225,13044150
NIFTY-I.NFO,08/05/2025,09:33:46,24459.4,24456,150,24459.4,75,225,13044150
NIFTY-I.NFO,08/05/2025,09:33:47,24458.5,24458,75,24458.6,150,450,13044150
NIFTY-I.NFO,08/05/2025,09:33:49,24458,24458,75,24459.5,150,525,13044150
NIFTY-I.NFO,08/05/2025,09:33:51,24458,24455,225,24457.6,75,375,13044150
NIFTY-I.NFO,08/05/2025,09:33:52,24455.1,24455.1,525,24458.7,150,75,13044150
NIFTY-I.NFO,08/05/2025,09:33:54,24455.1,24455.1,825,24458.7,150,0,13044150
NIFTY-I.NFO,08/05/2025,09:33:56,24458.7,24455.1,1125,24458.9,150,75,13044150
NIFTY-I.NFO,08/05/2025,09:33:57,24455.1,24455.1,75,24457.6,75,450,13044150
NIFTY-I.NFO,08/05/2025,09:33:59,24457.6,24455.1,75,24457.6,150,150,13044150
NIFTY-I.NFO,08/05/2025,09:34:01,24455.2,24455,375,24455.1,75,750,13044150
NIFTY-I.NFO,08/05/2025,09:34:02,24461.6,24456.3,975,24461.8,75,4050,13044150
NIFTY-I.NFO,08/05/2025,09:34:04,24461.4,24460,75,24463,300,225,13044150
NIFTY-I.NFO,08/05/2025,09:34:06,24462,24457.8,300,24462.9,225,225,13044150
NIFTY-I.NFO,08/05/2025,09:34:07,24462,24456.9,300,24459.5,225,0,13044150
NIFTY-I.NFO,08/05/2025,09:34:09,24459.5,24458,75,24460,75,225,13044150
NIFTY-I.NFO,08/05/2025,09:34:11,24457.6,24455.6,900,24459.9,75,300,13044150
NIFTY-I.NFO,08/05/2025,09:34:13,24459.9,24455.1,75,24460.2,150,75,13044150
NIFTY-I.NFO,08/05/2025,09:34:14,24459.5,24455.9,300,24460.7,75,150,13044150
NIFTY-I.NFO,08/05/2025,09:34:16,24458.9,24455.1,75,24459.1,150,750,13044150
NIFTY-I.NFO,08/05/2025,09:34:18,24455.3,24455.8,75,24460.2,75,300,13044150
NIFTY-I.NFO,08/05/2025,09:34:19,24456.4,24456.4,975,24459.1,75,150,13044150
NIFTY-I.NFO,08/05/2025,09:34:21,24459.1,24455.2,75,24460.4,150,75,13044150
NIFTY-I.NFO,08/05/2025,09:34:23,24455.1,24455,825,24457.6,150,150,13044150
NIFTY-I.NFO,08/05/2025,09:34:24,24457.2,24455.2,75,24457.5,150,450,13044150
NIFTY-I.NFO,08/05/2025,09:34:26,24457.5,24455,825,24457.5,75,150,13044150
NIFTY-I.NFO,08/05/2025,09:34:28,24454.9,24454.5,75,24455,825,900,13044150
NIFTY-I.NFO,08/05/2025,09:34:29,24455,24454.4,450,24455,675,225,13044150
NIFTY-I.NFO,08/05/2025,09:34:31,24454,24454,975,24454.9,75,450,13044150
NIFTY-I.NFO,08/05/2025,09:34:33,24457.2,24454.9,1050,24460,75,1575,13044150
NIFTY-I.NFO,08/05/2025,09:34:34,24457.2,24454,1350,24458.2,150,0,13044150
NIFTY-I.NFO,08/05/2025,09:34:36,24457.2,24455,75,24457.2,150,0,13044150
NIFTY-I.NFO,08/05/2025,09:34:38,24455,24454,450,24454.7,75,75,13044150
NIFTY-I.NFO,08/05/2025,09:34:39,24454,24454,75,24455.6,150,375,13044150
NIFTY-I.NFO,08/05/2025,09:34:41,24455,24454,825,24455.3,225,150,13044150
NIFTY-I.NFO,08/05/2025,09:34:43,24453.2,24452,375,24453.4,225,1650,13044150
NIFTY-I.NFO,08/05/2025,09:34:44,24454,24452,1275,24454.4,150,375,13044150
NIFTY-I.NFO,08/05/2025,09:34:46,24452,24452,225,24455.4,150,225,13044150
NIFTY-I.NFO,08/05/2025,09:34:48,24453.2,24452,225,24455.1,150,300,13044150
NIFTY-I.NFO,08/05/2025,09:34:49,24452,24452,375,24454.2,150,75,13044150
NIFTY-I.NFO,08/05/2025,09:34:51,24453.7,24452,225,24453.9,150,450,13044150
NIFTY-I.NFO,08/05/2025,09:34:53,24455.1,24452,2925,24455.1,225,375,13044150
NIFTY-I.NFO,08/05/2025,09:34:54,24452.3,24452,1800,24455.1,225,75,13044150
NIFTY-I.NFO,08/05/2025,09:34:56,24455,24453.8,75,24454.9,150,150,13044150
NIFTY-I.NFO,08/05/2025,09:34:58,24454.9,24454.4,75,24454.8,150,75,13044150
NIFTY-I.NFO,08/05/2025,09:34:59,24454.4,24453.8,75,24454.8,150,225,13044150
NIFTY-I.NFO,08/05/2025,09:35:01,24455,24453.4,75,24455,1575,1200,13044150
NIFTY-I.NFO,08/05/2025,09:35:03,24455,24454.9,75,24455,1275,525,13044150
NIFTY-I.NFO,08/05/2025,09:35:04,24455,24454.9,75,24455,750,525,13044150
NIFTY-I.NFO,08/05/2025,09:35:06,24454.8,24454.4,150,24455,600,300,13044150
NIFTY-I.NFO,08/05/2025,09:35:07,24452.3,24453.3,600,24455,375,5325,13044150
NIFTY-I.NFO,08/05/2025,09:35:09,24455,24454,75,24455,600,150,13044150
NIFTY-I.NFO,08/05/2025,09:35:11,24455,24454.3,75,24455,525,75,13044150
NIFTY-I.NFO,08/05/2025,09:35:12,24455,24454.2,600,24455,450,225,13044150
NIFTY-I.NFO,08/05/2025,09:35:14,24454.4,24454.2,375,24455,450,75,13044150
NIFTY-I.NFO,08/05/2025,09:35:16,24455.5,24455.4,225,24458.9,150,975,13044150
NIFTY-I.NFO,08/05/2025,09:35:17,24455.4,24454.7,75,24456.3,150,225,13044150
NIFTY-I.NFO,08/05/2025,09:35:19,24457.7,24454.4,75,24456.8,150,375,13044150
NIFTY-I.NFO,08/05/2025,09:35:21,24455.2,24455.5,75,24456.6,150,75,13044150
NIFTY-I.NFO,08/05/2025,09:35:22,24454.7,24452.2,150,24455.2,75,900,13044150
NIFTY-I.NFO,08/05/2025,09:35:24,24452.8,24453.6,900,24456.1,150,75,13044150
NIFTY-I.NFO,08/05/2025,09:35:26,24455.2,24454,375,24456.1,150,225,13044150
NIFTY-I.NFO,08/05/2025,09:35:27,24454.1,24454.1,150,24455,1650,450,13044150
NIFTY-I.NFO,08/05/2025,09:35:29,24455,24453.6,75,24455,1350,525,13044150
NIFTY-I.NFO,08/05/2025,09:35:31,24455,24454.8,375,24455,1575,450,13044150
NIFTY-I.NFO,08/05/2025,09:35:32,24455,24454.7,150,24455,1575,300,13044150
NIFTY-I.NFO,08/05/2025,09:35:34,24455,24454.5,75,24455,75,1500,13044150
NIFTY-I.NFO,08/05/2025,09:35:36,24457,24455.2,150,24457.9,150,525,13044150
NIFTY-I.NFO,08/05/2025,09:35:37,24458.4,24455,150,24458,75,525,13044150
NIFTY-I.NFO,08/05/2025,09:35:39,24458,24454.3,975,24458,75,300,13044150
NIFTY-I.NFO,08/05/2025,09:35:41,24455,24454.4,225,24458,525,150,13044150
NIFTY-I.NFO,08/05/2025,09:35:42,24458,24455,225,24458,375,150,13044150
NIFTY-I.NFO,08/05/2025,09:35:44,24457.5,24455,225,24458,300,150,13044150
NIFTY-I.NFO,08/05/2025,09:35:46,24454.5,24453,75,24454.7,75,1275,13044150
NIFTY-I.NFO,08/05/2025,09:35:47,24455,24452,1875,24455,225,525,13044150
NIFTY-I.NFO,08/05/2025,09:35:49,24455,24452.3,75,24454.9,75,225,13044150
NIFTY-I.NFO,08/05/2025,09:35:51,24455,24452,1800,24455,1875,675,13044150
NIFTY-I.NFO,08/05/2025,09:35:52,24455,24452,1875,24455,1725,150,13044150
NIFTY-I.NFO,08/05/2025,09:35:56,24452,24452,1950,24455,1800,75,13044150
NIFTY-I.NFO,08/05/2025,09:35:57,24455,24452.3,600,24455,1575,300,13044150
NIFTY-I.NFO,08/05/2025,09:35:59,24455,24452.8,375,24455,1275,375,13044150
NIFTY-I.NFO,08/05/2025,09:36:01,24455,24454.9,450,24455,1050,600,13044150
NIFTY-I.NFO,08/05/2025,09:36:02,24455,24454.9,375,24455,900,300,13044150
NIFTY-I.NFO,08/05/2025,09:36:04,24454.8,24453.2,75,24455,825,675,13044150
NIFTY-I.NFO,08/05/2025,09:36:06,24455,24452,1950,24455,525,375,13044150
NIFTY-I.NFO,08/05/2025,09:36:07,24455,24454,75,24455,225,300,13044150
NIFTY-I.NFO,08/05/2025,09:36:09,24453.6,24452.1,75,24453.6,375,300,13044150
NIFTY-I.NFO,08/05/2025,09:36:11,24453.6,24452.3,75,24453.6,525,450,13044150
NIFTY-I.NFO,08/05/2025,09:36:12,24453.6,24452.9,75,24453.6,450,75,13044150
NIFTY-I.NFO,08/05/2025,09:36:14,24453.6,24452.4,75,24453.6,300,525,13044150
NIFTY-I.NFO,08/05/2025,09:36:16,24453.6,24453.3,75,24453.6,300,0,13044150
NIFTY-I.NFO,08/05/2025,09:36:17,24453.1,24453.1,675,24453.6,225,900,13044150
NIFTY-I.NFO,08/05/2025,09:36:19,24453.1,24453,75,24453.6,225,75,13044150
NIFTY-I.NFO,08/05/2025,09:36:21,24453.6,24454,975,24456.4,150,600,13044150
NIFTY-I.NFO,08/05/2025,09:36:22,24458.6,24454.8,225,24458.7,225,525,13044150
NIFTY-I.NFO,08/05/2025,09:36:24,24458.9,24455.1,375,24458.9,150,225,13044150
NIFTY-I.NFO,08/05/2025,09:36:26,24459.9,24455.8,375,24460,600,825,13044150
NIFTY-I.NFO,08/05/2025,09:36:27,24459.9,24455.3,225,24459.5,300,0,13044150
NIFTY-I.NFO,08/05/2025,09:36:29,24459.9,24456.5,225,24459,225,0,13044150
NIFTY-I.NFO,08/05/2025,09:36:31,24455.7,24454.1,75,24456.3,300,750,13033500
NIFTY-I.NFO,08/05/2025,09:36:32,24454.1,24454,75,24456.7,225,150,13033500
NIFTY-I.NFO,08/05/2025,09:36:34,24454.1,24454,75,24457.3,225,0,13033500
NIFTY-I.NFO,08/05/2025,09:36:36,24458.3,24453.6,75,24455,1650,2025,13033500
NIFTY-I.NFO,08/05/2025,09:36:37,24455,24453.6,75,24455,1350,300,13033500
NIFTY-I.NFO,08/05/2025,09:36:39,24455,24454.1,75,24455,1275,75,13033500
NIFTY-I.NFO,08/05/2025,09:36:41,24454.1,24454,150,24454.1,300,150,13033500
NIFTY-I.NFO,08/05/2025,09:36:42,24454.1,24454,150,24455,150,2025,13033500
NIFTY-I.NFO,08/05/2025,09:36:44,24452,24452,1200,24453.2,75,1500,13033500
NIFTY-I.NFO,08/05/2025,09:36:46,24452,24454,75,24456.1,75,0,13033500
NIFTY-I.NFO,08/05/2025,09:36:47,24454,24452.2,675,24453.6,75,300,13033500
NIFTY-I.NFO,08/05/2025,09:36:49,24452.3,24452.1,75,24454,150,150,13033500
NIFTY-I.NFO,08/05/2025,09:36:51,24454.2,24454.2,900,24455.6,75,525,13033500
NIFTY-I.NFO,08/05/2025,09:36:52,24454.2,24452,1350,24453.7,75,975,13033500
NIFTY-I.NFO,08/05/2025,09:36:54,24454.2,24452,1350,24454.3,225,0,13033500
NIFTY-I.NFO,08/05/2025,09:36:56,24455,24452.2,75,24455.7,150,150,13033500
NIFTY-I.NFO,08/05/2025,09:36:57,24452.4,24452.4,75,24454.6,150,150,13033500
NIFTY-I.NFO,08/05/2025,09:36:59,24454.6,24452.3,75,24455,1800,75,13033500
NIFTY-I.NFO,08/05/2025,09:37:01,24455,24453.2,75,24455,1500,375,13033500
NIFTY-I.NFO,08/05/2025,09:37:02,24455,24455.2,75,24456.4,300,1575,13033500
NIFTY-I.NFO,08/05/2025,09:37:04,24455,24455,600,24455.3,150,675,13033500
NIFTY-I.NFO,08/05/2025,09:37:06,24455,24452.8,225,24455,975,675,13033500
NIFTY-I.NFO,08/05/2025,09:37:07,24455,24452.9,375,24455,600,375,13033500
NIFTY-I.NFO,08/05/2025,09:37:09,24455,24456.2,150,24456.4,300,600,13033500
NIFTY-I.NFO,08/05/2025,09:37:11,24456,24452.9,375,24455.3,75,675,13033500
NIFTY-I.NFO,08/05/2025,09:37:12,24454.1,24453.1,75,24454.1,225,450,13033500
NIFTY-I.NFO,08/05/2025,09:37:14,24456.4,24455.1,225,24456.4,75,450,13033500
NIFTY-I.NFO,08/05/2025,09:37:15,24456.4,24455.3,300,24456.4,375,0,13033500
NIFTY-I.NFO,08/05/2025,09:37:17,24455.3,24455.2,75,24455.3,300,375,13033500
NIFTY-I.NFO,08/05/2025,09:37:19,24455.2,24455,525,24455.2,75,75,13033500
NIFTY-I.NFO,08/05/2025,09:37:20,24455.8,24455.9,300,24456.4,75,75,13033500
NIFTY-I.NFO,08/05/2025,09:37:22,24456,24456,150,24456.4,75,225,13033500
NIFTY-I.NFO,08/05/2025,09:37:24,24456,24456,225,24456.4,75,0,13033500
NIFTY-I.NFO,08/05/2025,09:37:25,24456.4,24456,225,24456.7,300,75,13033500
NIFTY-I.NFO,08/05/2025,09:37:27,24456.7,24456.5,225,24458.4,150,225,13033500
NIFTY-I.NFO,08/05/2025,09:37:29,24456.5,24456.5,150,24458.4,450,150,13033500
NIFTY-I.NFO,08/05/2025,09:37:30,24458.4,24456.4,75,24457.5,150,300,13033500
NIFTY-I.NFO,08/05/2025,09:37:32,24459.2,24456.4,150,24458.9,150,975,13033500
NIFTY-I.NFO,08/05/2025,09:37:34,24458,24456.9,300,24459.8,300,1050,13033500
NIFTY-I.NFO,08/05/2025,09:37:35,24461.6,24461.4,150,24461.6,150,1575,13033500
NIFTY-I.NFO,08/05/2025,09:37:37,24466,24465.7,375,24468,225,2025,13033500
NIFTY-I.NFO,08/05/2025,09:37:39,24469.9,24469.2,150,24470,75,1050,13033500
NIFTY-I.NFO,08/05/2025,09:37:40,24466.4,24463.2,375,24466.4,525,6000,13033500
NIFTY-I.NFO,08/05/2025,09:37:42,24466.4,24463.6,225,24466.3,75,0,13033500
NIFTY-I.NFO,08/05/2025,09:37:44,24466.8,24463.9,675,24468.2,150,1350,13033500
NIFTY-I.NFO,08/05/2025,09:37:45,24468.3,24466.9,150,24467.8,300,150,13033500
NIFTY-I.NFO,08/05/2025,09:37:47,24468,24466.4,150,24468.1,300,750,13033500
NIFTY-I.NFO,08/05/2025,09:37:49,24463.7,24466.4,75,24468.3,450,975,13033500
NIFTY-I.NFO,08/05/2025,09:37:50,24468.6,24466.5,75,24468.2,375,150,13033500
NIFTY-I.NFO,08/05/2025,09:37:52,24462.8,24466.5,75,24467.5,150,1350,13033500
NIFTY-I.NFO,08/05/2025,09:37:54,24466.4,24464.2,375,24466.4,750,450,13033500
NIFTY-I.NFO,08/05/2025,09:37:55,24466.4,24465.8,150,24466.4,375,375,13033500
NIFTY-I.NFO,08/05/2025,09:37:57,24466.5,24466.4,450,24466.5,375,1200,13033500
NIFTY-I.NFO,08/05/2025,09:37:59,24467.4,24467.7,75,24468,150,825,13033500
NIFTY-I.NFO,08/05/2025,09:38:00,24467.4,24468.6,75,24472,3375,2025,13033500
NIFTY-I.NFO,08/05/2025,09:38:02,24472.1,24472.1,75,24474,75,5475,13033500
NIFTY-I.NFO,08/05/2025,09:38:04,24479,24476.3,300,24479,375,975,13033500
NIFTY-I.NFO,08/05/2025,09:38:05,24478,24476.6,150,24478,75,375,13033500
NIFTY-I.NFO,08/05/2025,09:38:07,24476.5,24475.6,75,24476.4,300,675,13033500
NIFTY-I.NFO,08/05/2025,09:38:09,24471.1,24471.2,75,24472.1,825,1650,13033500
NIFTY-I.NFO,08/05/2025,09:38:10,24474.8,24473.1,300,24478.1,75,1050,13033500
NIFTY-I.NFO,08/05/2025,09:38:12,24471.1,24471.2,300,24476.3,450,1950,13033500
NIFTY-I.NFO,08/05/2025,09:38:14,24475.6,24471.2,750,24475.6,975,300,13033500
NIFTY-I.NFO,08/05/2025,09:38:15,24475,24472,75,24474.9,450,900,13033500
NIFTY-I.NFO,08/05/2025,09:38:17,24475.6,24469.8,750,24475.6,900,225,13033500
NIFTY-I.NFO,08/05/2025,09:38:19,24469.8,24469.5,150,24471,975,375,13033500
NIFTY-I.NFO,08/05/2025,09:38:20,24470,24469.5,150,24470,1425,750,13033500
NIFTY-I.NFO,08/05/2025,09:38:22,24470,24467.4,75,24470,525,1500,13033500
NIFTY-I.NFO,08/05/2025,09:38:24,24467.8,24467.9,375,24470,1350,375,13033500
NIFTY-I.NFO,08/05/2025,09:38:25,24469.9,24469.9,150,24470,1350,375,13033500
NIFTY-I.NFO,08/05/2025,09:38:27,24469.9,24469.8,150,24470,525,975,13033500
NIFTY-I.NFO,08/05/2025,09:38:29,24471,24467.8,75,24471,300,975,13033500
NIFTY-I.NFO,08/05/2025,09:38:30,24471,24470.2,75,24471,150,150,13033500
NIFTY-I.NFO,08/05/2025,09:38:32,24471.7,24470.2,75,24473,825,375,13033500
NIFTY-I.NFO,08/05/2025,09:38:34,24470,24469,75,24469.8,75,300,13033500
NIFTY-I.NFO,08/05/2025,09:38:35,24469,24466.7,150,24470.8,975,375,13033500
NIFTY-I.NFO,08/05/2025,09:38:37,24468.9,24466.7,150,24468.9,900,600,13033500
NIFTY-I.NFO,08/05/2025,09:38:39,24467.9,24466.7,150,24466.8,75,150,13033500
NIFTY-I.NFO,08/05/2025,09:38:40,24466.8,24465.2,375,24466.3,75,600,13033500
NIFTY-I.NFO,08/05/2025,09:38:42,24467.1,24465.2,375,24466.4,600,375,13033500
NIFTY-I.NFO,08/05/2025,09:38:44,24463,24461.2,150,24462.9,75,975,13033500
NIFTY-I.NFO,08/05/2025,09:38:46,24461.2,24461.2,75,24465,2925,225,13033500
NIFTY-I.NFO,08/05/2025,09:38:47,24460,24460,75,24464.7,600,975,13033500
NIFTY-I.NFO,08/05/2025,09:38:49,24458.4,24460.2,150,24464.1,150,450,13033500
NIFTY-I.NFO,08/05/2025,09:38:51,24458.4,24460.2,150,24464.9,600,0,13033500
NIFTY-I.NFO,08/05/2025,09:38:52,24465,24460.2,450,24465,2325,300,13033500
NIFTY-I.NFO,08/05/2025,09:38:54,24465,24460.2,450,24465,2400,0,13033500
NIFTY-I.NFO,08/05/2025,09:38:56,24465,24461,600,24465,600,1875,13033500
NIFTY-I.NFO,08/05/2025,09:38:57,24465,24462.7,225,24465,150,450,13033500
NIFTY-I.NFO,08/05/2025,09:38:59,24465,24465,75,24468.3,900,525,13033500
NIFTY-I.NFO,08/05/2025,09:39:01,24466.4,24462.2,75,24464.8,75,525,13033500
NIFTY-I.NFO,08/05/2025,09:39:02,24462.2,24462.1,75,24463.8,900,75,13033500
NIFTY-I.NFO,08/05/2025,09:39:04,24462.1,24460.2,375,24464.3,600,150,13033500
NIFTY-I.NFO,08/05/2025,09:39:06,24460.2,24460.2,150,24462.1,600,225,13033500
NIFTY-I.NFO,08/05/2025,09:39:07,24462.2,24460,450,24462.2,450,1800,13033500
NIFTY-I.NFO,08/05/2025,09:39:09,24462.2,24460,525,24462.2,225,0,13033500
NIFTY-I.NFO,08/05/2025,09:39:11,24462.2,24460.2,75,24462.2,225,0,13033500
NIFTY-I.NFO,08/05/2025,09:39:12,24464,24460.2,75,24464,75,1575,13033500
NIFTY-I.NFO,08/05/2025,09:39:14,24462,24462.1,75,24466.3,1275,525,13033500
NIFTY-I.NFO,08/05/2025,09:39:16,24466.1,24462.2,75,24465.9,525,75,13033500
NIFTY-I.NFO,08/05/2025,09:39:17,24465.9,24462.2,150,24466,75,150,13033500
NIFTY-I.NFO,08/05/2025,09:39:19,24463.4,24463.4,300,24466,75,75,13033500
NIFTY-I.NFO,08/05/2025,09:39:21,24463.4,24462.8,150,24466,75,75,13033500
NIFTY-I.NFO,08/05/2025,09:39:22,24466,24466,75,24468.8,375,75,13033500
NIFTY-I.NFO,08/05/2025,09:39:24,24466,24464,150,24466,300,450,13033500
NIFTY-I.NFO,08/05/2025,09:39:26,24466,24463.4,75,24466,225,75,13033500
NIFTY-I.NFO,08/05/2025,09:39:27,24465,24463.4,1125,24465,75,75,13024575
NIFTY-I.NFO,08/05/2025,09:39:29,24465,24463.5,75,24463.6,900,0,13024575
NIFTY-I.NFO,08/05/2025,09:39:31,24463.6,24463.4,1125,24463.6,825,150,13024575
NIFTY-I.NFO,08/05/2025,09:39:32,24463.6,24463.5,75,24463.6,525,600,13024575
NIFTY-I.NFO,08/05/2025,09:39:34,24463.5,24463.5,75,24463.6,375,600,13024575
NIFTY-I.NFO,08/05/2025,09:39:36,24463.6,24463.6,1050,24463.7,75,675,13024575
NIFTY-I.NFO,08/05/2025,09:39:37,24463.6,24463.6,1050,24463.7,75,0,13024575
NIFTY-I.NFO,08/05/2025,09:39:39,24463.7,24463.6,1050,24466,525,75,13024575
NIFTY-I.NFO,08/05/2025,09:39:41,24465,24465,225,24466,450,375,13024575
NIFTY-I.NFO,08/05/2025,09:39:42,24463.6,24463.6,150,24466,225,1125,13024575
NIFTY-I.NFO,08/05/2025,09:39:44,24463.7,24463.6,75,24466,225,150,13024575
NIFTY-I.NFO,08/05/2025,09:39:46,24463.6,24463.4,1125,24463.6,150,75,13024575
NIFTY-I.NFO,08/05/2025,09:39:47,24465,24463.4,75,24465,525,1125,13024575
NIFTY-I.NFO,08/05/2025,09:39:49,24465,24463.4,75,24465,225,375,13024575
NIFTY-I.NFO,08/05/2025,09:39:51,24463,24462.3,375,24465,225,150,13024575
NIFTY-I.NFO,08/05/2025,09:39:52,24463,24462.2,225,24465,225,0,13024575
NIFTY-I.NFO,08/05/2025,09:39:54,24465,24462.2,225,24465,450,75,13024575
NIFTY-I.NFO,08/05/2025,09:39:56,24462.2,24462.2,75,24465,750,150,13024575
NIFTY-I.NFO,08/05/2025,09:39:57,24462,24462,300,24465,450,375,13024575
NIFTY-I.NFO,08/05/2025,09:39:59,24463.4,24463.1,375,24464.9,75,1425,13024575
NIFTY-I.NFO,08/05/2025,09:40:01,24464.9,24463.1,300,24465,450,75,13024575
NIFTY-I.NFO,08/05/2025,09:40:02,24464.9,24463.3,300,24465,450,0,13024575
NIFTY-I.NFO,08/05/2025,09:40:04,24464.9,24463.9,150,24465,450,0,13024575
NIFTY-I.NFO,08/05/2025,09:40:06,24465,24463.9,150,24465,375,75,13024575
NIFTY-I.NFO,08/05/2025,09:40:07,24465,24464.1,300,24465,375,0,13024575
NIFTY-I.NFO,08/05/2025,09:40:09,24465,24464,600,24465,150,225,13024575
NIFTY-I.NFO,08/05/2025,09:40:11,24465.4,24464,375,24466,75,225,13024575
NIFTY-I.NFO,08/05/2025,09:40:12,24465,24464,150,24465.9,150,75,13024575
NIFTY-I.NFO,08/05/2025,09:40:14,24465,24462.5,375,24465.4,150,0,13024575
NIFTY-I.NFO,08/05/2025,09:40:16,24464.9,24462,300,24465.4,150,75,13024575
NIFTY-I.NFO,08/05/2025,09:40:17,24465,24461.9,225,24465.4,450,825,13024575
NIFTY-I.NFO,08/05/2025,09:40:19,24465,24461.8,75,24465.3,150,0,13024575
NIFTY-I.NFO,08/05/2025,09:40:21,24465.3,24462.1,75,24465.9,450,525,13024575
NIFTY-I.NFO,08/05/2025,09:40:22,24465.3,24462.1,75,24465,600,0,13024575
NIFTY-I.NFO,08/05/2025,09:40:24,24465,24465.3,75,24465.9,75,75,13024575
NIFTY-I.NFO,08/05/2025,09:40:26,24465.3,24465,225,24465.3,150,75,13024575
NIFTY-I.NFO,08/05/2025,09:40:27,24465,24465,300,24465.3,150,75,13024575
NIFTY-I.NFO,08/05/2025,09:40:29,24465,24462.2,225,24465,2700,525,13024575
NIFTY-I.NFO,08/05/2025,09:40:31,24465,24462.3,300,24465,2625,75,13024575
NIFTY-I.NFO,08/05/2025,09:40:32,24465,24462.2,75,24465,2550,75,13024575
NIFTY-I.NFO,08/05/2025,09:40:34,24465,24462.3,75,24465,2475,75,13024575
NIFTY-I.NFO,08/05/2025,09:40:36,24465,24462.3,75,24465,2475,0,13024575
NIFTY-I.NFO,08/05/2025,09:40:37,24465,24461.3,300,24465,2400,150,13024575
NIFTY-I.NFO,08/05/2025,09:40:39,24465,24461.2,225,24464.7,75,0,13024575
NIFTY-I.NFO,08/05/2025,09:40:41,24465,24461.2,225,24465,2325,150,13024575
NIFTY-I.NFO,08/05/2025,09:40:42,24465,24461,375,24464.4,375,0,13024575
NIFTY-I.NFO,08/05/2025,09:40:44,24461,24461,300,24465,2625,75,13024575
NIFTY-I.NFO,08/05/2025,09:40:46,24461,24461,300,24464.9,75,0,13024575
NIFTY-I.NFO,08/05/2025,09:40:47,24464.9,24463,75,24465,2325,75,13024575
NIFTY-I.NFO,08/05/2025,09:40:49,24465,24463,75,24465,2175,150,13024575
NIFTY-I.NFO,08/05/2025,09:40:51,24465,24463,75,24464.9,150,0,13024575
NIFTY-I.NFO,08/05/2025,09:40:52,24460,24461,75,24465.5,300,2250,13024575
NIFTY-I.NFO,08/05/2025,09:40:54,24460,24461,75,24464.9,450,0,13024575
NIFTY-I.NFO,08/05/2025,09:40:56,24459.3,24463,75,24465,75,525,13024575
NIFTY-I.NFO,08/05/2025,09:40:57,24460.8,24460.1,75,24464.9,75,375,13024575
NIFTY-I.NFO,08/05/2025,09:40:59,24464.9,24460.3,375,24465,300,450,13024575
NIFTY-I.NFO,08/05/2025,09:41:01,24464.9,24460.3,75,24464.6,75,0,13024575
NIFTY-I.NFO,08/05/2025,09:41:02,24464.9,24460.3,75,24463.3,75,0,13024575
NIFTY-I.NFO,08/05/2025,09:41:04,24460.3,24458,75,24461.5,75,150,13024575
NIFTY-I.NFO,08/05/2025,09:41:06,24460,24458,75,24460,1575,225,13024575
NIFTY-I.NFO,08/05/2025,09:41:07,24457.4,24457.4,900,24460,1575,150,13024575
NIFTY-I.NFO,08/05/2025,09:41:09,24457.6,24458.7,375,24460,1575,150,13024575
NIFTY-I.NFO,08/05/2025,09:41:11,24460,24459,375,24460,1050,600,13024575
NIFTY-I.NFO,08/05/2025,09:41:12,24458.4,24458.1,450,24460,1125,75,13024575
NIFTY-I.NFO,08/05/2025,09:41:14,24458.4,24458.1,675,24460,1125,0,13024575
NIFTY-I.NFO,08/05/2025,09:41:16,24458.1,24458.1,75,24460,825,525,13024575
NIFTY-I.NFO,08/05/2025,09:41:17,24458.2,24458.1,225,24460,825,75,13024575
NIFTY-I.NFO,08/05/2025,09:41:19,24460,24458.2,450,24460,750,75,13024575
NIFTY-I.NFO,08/05/2025,09:41:21,24460.7,24460.1,450,24460.8,75,825,13024575
NIFTY-I.NFO,08/05/2025,09:41:22,24462.5,24460,1050,24462.5,150,300,13024575
NIFTY-I.NFO,08/05/2025,09:41:24,24460,24458.8,75,24460,150,2850,13024575
NIFTY-I.NFO,08/05/2025,09:41:26,24460,24458.8,150,24460,150,0,13024575
NIFTY-I.NFO,08/05/2025,09:41:27,24458.2,24458.2,750,24460,150,225,13024575
NIFTY-I.NFO,08/05/2025,09:41:29,24461,24459.4,750,24462,75,225,13024575
NIFTY-I.NFO,08/05/2025,09:41:31,24459.4,24459.5,750,24462,75,75,13024575
NIFTY-I.NFO,08/05/2025,09:41:32,24462,24460,75,24462.7,300,1875,13024575
NIFTY-I.NFO,08/05/2025,09:41:34,24462,24460,150,24462.7,300,0,13024575
NIFTY-I.NFO,08/05/2025,09:41:36,24462.7,24461.8,75,24464.9,150,75,13024575
NIFTY-I.NFO,08/05/2025,09:41:37,24467.7,24462,450,24465.5,225,1800,13024575
NIFTY-I.NFO,08/05/2025,09:41:39,24467.7,24462,450,24464.7,225,0,13024575
NIFTY-I.NFO,08/05/2025,09:41:41,24462,24462,375,24463.2,225,75,13024575
NIFTY-I.NFO,08/05/2025,09:41:42,24462,24462,300,24463.9,150,600,13024575
NIFTY-I.NFO,08/05/2025,09:41:44,24462,24462,300,24464.1,75,0,13024575
NIFTY-I.NFO,08/05/2025,09:41:46,24464.1,24462,300,24464.4,150,75,13024575
NIFTY-I.NFO,08/05/2025,09:41:47,24464.1,24462,300,24464.3,225,0,13024575
NIFTY-I.NFO,08/05/2025,09:41:49,24461.4,24460.7,75,24461.4,300,675,13024575
NIFTY-I.NFO,08/05/2025,09:41:51,24460.9,24460,600,24460.2,150,225,13024575
NIFTY-I.NFO,08/05/2025,09:41:52,24461.4,24460,600,24461.7,150,375,13024575
NIFTY-I.NFO,08/05/2025,09:41:54,24460,24460,525,24461.9,225,75,13024575
NIFTY-I.NFO,08/05/2025,09:41:56,24461.9,24460,525,24461.9,75,75,13024575
NIFTY-I.NFO,08/05/2025,09:41:57,24460,24459,75,24459.8,225,825,13024575
NIFTY-I.NFO,08/05/2025,09:41:59,24459.8,24459,75,24460,450,225,13024575
NIFTY-I.NFO,08/05/2025,09:42:01,24459.7,24459,75,24460,450,75,13024575
NIFTY-I.NFO,08/05/2025,09:42:02,24459,24458.5,75,24459,375,75,13024575
NIFTY-I.NFO,08/05/2025,09:42:04,24458.1,24457.3,525,24459,375,225,13024575
NIFTY-I.NFO,08/05/2025,09:42:06,24459,24457.3,600,24460,450,375,13024575
NIFTY-I.NFO,08/05/2025,09:42:07,24459,24457.3,225,24460,300,675,13024575
NIFTY-I.NFO,08/05/2025,09:42:09,24459,24457.7,300,24460,300,375,13024575
NIFTY-I.NFO,08/05/2025,09:42:10,24457.7,24457.7,75,24460,300,375,13024575
NIFTY-I.NFO,08/05/2025,09:42:12,24460,24457.7,150,24460,150,525,13024575
NIFTY-I.NFO,08/05/2025,09:42:14,24458.1,24458.1,75,24460,150,75,13024575
NIFTY-I.NFO,08/05/2025,09:42:17,24458.1,24457.8,600,24458.1,375,150,13024575
NIFTY-I.NFO,08/05/2025,09:42:19,24457.8,24457,150,24458.1,525,675,13024575
NIFTY-I.NFO,08/05/2025,09:42:20,24457.9,24456,1425,24457.3,150,375,13024575
NIFTY-I.NFO,08/05/2025,09:42:22,24455,24455,825,24455.4,300,3525,13024575
NIFTY-I.NFO,08/05/2025,09:42:24,24454,24453,750,24454.3,75,1125,13024575
NIFTY-I.NFO,08/05/2025,09:42:25,24453,24453,600,24453.3,75,150,13024575
NIFTY-I.NFO,08/05/2025,09:42:27,24454,24453,600,24455.2,150,150,13024575
NIFTY-I.NFO,08/05/2025,09:42:29,24453.3,24453,600,24454.1,75,75,13018950
NIFTY-I.NFO,08/05/2025,09:42:30,24452.5,24452.5,75,24456.7,75,5400,13018950
NIFTY-I.NFO,08/05/2025,09:42:32,24452.3,24454.1,75,24456.7,75,150,13018950
NIFTY-I.NFO,08/05/2025,09:42:34,24454.1,24452.9,600,24456.8,225,150,13018950
NIFTY-I.NFO,08/05/2025,09:42:35,24454.1,24452.2,75,24456.8,225,0,13018950
NIFTY-I.NFO,08/05/2025,09:42:37,24456.8,24452.9,600,24457.6,300,1425,13018950
NIFTY-I.NFO,08/05/2025,09:42:39,24457.6,24452.6,150,24457.6,225,75,13018950
NIFTY-I.NFO,08/05/2025,09:42:40,24452.4,24452.8,150,24457.6,300,75,13018950
NIFTY-I.NFO,08/05/2025,09:42:42,24452.4,24453.5,150,24456.8,150,0,13018950
NIFTY-I.NFO,08/05/2025,09:42:44,24456.7,24453.5,150,24457.6,300,375,13018950
NIFTY-I.NFO,08/05/2025,09:42:45,24457.6,24453.5,150,24457,300,225,13018950
NIFTY-I.NFO,08/05/2025,09:42:47,24457.6,24453,75,24457,300,0,13018950
NIFTY-I.NFO,08/05/2025,09:42:48,24453,24453.6,375,24456.3,75,225,13018950
NIFTY-I.NFO,08/05/2025,09:42:50,24456.3,24454.1,150,24457,225,300,13018950
NIFTY-I.NFO,08/05/2025,09:42:52,24454,24453.6,225,24457,225,75,13018950
NIFTY-I.NFO,08/05/2025,09:42:53,24453.8,24453.7,975,24457,225,150,13018950
NIFTY-I.NFO,08/05/2025,09:42:55,24453.6,24455.1,75,24457,225,150,13018950
NIFTY-I.NFO,08/05/2025,09:42:57,24455.1,24453.7,75,24457,75,225,13018950
NIFTY-I.NFO,08/05/2025,09:42:58,24457.6,24454.2,600,24458,75,225,13018950
NIFTY-I.NFO,08/05/2025,09:43:00,24456.3,24455,1350,24458,150,150,13018950
NIFTY-I.NFO,08/05/2025,09:43:02,24456.3,24455,1200,24458,150,0,13018950
NIFTY-I.NFO,08/05/2025,09:43:03,24457.6,24455.3,825,24458,150,75,13018950
NIFTY-I.NFO,08/05/2025,09:43:05,24455,24455,1125,24458,150,75,13018950
NIFTY-I.NFO,08/05/2025,09:43:06,24456.3,24456.3,300,24458,75,150,13018950
NIFTY-I.NFO,08/05/2025,09:43:08,24456.3,24456.3,225,24458.8,225,150,13018950
NIFTY-I.NFO,08/05/2025,09:43:10,24456.3,24456.3,225,24458.1,225,0,13018950
NIFTY-I.NFO,08/05/2025,09:43:11,24458.2,24456.3,225,24458.2,150,750,13018950
NIFTY-I.NFO,08/05/2025,09:43:13,24456.3,24456.3,150,24458.4,150,75,13018950
NIFTY-I.NFO,08/05/2025,09:43:15,24453.6,24454,300,24456,75,3000,13018950
NIFTY-I.NFO,08/05/2025,09:43:16,24454,24454,150,24456,75,75,13018950
NIFTY-I.NFO,08/05/2025,09:43:18,24453.5,24453.2,600,24457.6,225,450,13018950
NIFTY-I.NFO,08/05/2025,09:43:20,24456,24454.5,225,24456,75,150,13018950
NIFTY-I.NFO,08/05/2025,09:43:21,24456,24456,150,24456.3,300,150,13018950
NIFTY-I.NFO,08/05/2025,09:43:23,24456,24456,75,24457.6,225,375,13018950
NIFTY-I.NFO,08/05/2025,09:43:25,24454.4,24454.9,225,24457.6,225,525,13018950
NIFTY-I.NFO,08/05/2025,09:43:26,24454.9,24454.7,150,24457.6,225,75,13018950
NIFTY-I.NFO,08/05/2025,09:43:28,24454.9,24454.7,150,24457.6,225,0,13018950
NIFTY-I.NFO,08/05/2025,09:43:30,24454.9,24454,150,24457.6,225,0,13018950
NIFTY-I.NFO,08/05/2025,09:43:31,24454.9,24453,450,24457.5,75,0,13018950
NIFTY-I.NFO,08/05/2025,09:43:33,24453,24452.6,75,24457.3,75,450,13018950
NIFTY-I.NFO,08/05/2025,09:43:35,24456.5,24452.3,450,24456.6,75,150,13018950
NIFTY-I.NFO,08/05/2025,09:43:36,24452.3,24452.3,525,24456.5,75,300,13018950
NIFTY-I.NFO,08/05/2025,09:43:38,24452.3,24452.3,225,24456.4,75,0,13018950
NIFTY-I.NFO,08/05/2025,09:43:40,24456.3,24452.3,225,24456.7,225,75,13018950
NIFTY-I.NFO,08/05/2025,09:43:41,24452.3,24452.1,75,24456.4,75,375,13018950
NIFTY-I.NFO,08/05/2025,09:43:43,24452.3,24452.1,75,24456.1,75,75,13018950
NIFTY-I.NFO,08/05/2025,09:43:45,24452.3,24452.1,75,24455,75,0,13018950
NIFTY-I.NFO,08/05/2025,09:43:46,24452.1,24452,675,24455,75,75,13018950
NIFTY-I.NFO,08/05/2025,09:43:48,24452.6,24452,1125,24455,75,75,13018950
NIFTY-I.NFO,08/05/2025,09:43:50,24452.4,24452.7,150,24455,75,75,13018950
NIFTY-I.NFO,08/05/2025,09:43:51,24452.6,24452.3,150,24455,75,150,13018950
NIFTY-I.NFO,08/05/2025,09:43:53,24452.6,24452.1,75,24455,75,75,13018950
NIFTY-I.NFO,08/05/2025,09:43:55,24452.9,24452.2,75,24452.9,75,75,13018950
NIFTY-I.NFO,08/05/2025,09:43:56,24452.2,24452.1,75,24452.4,75,75,13018950
NIFTY-I.NFO,08/05/2025,09:43:58,24452,24452,375,24452.9,75,900,13018950
NIFTY-I.NFO,08/05/2025,09:44:00,24452,24452,375,24452.3,75,0,13018950
NIFTY-I.NFO,08/05/2025,09:44:01,24452.3,24452,375,24452.9,75,75,13018950
NIFTY-I.NFO,08/05/2025,09:44:03,24452.3,24452,375,24452.9,75,0,13018950
NIFTY-I.NFO,08/05/2025,09:44:05,24452,24452.3,300,24452.9,75,375,13018950
NIFTY-I.NFO,08/05/2025,09:44:06,24452.3,24452.3,525,24454,75,150,13018950
NIFTY-I.NFO,08/05/2025,09:44:08,24452.4,24452.3,525,24454,75,150,13018950
NIFTY-I.NFO,08/05/2025,09:44:10,24454,24452.3,825,24455,1950,75,13018950
NIFTY-I.NFO,08/05/2025,09:44:11,24452.3,24452.3,450,24455,2025,150,13018950
NIFTY-I.NFO,08/05/2025,09:44:13,24455,24452.4,300,24455,1875,225,13018950
NIFTY-I.NFO,08/05/2025,09:44:15,24454,24452.4,600,24455,1875,75,13018950
NIFTY-I.NFO,08/05/2025,09:44:16,24455,24452.5,75,24455,1500,375,13018950
NIFTY-I.NFO,08/05/2025,09:44:18,24455,24453.5,150,24455,1500,0,13018950
NIFTY-I.NFO,08/05/2025,09:44:20,24454.1,24453.5,150,24455,1500,75,13018950
NIFTY-I.NFO,08/05/2025,09:44:21,24455,24454.4,150,24455,1350,150,13018950
NIFTY-I.NFO,08/05/2025,09:44:23,24455,24454.4,300,24455,1200,225,13018950
NIFTY-I.NFO,08/05/2025,09:44:25,24455,24454.4,150,24455,1200,450,13018950
NIFTY-I.NFO,08/05/2025,09:44:26,24455,24454.4,150,24455,1275,0,13018950
NIFTY-I.NFO,08/05/2025,09:44:28,24454.4,24454.4,75,24455,1275,75,13018950
NIFTY-I.NFO,08/05/2025,09:44:30,24455,24454.4,300,24455,1200,150,13018950
NIFTY-I.NFO,08/05/2025,09:44:31,24455,24454.4,300,24455,825,375,13018950
NIFTY-I.NFO,08/05/2025,09:44:33,24454.4,24454.4,75,24455,825,225,13018950
NIFTY-I.NFO,08/05/2025,09:44:35,24455,24454.4,75,24455,600,225,13018950
NIFTY-I.NFO,08/05/2025,09:44:36,24455,24454.4,75,24455,525,75,13018950
NIFTY-I.NFO,08/05/2025,09:44:38,24455,24454.4,75,24455,450,75,13018950
NIFTY-I.NFO,08/05/2025,09:44:40,24454.4,24454,75,24455,450,75,13018950
NIFTY-I.NFO,08/05/2025,09:44:41,24455,24454.3,150,24455,450,75,13018950
NIFTY-I.NFO,08/05/2025,09:44:43,24456.9,24454.9,150,24456,75,525,13018950
NIFTY-I.NFO,08/05/2025,09:44:45,24455.7,24455.1,75,24457.6,225,225,13018950
NIFTY-I.NFO,08/05/2025,09:44:46,24457.6,24455.2,375,24458,75,225,13018950
NIFTY-I.NFO,08/05/2025,09:44:48,24458,24457.5,75,24460,600,75,13018950
NIFTY-I.NFO,08/05/2025,09:44:50,24460,24459.2,75,24460,300,300,13018950
NIFTY-I.NFO,08/05/2025,09:44:51,24460,24459.2,300,24460,300,0,13018950
NIFTY-I.NFO,08/05/2025,09:44:53,24460,24459.2,300,24461.4,150,225,13018950
NIFTY-I.NFO,08/05/2025,09:44:55,24459.2,24460,75,24461.4,150,150,13018950
NIFTY-I.NFO,08/05/2025,09:44:56,24461.6,24460,1875,24462.7,75,825,13018950
NIFTY-I.NFO,08/05/2025,09:44:58,24461.6,24460,1650,24463.4,600,0,13018950
NIFTY-I.NFO,08/05/2025,09:45:00,24463.4,24460,1650,24464.7,900,150,13018950
NIFTY-I.NFO,08/05/2025,09:45:01,24463.8,24463.8,300,24464.3,600,150,13018950
NIFTY-I.NFO,08/05/2025,09:45:03,24463.8,24460,1650,24462.8,75,300,13018950
NIFTY-I.NFO,08/05/2025,09:45:05,24460,24460.1,150,24462.3,225,825,13018950
NIFTY-I.NFO,08/05/2025,09:45:06,24462,24460.1,150,24461.4,150,375,13018950
NIFTY-I.NFO,08/05/2025,09:45:08,24462,24460.2,150,24461.2,225,0,13018950
NIFTY-I.NFO,08/05/2025,09:45:10,24460,24460.2,300,24460.6,225,675,13018950
NIFTY-I.NFO,08/05/2025,09:45:11,24460,24458,300,24459.8,75,1350,13018950
NIFTY-I.NFO,08/05/2025,09:45:13,24460,24460.2,375,24461.1,225,0,13018950
NIFTY-I.NFO,08/05/2025,09:45:15,24460,24460.2,375,24461.3,225,0,13018950
NIFTY-I.NFO,08/05/2025,09:45:16,24460.2,24460.2,225,24462,225,150,13018950
NIFTY-I.NFO,08/05/2025,09:45:18,24460.2,24460.2,150,24461.3,225,75,13018950
NIFTY-I.NFO,08/05/2025,09:45:19,24460,24458,300,24460.2,150,1650,13018950
NIFTY-I.NFO,08/05/2025,09:45:21,24458,24458,150,24460.8,225,225,13018950
NIFTY-I.NFO,08/05/2025,09:45:23,24458,24458,150,24461.4,375,0,13018950
NIFTY-I.NFO,08/05/2025,09:45:24,24461.5,24458,150,24463.1,300,150,13018950
NIFTY-I.NFO,08/05/2025,09:45:26,24458,24456.9,675,24463,300,225,13018950
NIFTY-I.NFO,08/05/2025,09:45:28,24461.5,24458.1,75,24462.7,150,225,13018950
NIFTY-I.NFO,08/05/2025,09:45:30,24463.6,24460,150,24462.5,300,150,13018200
NIFTY-I.NFO,08/05/2025,09:45:31,24461.5,24460,150,24461.3,300,75,13018200
NIFTY-I.NFO,08/05/2025,09:45:33,24461.6,24460,150,24461.4,300,225,13018200
NIFTY-I.NFO,08/05/2025,09:45:35,24460,24460,75,24461.9,300,75,13018200
NIFTY-I.NFO,08/05/2025,09:45:36,24461.8,24460,75,24462,300,300,13018200
NIFTY-I.NFO,08/05/2025,09:45:38,24460,24458.1,75,24461.7,300,75,13018200
NIFTY-I.NFO,08/05/2025,09:45:40,24461.6,24460,75,24460.9,225,75,13018200
NIFTY-I.NFO,08/05/2025,09:45:41,24461.7,24460,75,24461.2,225,300,13018200
NIFTY-I.NFO,08/05/2025,09:45:43,24461.7,24460,75,24461.3,75,0,13018200
NIFTY-I.NFO,08/05/2025,09:45:45,24461.2,24460,75,24461.2,150,75,13018200
NIFTY-I.NFO,08/05/2025,09:45:46,24460,24459,75,24461.2,525,75,13018200
NIFTY-I.NFO,08/05/2025,09:45:48,24460,24459,75,24461,75,225,13018200
NIFTY-I.NFO,08/05/2025,09:45:50,24459,24458.1,75,24461.6,150,225,13018200
NIFTY-I.NFO,08/05/2025,09:45:51,24459,24458.1,75,24461.6,150,0,13018200
NIFTY-I.NFO,08/05/2025,09:45:55,24458,24457.3,150,24461.6,150,150,13018200
NIFTY-I.NFO,08/05/2025,09:45:56,24461.6,24460,75,24461.9,900,75,13018200
NIFTY-I.NFO,08/05/2025,09:45:58,24461.9,24460,75,24461.9,825,75,13018200
NIFTY-I.NFO,08/05/2025,09:46:00,24461.9,24457,750,24460.1,525,150,13018200
NIFTY-I.NFO,08/05/2025,09:46:01,24460.6,24457,750,24460.3,525,75,13018200
NIFTY-I.NFO,08/05/2025,09:46:03,24457,24456,75,24460.1,225,900,13018200
NIFTY-I.NFO,08/05/2025,09:46:05,24457,24456,75,24460,75,0,13018200
NIFTY-I.NFO,08/05/2025,09:46:06,24457,24456.6,450,24461.9,750,0,13018200
NIFTY-I.NFO,08/05/2025,09:46:08,24457,24457.4,225,24461.9,750,0,13018200
NIFTY-I.NFO,08/05/2025,09:46:10,24457,24457,75,24461.9,750,0,13018200
NIFTY-I.NFO,08/05/2025,09:46:11,24461.5,24460,75,24461.6,150,1200,13018200
NIFTY-I.NFO,08/05/2025,09:46:13,24460,24457,75,24461.3,375,75,13018200
NIFTY-I.NFO,08/05/2025,09:46:15,24460,24457,75,24460.8,150,0,13018200
NIFTY-I.NFO,08/05/2025,09:46:16,24461.1,24457,75,24460.7,150,225,13018200
NIFTY-I.NFO,08/05/2025,09:46:18,24461.1,24457,225,24460.7,150,0,13018200
NIFTY-I.NFO,08/05/2025,09:46:20,24461.4,24457,150,24461.4,225,225,13018200
NIFTY-I.NFO,08/05/2025,09:46:21,24460,24456,600,24460,75,225,13018200
NIFTY-I.NFO,08/05/2025,09:46:23,24457,24456,600,24460,75,75,13018200
NIFTY-I.NFO,08/05/2025,09:46:25,24455.8,24457,75,24460,75,1050,13018200
NIFTY-I.NFO,08/05/2025,09:46:26,24456.9,24457.1,300,24460,75,225,13018200
NIFTY-I.NFO,08/05/2025,09:46:28,24457.2,24457.7,150,24460,75,75,13018200
NIFTY-I.NFO,08/05/2025,09:46:29,24463,24457.1,150,24463,225,225,13018200
NIFTY-I.NFO,08/05/2025,09:46:31,24463,24457.8,750,24461.9,75,0,13018200
NIFTY-I.NFO,08/05/2025,09:46:33,24463,24460,75,24461.9,75,0,13018200
NIFTY-I.NFO,08/05/2025,09:46:34,24460,24457.8,300,24461.9,75,75,13018200
NIFTY-I.NFO,08/05/2025,09:46:36,24458.1,24458,225,24461.9,75,75,13018200
NIFTY-I.NFO,08/05/2025,09:46:38,24458.1,24458.1,225,24461.9,75,0,13018200
NIFTY-I.NFO,08/05/2025,09:46:39,24461.9,24458.8,150,24462,75,75,13018200
NIFTY-I.NFO,08/05/2025,09:46:41,24461.9,24458.3,150,24460.2,75,0,13018200
NIFTY-I.NFO,08/05/2025,09:46:43,24458.2,24458.1,75,24463.8,600,1050,13018200
NIFTY-I.NFO,08/05/2025,09:46:44,24457.8,24458,75,24460,150,225,13018200
NIFTY-I.NFO,08/05/2025,09:46:46,24460,24458,75,24460,75,75,13018200
NIFTY-I.NFO,08/05/2025,09:46:48,24457.4,24457.2,75,24460,1050,150,13018200
NIFTY-I.NFO,08/05/2025,09:46:49,24457.4,24457.2,150,24460,1050,0,13018200
NIFTY-I.NFO,08/05/2025,09:46:53,24457.2,24457.2,75,24460,1650,75,13018200
NIFTY-I.NFO,08/05/2025,09:46:54,24457.2,24458.1,75,24460,1650,0,13018200
NIFTY-I.NFO,08/05/2025,09:46:56,24460,24457,75,24460,600,1050,13018200
NIFTY-I.NFO,08/05/2025,09:46:58,24460,24457.2,375,24460,600,0,13018200
NIFTY-I.NFO,08/05/2025,09:46:59,24460,24457.2,150,24460,600,0,13018200
NIFTY-I.NFO,08/05/2025,09:47:01,24457.2,24457.4,150,24460,600,375,13018200
NIFTY-I.NFO,08/05/2025,09:47:03,24460,24457.2,375,24460,375,225,13018200
NIFTY-I.NFO,08/05/2025,09:47:04,24457.2,24457.8,75,24460,375,150,13018200
NIFTY-I.NFO,08/05/2025,09:47:06,24460,24458.7,75,24460,225,150,13018200
NIFTY-I.NFO,08/05/2025,09:47:08,24458.5,24458.4,75,24463,75,300,13018200
NIFTY-I.NFO,08/05/2025,09:47:09,24458.5,24458.6,375,24463,75,0,13018200
NIFTY-I.NFO,08/05/2025,09:47:11,24458.8,24459.9,375,24463,75,75,13018200
NIFTY-I.NFO,08/05/2025,09:47:13,24458.8,24460,1050,24463,75,0,13018200
NIFTY-I.NFO,08/05/2025,09:47:14,24461.4,24461.9,375,24465,2100,150,13018200
NIFTY-I.NFO,08/05/2025,09:47:16,24461.4,24461.7,375,24464.9,75,0,13018200
NIFTY-I.NFO,08/05/2025,09:47:18,24461.7,24461.8,375,24464.8,75,75,13018200
NIFTY-I.NFO,08/05/2025,09:47:19,24465,24462.3,75,24466.9,75,2325,13018200
NIFTY-I.NFO,08/05/2025,09:47:21,24462.6,24462.9,375,24467.8,75,450,13018200
NIFTY-I.NFO,08/05/2025,09:47:23,24467.8,24463.2,375,24468,75,75,13018200
NIFTY-I.NFO,08/05/2025,09:47:24,24469.2,24463.4,300,24469.3,825,1125,13018200
NIFTY-I.NFO,08/05/2025,09:47:26,24463.4,24463.4,300,24468.9,1125,375,13018200
NIFTY-I.NFO,08/05/2025,09:47:28,24467.3,24463,150,24467.1,900,900,13018200
NIFTY-I.NFO,08/05/2025,09:47:29,24467.1,24463,75,24467.1,750,225,13018200
NIFTY-I.NFO,08/05/2025,09:47:31,24467.1,24463,75,24466,675,225,13018200
NIFTY-I.NFO,08/05/2025,09:47:33,24467.1,24463,75,24465.8,375,0,13018200
NIFTY-I.NFO,08/05/2025,09:47:34,24465.9,24463,75,24466.4,675,225,13018200
NIFTY-I.NFO,08/05/2025,09:47:36,24467,24463,75,24467.1,75,150,13018200
NIFTY-I.NFO,08/05/2025,09:47:38,24467,24463,75,24467,150,0,13018200
NIFTY-I.NFO,08/05/2025,09:47:39,24467,24463,75,24466.9,375,0,13018200
NIFTY-I.NFO,08/05/2025,09:47:41,24463,24462,75,24466.9,375,150,13018200
NIFTY-I.NFO,08/05/2025,09:47:43,24466.9,24462,75,24467,225,75,13018200
NIFTY-I.NFO,08/05/2025,09:47:44,24466.8,24462,75,24465.7,675,300,13018200
NIFTY-I.NFO,08/05/2025,09:47:46,24464,24462,75,24464.1,375,150,13018200
NIFTY-I.NFO,08/05/2025,09:47:48,24462,24458,300,24463.6,600,600,13018200
NIFTY-I.NFO,08/05/2025,09:47:49,24458,24458,225,24462.2,600,75,13018200
NIFTY-I.NFO,08/05/2025,09:47:51,24463.2,24458,225,24462.7,375,750,13018200
NIFTY-I.NFO,08/05/2025,09:47:53,24462.5,24458,225,24462.2,450,450,13018200
NIFTY-I.NFO,08/05/2025,09:47:54,24462.5,24458,225,24461.5,75,0,13018200
NIFTY-I.NFO,08/05/2025,09:47:56,24458,24458,150,24462.3,450,150,13018200
NIFTY-I.NFO,08/05/2025,09:47:58,24462,24460,75,24462.5,300,150,13018200
NIFTY-I.NFO,08/05/2025,09:47:59,24462,24460,75,24462.5,300,0,13018200
NIFTY-I.NFO,08/05/2025,09:48:01,24462.5,24458.1,150,24462.5,75,225,13018200
NIFTY-I.NFO,08/05/2025,09:48:03,24462.5,24458,225,24462.4,75,0,13018200
NIFTY-I.NFO,08/05/2025,09:48:04,24463.1,24458,225,24462.5,525,750,13018200
NIFTY-I.NFO,08/05/2025,09:48:06,24463.1,24458,225,24462.1,675,0,13018200
NIFTY-I.NFO,08/05/2025,09:48:08,24463.1,24458.2,75,24461,825,0,13018200
NIFTY-I.NFO,08/05/2025,09:48:09,24460.2,24458.2,75,24460.1,150,75,13018200
NIFTY-I.NFO,08/05/2025,09:48:11,24458,24457,150,24459.2,375,600,13018200
NIFTY-I.NFO,08/05/2025,09:48:13,24457,24457,75,24457.7,375,75,13018200
NIFTY-I.NFO,08/05/2025,09:48:14,24455.6,24455.6,1350,24458.1,75,300,13018200
NIFTY-I.NFO,08/05/2025,09:48:16,24455.6,24455.6,1275,24458.1,375,75,13018200
NIFTY-I.NFO,08/05/2025,09:48:18,24455.6,24455.6,1200,24457.2,150,300,13018200
NIFTY-I.NFO,08/05/2025,09:48:19,24455.6,24455,2025,24456.5,150,1200,13018200
NIFTY-I.NFO,08/05/2025,09:48:21,24455.6,24455,2025,24456.5,150,0,13018200
NIFTY-I.NFO,08/05/2025,09:48:23,24456.3,24455,2025,24456.2,150,75,13018200
NIFTY-I.NFO,08/05/2025,09:48:24,24454.8,24454,150,24454.1,300,2175,13018200
NIFTY-I.NFO,08/05/2025,09:48:26,24454.8,24452.5,825,24454.9,150,225,13018200
NIFTY-I.NFO,08/05/2025,09:48:28,24455.3,24452.5,150,24455.3,300,975,13018200
NIFTY-I.NFO,08/05/2025,09:48:29,24454.4,24452.6,75,24454.4,450,375,13011900
NIFTY-I.NFO,08/05/2025,09:48:31,24455.2,24452.6,75,24455.1,75,2775,13011900
NIFTY-I.NFO,08/05/2025,09:48:33,24453.8,24451.3,600,24455.2,75,2175,13011900
NIFTY-I.NFO,08/05/2025,09:48:34,24454.4,24451.3,600,24455.1,75,225,13011900
NIFTY-I.NFO,08/05/2025,09:48:36,24455.5,24453.8,75,24454.7,150,300,13011900
NIFTY-I.NFO,08/05/2025,09:48:38,24455.6,24451.3,600,24455.5,75,750,13011900
NIFTY-I.NFO,08/05/2025,09:48:39,24455.3,24451.3,600,24455.1,300,150,13011900
NIFTY-I.NFO,08/05/2025,09:48:41,24451.3,24453.9,150,24454.7,150,75,13011900
NIFTY-I.NFO,08/05/2025,09:48:43,24453.9,24453.9,75,24455,450,150,13011900
NIFTY-I.NFO,08/05/2025,09:48:44,24455,24451.3,450,24455,75,225,13011900
NIFTY-I.NFO,08/05/2025,09:48:46,24451.3,24451.2,1500,24454.4,150,75,13011900
NIFTY-I.NFO,08/05/2025,09:48:48,24451.3,24452,150,24453.4,75,0,13011900
NIFTY-I.NFO,08/05/2025,09:48:51,24451.2,24451.2,1350,24453.4,75,450,13011900
NIFTY-I.NFO,08/05/2025,09:48:53,24453.4,24451.2,1350,24453.5,150,75,13011900
NIFTY-I.NFO,08/05/2025,09:48:54,24453.4,24451.3,600,24451.9,75,0,13011900
NIFTY-I.NFO,08/05/2025,09:48:56,24454.3,24451.9,75,24454.4,375,675,13011900
NIFTY-I.NFO,08/05/2025,09:48:58,24451.9,24451.2,1350,24454.1,300,150,13011900
NIFTY-I.NFO,08/05/2025,09:48:59,24451.2,24451.2,1200,24454.1,600,300,13011900
NIFTY-I.NFO,08/05/2025,09:49:01,24451.2,24451.2,1125,24454.1,225,75,13011900
NIFTY-I.NFO,08/05/2025,09:49:03,24454.1,24451.2,1125,24454.1,75,75,13011900
NIFTY-I.NFO,08/05/2025,09:49:04,24454.1,24451.2,1125,24453.4,75,75,13011900
NIFTY-I.NFO,08/05/2025,09:49:06,24454.1,24451.2,1125,24453.4,75,0,13011900
NIFTY-I.NFO,08/05/2025,09:49:08,24451.2,24451,1950,24453,150,1125,13011900
NIFTY-I.NFO,08/05/2025,09:49:09,24451.2,24451,1950,24453,150,0,13011900
NIFTY-I.NFO,08/05/2025,09:49:11,24451.2,24451.1,75,24453,150,0,13011900
NIFTY-I.NFO,08/05/2025,09:49:13,24451.1,24451,1950,24451.2,75,75,13011900
NIFTY-I.NFO,08/05/2025,09:49:14,24451,24451,1650,24451.2,75,300,13011900
NIFTY-I.NFO,08/05/2025,09:49:16,24451,24451,1500,24452.3,150,1125,13011900
NIFTY-I.NFO,08/05/2025,09:49:18,24451.2,24451,1500,24454.1,75,150,13011900
NIFTY-I.NFO,08/05/2025,09:49:19,24454.5,24451,1500,24454.7,150,375,13011900
NIFTY-I.NFO,08/05/2025,09:49:21,24451,24451,1425,24455,825,75,13011900
NIFTY-I.NFO,08/05/2025,09:49:23,24451,24452,75,24455,825,75,13011900
NIFTY-I.NFO,08/05/2025,09:49:24,24452,24451,1350,24455,825,75,13011900
NIFTY-I.NFO,08/05/2025,09:49:26,24451.2,24451,1350,24454.7,300,150,13011900
NIFTY-I.NFO,08/05/2025,09:49:28,24454,24451,1350,24454.3,225,150,13011900
NIFTY-I.NFO,08/05/2025,09:49:29,24454,24451,1425,24454.5,300,0,13011900
NIFTY-I.NFO,08/05/2025,09:49:31,24454.3,24452,150,24454.6,600,150,13011900
NIFTY-I.NFO,08/05/2025,09:49:33,24452,24451,1350,24455,150,1275,13011900
NIFTY-I.NFO,08/05/2025,09:49:34,24451,24451,1350,24455.3,150,675,13011900
NIFTY-I.NFO,08/05/2025,09:49:36,24452,24451,1350,24454.8,300,975,13011900
NIFTY-I.NFO,08/05/2025,09:49:38,24455.3,24451,1350,24455,150,975,13011900
NIFTY-I.NFO,08/05/2025,09:49:39,24454,24450.1,975,24455.4,450,4425,13011900
NIFTY-I.NFO,08/05/2025,09:49:39,24450.1,24450.1,975,24455.4,450,0,13011900
NIFTY-I.NFO,08/05/2025,09:49:41,24450.6,24450.1,1275,24455.5,450,450,13011900
NIFTY-I.NFO,08/05/2025,09:49:43,24450.6,24450.5,150,24455.7,150,675,13011900
NIFTY-I.NFO,08/05/2025,09:49:44,24455.1,24450.3,150,24455.3,300,300,13011900
NIFTY-I.NFO,08/05/2025,09:49:46,24450.3,24450.1,375,24455,600,150,13011900
NIFTY-I.NFO,08/05/2025,09:49:48,24450.1,24450.1,225,24454.4,75,150,13011900
NIFTY-I.NFO,08/05/2025,09:49:49,24450.1,24450.1,225,24454.4,75,225,13011900
NIFTY-I.NFO,08/05/2025,09:49:51,24454.4,24450.1,225,24454.7,450,75,13011900
NIFTY-I.NFO,08/05/2025,09:49:53,24454.4,24450.1,225,24454.5,675,0,13011900
NIFTY-I.NFO,08/05/2025,09:49:54,24454.7,24450.1,150,24454.5,450,750,13011900
NIFTY-I.NFO,08/05/2025,09:49:56,24450.1,24450.1,150,24454,375,75,13011900
NIFTY-I.NFO,08/05/2025,09:49:58,24450.1,24450,5850,24454.4,75,600,13011900
NIFTY-I.NFO,08/05/2025,09:49:59,24450.1,24450,5850,24454.4,75,750,13011900
NIFTY-I.NFO,08/05/2025,09:50:01,24454,24450.9,600,24456.2,75,8775,13011900
NIFTY-I.NFO,08/05/2025,09:50:01,24450,24450.9,600,24456.2,75,0,13011900
NIFTY-I.NFO,08/05/2025,09:50:03,24452,24450.4,75,24455,300,150,13011900
NIFTY-I.NFO,08/05/2025,09:50:04,24453.6,24450,3000,24453.2,300,825,13011900
NIFTY-I.NFO,08/05/2025,09:50:06,24453.9,24451,75,24455,150,600,13011900
NIFTY-I.NFO,08/05/2025,09:50:08,24451,24450.1,600,24454.9,300,75,13011900
NIFTY-I.NFO,08/05/2025,09:50:09,24453.9,24450,2925,24454,600,375,13011900
NIFTY-I.NFO,08/05/2025,09:50:11,24450,24450,3000,24454.7,150,900,13011900
NIFTY-I.NFO,08/05/2025,09:50:13,24450.1,24450.3,150,24454.6,300,75,13011900
NIFTY-I.NFO,08/05/2025,09:50:14,24450.1,24450.1,525,24454.6,300,300,13011900
NIFTY-I.NFO,08/05/2025,09:50:16,24450.1,24450.1,75,24454.6,375,0,13011900
NIFTY-I.NFO,08/05/2025,09:50:18,24450,24450,2775,24453.9,300,300,13011900
NIFTY-I.NFO,08/05/2025,09:50:19,24453.9,24450.5,225,24454.7,300,75,13011900
NIFTY-I.NFO,08/05/2025,09:50:21,24450,24450,2550,24454,300,750,13011900
NIFTY-I.NFO,08/05/2025,09:50:23,24450,24450,2775,24453.5,300,600,13011900
NIFTY-I.NFO,08/05/2025,09:50:24,24453.5,24452,375,24455.5,300,600,13011900
NIFTY-I.NFO,08/05/2025,09:50:26,24451.6,24451,375,24456.1,150,750,13011900
NIFTY-I.NFO,08/05/2025,09:50:28,24451.4,24451.9,375,24456.2,300,300,13011900
NIFTY-I.NFO,08/05/2025,09:50:29,24456.4,24451.2,375,24456.4,375,1125,13011900
NIFTY-I.NFO,08/05/2025,09:50:31,24456.8,24452.4,375,24457.1,300,525,13011900
NIFTY-I.NFO,08/05/2025,09:50:33,24453.6,24453.5,225,24458.6,150,1800,13011900
NIFTY-I.NFO,08/05/2025,09:50:34,24454.2,24454,150,24459,375,225,13011900
NIFTY-I.NFO,08/05/2025,09:50:36,24455.7,24455.6,300,24459,300,750,13011900
NIFTY-I.NFO,08/05/2025,09:50:38,24455.5,24455.5,375,24460,300,1950,13011900
NIFTY-I.NFO,08/05/2025,09:50:39,24460,24454.6,225,24459.4,300,225,13011900
NIFTY-I.NFO,08/05/2025,09:50:41,24454,24454.1,675,24459.8,300,225,13011900
NIFTY-I.NFO,08/05/2025,09:50:43,24454.1,24454.1,675,24459.8,300,75,13011900
NIFTY-I.NFO,08/05/2025,09:50:44,24454.1,24453.6,75,24458,375,0,13011900
NIFTY-I.NFO,08/05/2025,09:50:46,24459,24453.6,75,24459,150,450,13011900
NIFTY-I.NFO,08/05/2025,09:50:48,24459.8,24453.6,75,24459.6,600,150,13011900
NIFTY-I.NFO,08/05/2025,09:50:49,24459.8,24453.8,450,24459.6,300,0,13011900
NIFTY-I.NFO,08/05/2025,09:50:51,24459.8,24454.1,375,24459.7,300,0,13011900
NIFTY-I.NFO,08/05/2025,09:50:53,24454.2,24454.1,375,24459,150,75,13011900
NIFTY-I.NFO,08/05/2025,09:50:54,24454.2,24454,75,24459,150,0,13011900
NIFTY-I.NFO,08/05/2025,09:50:56,24454,24453.6,75,24457,75,75,13011900
NIFTY-I.NFO,08/05/2025,09:50:58,24454,24455,150,24457,75,0,13011900
NIFTY-I.NFO,08/05/2025,09:50:59,24459.1,24455,300,24458.7,75,300,13011900
NIFTY-I.NFO,08/05/2025,09:51:01,24455,24455,150,24458.7,825,225,13011900
NIFTY-I.NFO,08/05/2025,09:51:03,24455,24455,75,24458.6,300,225,13011900
NIFTY-I.NFO,08/05/2025,09:51:04,24455,24455,75,24456.2,150,0,13011900
NIFTY-I.NFO,08/05/2025,09:51:06,24455,24453.6,75,24455,150,75,13011900
NIFTY-I.NFO,08/05/2025,09:51:08,24452,24452,75,24455.6,300,225,13011900
NIFTY-I.NFO,08/05/2025,09:51:09,24452,24452,75,24455,75,0,13011900
NIFTY-I.NFO,08/05/2025,09:51:11,24452,24452,75,24455,75,75,13011900
NIFTY-I.NFO,08/05/2025,09:51:13,24455.2,24452,150,24454,450,225,13011900
NIFTY-I.NFO,08/05/2025,09:51:14,24455.2,24452,150,24454,450,0,13011900
NIFTY-I.NFO,08/05/2025,09:51:16,24455.2,24452.4,75,24454,450,0,13011900
NIFTY-I.NFO,08/05/2025,09:51:18,24454,24452.9,675,24455,75,450,13011900
NIFTY-I.NFO,08/05/2025,09:51:19,24456.3,24454.2,75,24459,225,375,13011900
NIFTY-I.NFO,08/05/2025,09:51:21,24456.3,24454.2,225,24459,225,0,13011900
NIFTY-I.NFO,08/05/2025,09:51:23,24459.7,24454.8,75,24459.4,150,900,13011900
NIFTY-I.NFO,08/05/2025,09:51:24,24455,24454.9,150,24459.3,150,150,13011900
NIFTY-I.NFO,08/05/2025,09:51:26,24455.2,24453.5,375,24458.3,150,375,13011900
NIFTY-I.NFO,08/05/2025,09:51:28,24458.3,24454.7,150,24459.4,150,75,13011900
NIFTY-I.NFO,08/05/2025,09:51:29,24455.2,24455.2,75,24459,150,75,13011900
NIFTY-I.NFO,08/05/2025,09:51:31,24459.1,24455.2,75,24459.7,600,75,13011900
NIFTY-I.NFO,08/05/2025,09:51:33,24459.1,24455.2,150,24458.3,75,0,13005975
NIFTY-I.NFO,08/05/2025,09:51:38,24459.1,24455.2,150,24458.3,150,0,13005975
NIFTY-I.NFO,08/05/2025,09:51:39,24459.1,24455.2,150,24458.3,300,0,13005975
NIFTY-I.NFO,08/05/2025,09:51:41,24455.2,24455.2,75,24458.3,150,75,13005975
NIFTY-I.NFO,08/05/2025,09:51:43,24455.2,24455.2,75,24458.3,150,0,13005975
NIFTY-I.NFO,08/05/2025,09:51:44,24455.2,24455.3,75,24458.3,150,0,13005975
NIFTY-I.NFO,08/05/2025,09:51:46,24458.3,24455.7,75,24458.9,150,150,13005975
NIFTY-I.NFO,08/05/2025,09:51:48,24459.2,24455.5,75,24460,525,300,13005975
NIFTY-I.NFO,08/05/2025,09:51:49,24455.5,24455.5,75,24460,450,150,13005975
NIFTY-I.NFO,08/05/2025,09:51:51,24455.5,24455.2,75,24460,450,0,13005975
NIFTY-I.NFO,08/05/2025,09:51:52,24455.5,24455.2,75,24455.5,675,0,13005975
NIFTY-I.NFO,08/05/2025,09:51:54,24455.5,24454,825,24458.1,150,975,13005975
NIFTY-I.NFO,08/05/2025,09:51:56,24458.1,24454,825,24458.3,300,75,13005975
NIFTY-I.NFO,08/05/2025,09:51:58,24455.5,24455,75,24457.7,900,75,13005975
NIFTY-I.NFO,08/05/2025,09:51:59,24455.5,24455,75,24456.2,300,0,13005975
NIFTY-I.NFO,08/05/2025,09:52:01,24455,24454,825,24456.2,300,75,13005975
NIFTY-I.NFO,08/05/2025,09:52:03,24456,24455,225,24456.2,450,75,13005975
NIFTY-I.NFO,08/05/2025,09:52:04,24455.7,24455,225,24456.5,150,450,13005975
NIFTY-I.NFO,08/05/2025,09:52:06,24455,24454,825,24455,150,525,13005975
NIFTY-I.NFO,08/05/2025,09:52:08,24454,24454,750,24455.6,300,150,13005975
NIFTY-I.NFO,08/05/2025,09:52:09,24454,24454,450,24455,150,300,13005975
NIFTY-I.NFO,08/05/2025,09:52:11,24454,24454,450,24455,150,75,13005975
NIFTY-I.NFO,08/05/2025,09:52:13,24454,24454,375,24455,150,75,13005975
NIFTY-I.NFO,08/05/2025,09:52:14,24454,24454,375,24455,150,0,13005975
NIFTY-I.NFO,08/05/2025,09:52:18,24455,24454.1,75,24455,75,75,13005975
NIFTY-I.NFO,08/05/2025,09:52:19,24454,24454,150,24455,75,300,13005975
NIFTY-I.NFO,08/05/2025,09:52:21,24454,24454,150,24455,150,0,13005975
NIFTY-I.NFO,08/05/2025,09:52:26,24455,24454,150,24455,75,75,13005975
NIFTY-I.NFO,08/05/2025,09:52:28,24454,24454,75,24455,75,75,13005975
NIFTY-I.NFO,08/05/2025,09:52:29,24453.1,24453.1,375,24454,75,150,13005975
NIFTY-I.NFO,08/05/2025,09:52:31,24454,24454,450,24455,75,75,13005975
NIFTY-I.NFO,08/05/2025,09:52:32,24454,24453.1,150,24457.4,150,300,13005975
NIFTY-I.NFO,08/05/2025,09:52:34,24453.1,24453,75,24457.3,150,75,13005975
NIFTY-I.NFO,08/05/2025,09:52:36,24453,24452.9,150,24457.8,150,75,13005975
NIFTY-I.NFO,08/05/2025,09:52:37,24453,24453,675,24458.1,450,0,13005975
NIFTY-I.NFO,08/05/2025,09:52:39,24458.1,24453,375,24458.3,150,300,13005975
NIFTY-I.NFO,08/05/2025,09:52:41,24453,24453.7,75,24458.1,375,75,13005975
NIFTY-I.NFO,08/05/2025,09:52:42,24453,24453.7,150,24453.9,75,0,13005975
NIFTY-I.NFO,08/05/2025,09:52:44,24453.7,24453,75,24457.4,600,150,13005975
NIFTY-I.NFO,08/05/2025,09:52:46,24455,24453,75,24456.8,300,75,13005975
NIFTY-I.NFO,08/05/2025,09:52:47,24456.6,24453.7,75,24456.7,75,300,13005975
NIFTY-I.NFO,08/05/2025,09:52:49,24453.7,24452.9,75,24457,75,75,13005975
NIFTY-I.NFO,08/05/2025,09:52:51,24455,24452.8,75,24456.5,300,150,13005975
NIFTY-I.NFO,08/05/2025,09:52:52,24455,24453.7,75,24456.6,150,0,13005975
NIFTY-I.NFO,08/05/2025,09:52:54,24453.7,24452.8,75,24453.7,225,150,13005975
NIFTY-I.NFO,08/05/2025,09:52:56,24452.8,24452.3,75,24453.7,225,75,13005975
NIFTY-I.NFO,08/05/2025,09:52:59,24453,24452.5,75,24453.7,225,75,13005975
NIFTY-I.NFO,08/05/2025,09:53:00,24453.3,24453.7,75,24458,525,900,13005975
NIFTY-I.NFO,08/05/2025,09:53:02,24452.7,24454,225,24456,225,1050,13005975
NIFTY-I.NFO,08/05/2025,09:53:04,24455.1,24454,675,24456,225,75,13005975
NIFTY-I.NFO,08/05/2025,09:53:05,24453.8,24453.8,225,24456,225,225,13005975
NIFTY-I.NFO,08/05/2025,09:53:07,24456,24454.1,825,24456,150,75,13005975
NIFTY-I.NFO,08/05/2025,09:53:09,24454.8,24454.4,300,24456,150,300,13005975
NIFTY-I.NFO,08/05/2025,09:53:10,24454.4,24454.6,300,24456,300,75,13005975
NIFTY-I.NFO,08/05/2025,09:53:12,24456,24454.6,75,24456,225,150,13005975
NIFTY-I.NFO,08/05/2025,09:53:13,24453.9,24453.5,525,24456,225,300,13005975
NIFTY-I.NFO,08/05/2025,09:53:15,24453.9,24453,150,24456,225,0,13005975
NIFTY-I.NFO,08/05/2025,09:53:17,24453,24453,75,24456,225,75,13005975
NIFTY-I.NFO,08/05/2025,09:53:18,24456,24453,75,24456,150,75,13005975
NIFTY-I.NFO,08/05/2025,09:53:20,24456,24453,75,24455,75,0,13005975
NIFTY-I.NFO,08/05/2025,09:53:22,24455,24455,975,24456,150,75,13005975
NIFTY-I.NFO,08/05/2025,09:53:23,24455,24455,975,24456,150,0,13005975
NIFTY-I.NFO,08/05/2025,09:53:25,24455,24455,600,24456,75,450,13005975
NIFTY-I.NFO,08/05/2025,09:53:27,24455,24455,600,24456,75,0,13005975
NIFTY-I.NFO,08/05/2025,09:53:28,24456,24455,525,24457.1,300,225,13005975
NIFTY-I.NFO,08/05/2025,09:53:30,24456,24456,150,24457.1,300,0,13005975
NIFTY-I.NFO,08/05/2025,09:53:33,24457.1,24455,225,24457.1,150,600,13005975
NIFTY-I.NFO,08/05/2025,09:53:35,24459.6,24456.2,150,24459.7,75,1950,13005975
NIFTY-I.NFO,08/05/2025,09:53:36,24459.6,24456.2,150,24459.1,300,0,13005975
NIFTY-I.NFO,08/05/2025,09:53:38,24459.6,24456.2,150,24458.5,300,0,13005975
NIFTY-I.NFO,08/05/2025,09:53:40,24459.6,24456.2,150,24458.3,300,0,13005975
NIFTY-I.NFO,08/05/2025,09:53:41,24456.2,24456.2,75,24458,75,75,13005975
NIFTY-I.NFO,08/05/2025,09:53:43,24458.3,24456.2,75,24458.5,225,225,13005975
NIFTY-I.NFO,08/05/2025,09:53:44,24458.3,24456.2,75,24457.7,150,0,13005975
NIFTY-I.NFO,08/05/2025,09:53:46,24457.5,24456.1,300,24457.5,150,150,13005975
NIFTY-I.NFO,08/05/2025,09:53:48,24456.1,24456.1,75,24457.4,150,300,13005975
NIFTY-I.NFO,08/05/2025,09:53:49,24457.4,24456.1,75,24457.4,300,150,13005975
NIFTY-I.NFO,08/05/2025,09:53:51,24457.4,24456.1,75,24457.3,300,0,13005975
NIFTY-I.NFO,08/05/2025,09:53:53,24456.1,24455.1,75,24457.4,75,75,13005975
NIFTY-I.NFO,08/05/2025,09:53:54,24455.1,24456.1,75,24457.7,300,75,13005975
NIFTY-I.NFO,08/05/2025,09:53:56,24455.1,24456.1,75,24457.8,225,0,13005975
NIFTY-I.NFO,08/05/2025,09:53:58,24457.4,24455,150,24457.9,300,225,13005975
NIFTY-I.NFO,08/05/2025,09:53:59,24457.4,24455,150,24458,300,0,13005975
NIFTY-I.NFO,08/05/2025,09:54:01,24455,24455,75,24458,375,75,13005975
NIFTY-I.NFO,08/05/2025,09:54:02,24455,24457.4,75,24457.5,450,0,13005975
NIFTY-I.NFO,08/05/2025,09:54:04,24457.4,24455,75,24456.9,675,75,13005975
NIFTY-I.NFO,08/05/2025,09:54:06,24456,24455,75,24456.7,600,150,13005975
NIFTY-I.NFO,08/05/2025,09:54:07,24456.7,24454,375,24456.5,300,150,13005975
NIFTY-I.NFO,08/05/2025,09:54:09,24454.2,24454,375,24456.1,300,150,13005975
NIFTY-I.NFO,08/05/2025,09:54:11,24454,24454,300,24456,75,75,13005975
NIFTY-I.NFO,08/05/2025,09:54:13,24454,24454,225,24456.2,300,150,13005975
NIFTY-I.NFO,08/05/2025,09:54:14,24455,24454,225,24455.3,150,75,13005975
NIFTY-I.NFO,08/05/2025,09:54:16,24454,24454,75,24456,300,225,13005975
NIFTY-I.NFO,08/05/2025,09:54:18,24454,24452,900,24456.1,525,75,13005975
NIFTY-I.NFO,08/05/2025,09:54:19,24454,24452,900,24455.9,300,0,13005975
NIFTY-I.NFO,08/05/2025,09:54:21,24455.8,24452,825,24455,75,225,13005975
NIFTY-I.NFO,08/05/2025,09:54:23,24452,24452,750,24455,75,75,13005975
NIFTY-I.NFO,08/05/2025,09:54:24,24454,24452,675,24454.9,75,150,13005975
NIFTY-I.NFO,08/05/2025,09:54:26,24454,24453,75,24454.9,75,0,13005975
NIFTY-I.NFO,08/05/2025,09:54:28,24455,24453,75,24456,375,150,13005975
NIFTY-I.NFO,08/05/2025,09:54:29,24454,24453,75,24456,75,75,13005975
NIFTY-I.NFO,08/05/2025,09:54:31,24454,24454.9,75,24456,75,0,13005825
NIFTY-I.NFO,08/05/2025,09:54:33,24456.4,24453,75,24456,75,825,13005825
NIFTY-I.NFO,08/05/2025,09:54:34,24453,24452.4,75,24455.2,300,150,13005825
NIFTY-I.NFO,08/05/2025,09:54:36,24452.4,24452,750,24454.7,300,75,13005825
NIFTY-I.NFO,08/05/2025,09:54:38,24452,24452,675,24455.6,300,75,13005825
NIFTY-I.NFO,08/05/2025,09:54:39,24455,24452.1,600,24456,75,75,13005825
NIFTY-I.NFO,08/05/2025,09:54:41,24455,24452.2,900,24456,150,0,13005825
NIFTY-I.NFO,08/05/2025,09:54:43,24456,24452.7,600,24457,150,150,13005825
NIFTY-I.NFO,08/05/2025,09:54:44,24457,24453.6,75,24457.4,75,225,13005825
NIFTY-I.NFO,08/05/2025,09:54:46,24457,24455.2,300,24457.4,75,0,13005825
NIFTY-I.NFO,08/05/2025,09:54:48,24455.2,24455.2,225,24457.4,75,150,13005825
NIFTY-I.NFO,08/05/2025,09:54:49,24457,24455.7,225,24458,150,150,13005825
NIFTY-I.NFO,08/05/2025,09:54:51,24457,24457.4,75,24458,150,0,13005825
NIFTY-I.NFO,08/05/2025,09:54:53,24457.4,24457.4,225,24461.2,450,825,13005825
NIFTY-I.NFO,08/05/2025,09:54:54,24457.4,24457.4,300,24461,450,0,13005825
NIFTY-I.NFO,08/05/2025,09:54:56,24457.4,24457.4,150,24461.2,150,750,13005825
NIFTY-I.NFO,08/05/2025,09:54:57,24457.4,24455.8,300,24461.1,150,75,13005825
NIFTY-I.NFO,08/05/2025,09:54:59,24456,24455.4,600,24457.4,75,225,13005825
NIFTY-I.NFO,08/05/2025,09:55:01,24457.4,24455,225,24459.8,300,300,13005825
NIFTY-I.NFO,08/05/2025,09:55:02,24455,24455,150,24459.8,300,75,13005825
NIFTY-I.NFO,08/05/2025,09:55:04,24457,24455,150,24460.8,75,900,13005825
NIFTY-I.NFO,08/05/2025,09:55:06,24455,24455,75,24460.4,300,75,13005825
NIFTY-I.NFO,08/05/2025,09:55:07,24455,24455.1,300,24460.1,300,150,13005825
NIFTY-I.NFO,08/05/2025,09:55:09,24458,24455.1,300,24460.1,300,75,13005825
NIFTY-I.NFO,08/05/2025,09:55:11,24460.1,24455,300,24459.2,300,75,13005825
NIFTY-I.NFO,08/05/2025,09:55:12,24460.1,24455,300,24459.8,300,0,13005825
NIFTY-I.NFO,08/05/2025,09:55:14,24460.1,24456,75,24458.1,300,0,13005825
NIFTY-I.NFO,08/05/2025,09:55:16,24458.4,24456,75,24458.6,300,75,13005825
NIFTY-I.NFO,08/05/2025,09:55:17,24458.4,24456,75,24458.7,300,0,13005825
NIFTY-I.NFO,08/05/2025,09:55:21,24458.7,24458,75,24459.6,150,150,13005825
NIFTY-I.NFO,08/05/2025,09:55:22,24459.6,24458.6,75,24459.8,300,150,13005825
NIFTY-I.NFO,08/05/2025,09:55:24,24458.6,24458,75,24459.9,300,75,13005825
NIFTY-I.NFO,08/05/2025,09:55:26,24459.6,24456,75,24459.9,300,150,13005825
NIFTY-I.NFO,08/05/2025,09:55:27,24459.6,24456.6,150,24460,675,0,13005825
NIFTY-I.NFO,08/05/2025,09:55:29,24459.6,24458.6,75,24460,675,0,13005825
NIFTY-I.NFO,08/05/2025,09:55:31,24459.6,24459.9,75,24460,675,0,13005825
NIFTY-I.NFO,08/05/2025,09:55:34,24459.9,24459,75,24460,675,75,13005825
NIFTY-I.NFO,08/05/2025,09:55:36,24459.6,24459,75,24460,525,225,13005825
NIFTY-I.NFO,08/05/2025,09:55:37,24458.6,24456,450,24459.9,75,150,13005825
NIFTY-I.NFO,08/05/2025,09:55:39,24460,24456.2,375,24460,450,150,13005825
NIFTY-I.NFO,08/05/2025,09:55:41,24456,24456,75,24456.8,75,150,13005825
NIFTY-I.NFO,08/05/2025,09:55:42,24455,24455.3,75,24456.8,75,225,13005825
NIFTY-I.NFO,08/05/2025,09:55:44,24456.8,24455.6,300,24460,375,150,13005825
NIFTY-I.NFO,08/05/2025,09:55:46,24455,24455,300,24459,75,150,13005825
NIFTY-I.NFO,08/05/2025,09:55:47,24459.1,24455,300,24459.2,150,225,13005825
NIFTY-I.NFO,08/05/2025,09:55:49,24459.9,24455,300,24459.4,150,450,13005825
NIFTY-I.NFO,08/05/2025,09:55:51,24459.9,24455,1050,24458.7,300,0,13005825
NIFTY-I.NFO,08/05/2025,09:55:52,24459.9,24456.8,75,24459.3,300,0,13005825
NIFTY-I.NFO,08/05/2025,09:55:54,24459.4,24456.8,75,24457.4,75,75,13005825
NIFTY-I.NFO,08/05/2025,09:55:56,24459.4,24456.8,75,24457.4,75,0,13005825
NIFTY-I.NFO,08/05/2025,09:55:57,24456.8,24455,1050,24457.4,75,75,13005825
NIFTY-I.NFO,08/05/2025,09:55:59,24455,24455,975,24457.4,75,75,13005825
NIFTY-I.NFO,08/05/2025,09:56:01,24455,24455,1050,24457.4,150,0,13005825
NIFTY-I.NFO,08/05/2025,09:56:04,24455,24455,1125,24457.4,150,0,13005825
NIFTY-I.NFO,08/05/2025,09:56:05,24455,24455,1050,24457.2,75,150,13005825
NIFTY-I.NFO,08/05/2025,09:56:07,24457.4,24455,1050,24457.6,75,225,13005825
NIFTY-I.NFO,08/05/2025,09:56:09,24455,24454,150,24455,750,1050,13005825
NIFTY-I.NFO,08/05/2025,09:56:10,24455,24454,150,24455,1950,0,13005825
NIFTY-I.NFO,08/05/2025,09:56:12,24454,24453,225,24455,1950,150,13005825
NIFTY-I.NFO,08/05/2025,09:56:14,24453,24453,150,24455,1950,75,13005825
NIFTY-I.NFO,08/05/2025,09:56:15,24453,24453,75,24454.8,75,150,13005825
NIFTY-I.NFO,08/05/2025,09:56:17,24453,24453,75,24454.8,75,0,13005825
NIFTY-I.NFO,08/05/2025,09:56:19,24454.8,24453,75,24455,2325,75,13005825
NIFTY-I.NFO,08/05/2025,09:56:21,24454.8,24453,75,24455,2325,0,13005825
NIFTY-I.NFO,08/05/2025,09:56:24,24454.8,24453,75,24455,2400,0,13005825
NIFTY-I.NFO,08/05/2025,09:56:27,24454.8,24453,150,24455,2400,0,13005825
NIFTY-I.NFO,08/05/2025,09:56:29,24453,24453,75,24455,2400,75,13005825
NIFTY-I.NFO,08/05/2025,09:56:31,24455,24453,75,24455,2325,75,13005825
NIFTY-I.NFO,08/05/2025,09:56:32,24455,24453,75,24455,2325,0,13005825
NIFTY-I.NFO,08/05/2025,09:56:34,24453,24452.3,75,24455,2250,150,13005825
NIFTY-I.NFO,08/05/2025,09:56:36,24455,24454,300,24455,2175,75,13005825
NIFTY-I.NFO,08/05/2025,09:56:37,24454,24454,225,24455,2175,75,13005825
NIFTY-I.NFO,08/05/2025,09:56:39,24455,24454,225,24456.9,75,2475,13005825
NIFTY-I.NFO,08/05/2025,09:56:40,24455,24455,150,24456.9,75,0,13005825
NIFTY-I.NFO,08/05/2025,09:56:44,24455,24455,150,24455.9,225,0,13005825
NIFTY-I.NFO,08/05/2025,09:56:45,24455,24455,75,24455.9,225,75,13005825
NIFTY-I.NFO,08/05/2025,09:56:47,24455.9,24455.1,225,24455.9,75,150,13005825
NIFTY-I.NFO,08/05/2025,09:56:49,24455.1,24455.1,225,24455.5,225,75,13005825
NIFTY-I.NFO,08/05/2025,09:56:50,24455.1,24455.1,225,24455.5,225,0,13005825
NIFTY-I.NFO,08/05/2025,09:56:52,24455.1,24455,375,24455.4,75,0,13005825
NIFTY-I.NFO,08/05/2025,09:56:53,24455,24455,525,24455.2,225,300,13005825
NIFTY-I.NFO,08/05/2025,09:56:55,24455.2,24455.1,225,24455.2,150,75,13005825
NIFTY-I.NFO,08/05/2025,09:56:57,24455.2,24455.1,225,24455.2,75,75,13005825
NIFTY-I.NFO,08/05/2025,09:56:58,24455.5,24455.5,225,24456.2,225,300,13005825
NIFTY-I.NFO,08/05/2025,09:57:00,24455.5,24455.5,150,24456.1,75,150,13005825
NIFTY-I.NFO,08/05/2025,09:57:02,24455.5,24455.5,225,24456.1,75,0,13005825
NIFTY-I.NFO,08/05/2025,09:57:03,24458,24457,3450,24459.2,300,675,13005825
NIFTY-I.NFO,08/05/2025,09:57:05,24458,24457,3450,24458,75,0,13005825
NIFTY-I.NFO,08/05/2025,09:57:07,24459.3,24457.1,150,24459.2,150,150,13005825
NIFTY-I.NFO,08/05/2025,09:57:08,24459.2,24457.1,150,24458.1,225,75,13005825
NIFTY-I.NFO,08/05/2025,09:57:10,24457,24457,2850,24457.2,150,1050,13005825
NIFTY-I.NFO,08/05/2025,09:57:11,24456.4,24455.5,150,24456.4,300,2925,13005825
NIFTY-I.NFO,08/05/2025,09:57:13,24455.5,24455,975,24455.5,75,150,13005825
NIFTY-I.NFO,08/05/2025,09:57:15,24456.2,24455,900,24456.2,375,225,13005825
NIFTY-I.NFO,08/05/2025,09:57:16,24455.4,24455,825,24455.4,75,225,13005825
NIFTY-I.NFO,08/05/2025,09:57:18,24455,24455,675,24455.6,300,450,13005825
NIFTY-I.NFO,08/05/2025,09:57:19,24455.6,24455,675,24455.6,225,75,13005825
NIFTY-I.NFO,08/05/2025,09:57:21,24455.6,24455.2,75,24456.9,75,150,13005825
NIFTY-I.NFO,08/05/2025,09:57:23,24455.6,24455.2,75,24456.9,75,0,13005825
NIFTY-I.NFO,08/05/2025,09:57:24,24456,24455.2,75,24456,300,75,13005825
NIFTY-I.NFO,08/05/2025,09:57:26,24455.8,24455.2,75,24456,300,75,13005825
NIFTY-I.NFO,08/05/2025,09:57:28,24455.8,24455.2,75,24456,300,0,13005825
NIFTY-I.NFO,08/05/2025,09:57:29,24455.2,24455,750,24455.6,300,225,13005825
NIFTY-I.NFO,08/05/2025,09:57:31,24455,24454,225,24454.4,300,750,13006200
NIFTY-I.NFO,08/05/2025,09:57:33,24454.8,24454,225,24454.7,150,75,13006200
NIFTY-I.NFO,08/05/2025,09:57:34,24453.8,24453,450,24453.9,225,375,13006200
NIFTY-I.NFO,08/05/2025,09:57:36,24453,24452.5,75,24453.9,225,450,13006200
NIFTY-I.NFO,08/05/2025,09:57:38,24454.3,24452.5,75,24454.3,150,525,13006200
NIFTY-I.NFO,08/05/2025,09:57:39,24452.5,24452.1,150,24453.2,225,225,13006200
NIFTY-I.NFO,08/05/2025,09:57:41,24453.2,24453,75,24455.6,300,300,13006200
NIFTY-I.NFO,08/05/2025,09:57:43,24455.6,24452.1,150,24456.4,225,300,13006200
NIFTY-I.NFO,08/05/2025,09:57:44,24453,24453,75,24454.2,225,75,13006200
NIFTY-I.NFO,08/05/2025,09:57:46,24453,24453.1,75,24454.2,225,0,13006200
NIFTY-I.NFO,08/05/2025,09:57:48,24453.2,24453,75,24454.2,225,75,13006200
NIFTY-I.NFO,08/05/2025,09:57:49,24453,24452.8,75,24453,150,75,13006200
NIFTY-I.NFO,08/05/2025,09:57:51,24453.6,24452.1,75,24453.6,150,450,13006200
NIFTY-I.NFO,08/05/2025,09:57:53,24453.6,24452.7,75,24455.9,300,150,13006200
NIFTY-I.NFO,08/05/2025,09:57:54,24454.3,24452.4,75,24454.3,150,150,13006200
NIFTY-I.NFO,08/05/2025,09:57:56,24454.3,24452.1,75,24454.3,150,0,13006200
NIFTY-I.NFO,08/05/2025,09:57:58,24454.3,24452.1,75,24454.3,75,225,13006200
NIFTY-I.NFO,08/05/2025,09:57:59,24452.1,24452,1425,24453.2,225,75,13006200
NIFTY-I.NFO,08/05/2025,09:58:01,24453.2,24452.4,900,24455.9,375,225,13006200
NIFTY-I.NFO,08/05/2025,09:58:02,24453.2,24453.9,150,24455.9,375,0,13006200
NIFTY-I.NFO,08/05/2025,09:58:04,24454.4,24454,150,24454.4,150,225,13006200
NIFTY-I.NFO,08/05/2025,09:58:06,24454.4,24454.6,150,24455.9,300,150,13006200
NIFTY-I.NFO,08/05/2025,09:58:07,24454.4,24455.5,150,24455.9,300,0,13006200
NIFTY-I.NFO,08/05/2025,09:58:09,24454.3,24454.2,150,24455.7,75,225,13006200
NIFTY-I.NFO,08/05/2025,09:58:11,24454.3,24454.2,450,24455,75,0,13006200
NIFTY-I.NFO,08/05/2025,09:58:12,24455.9,24454.7,300,24455.9,150,225,13006200
NIFTY-I.NFO,08/05/2025,09:58:14,24455.3,24454.9,300,24455.3,150,150,13006200
NIFTY-I.NFO,08/05/2025,09:58:16,24455.3,24455,150,24455.3,75,75,13006200
NIFTY-I.NFO,08/05/2025,09:58:17,24455.3,24455,75,24455.9,150,150,13006200
NIFTY-I.NFO,08/05/2025,09:58:19,24455.4,24455,150,24455.4,150,75,13006200
NIFTY-I.NFO,08/05/2025,09:58:21,24455,24455.3,150,24455.4,150,75,13006200
NIFTY-I.NFO,08/05/2025,09:58:22,24455.4,24455.3,150,24455.4,75,75,13006200
NIFTY-I.NFO,08/05/2025,09:58:24,24457.1,24455.6,150,24457.4,75,825,13006200
NIFTY-I.NFO,08/05/2025,09:58:26,24457.1,24455.7,150,24457.4,75,0,13006200
NIFTY-I.NFO,08/05/2025,09:58:27,24455.7,24456,75,24457.4,75,75,13006200
NIFTY-I.NFO,08/05/2025,09:58:29,24455.7,24456,150,24456.5,225,0,13006200
NIFTY-I.NFO,08/05/2025,09:58:31,24456.5,24456,75,24456.5,150,150,13006200
NIFTY-I.NFO,08/05/2025,09:58:32,24456.5,24456,75,24456.5,75,75,13006200
NIFTY-I.NFO,08/05/2025,09:58:34,24456.2,24455.7,75,24457.4,75,300,13006200
NIFTY-I.NFO,08/05/2025,09:58:36,24455.7,24455,150,24456,75,75,13006200
NIFTY-I.NFO,08/05/2025,09:58:38,24456,24455,150,24458,300,75,13006200
NIFTY-I.NFO,08/05/2025,09:58:39,24456,24455,150,24456.2,75,0,13006200
NIFTY-I.NFO,08/05/2025,09:58:41,24458,24455.4,150,24458,150,600,13006200
NIFTY-I.NFO,08/05/2025,09:58:43,24458,24455.4,150,24458.9,300,0,13006200
NIFTY-I.NFO,08/05/2025,09:58:44,24458,24455,300,24457,225,0,13006200
NIFTY-I.NFO,08/05/2025,09:58:46,24457,24455,375,24457,150,75,13006200
NIFTY-I.NFO,08/05/2025,09:58:47,24457,24455.4,75,24457,75,75,13006200
NIFTY-I.NFO,08/05/2025,09:58:49,24456.2,24455,225,24456.2,75,225,13006200
NIFTY-I.NFO,08/05/2025,09:58:51,24455.2,24455.1,150,24455.4,150,75,13006200
NIFTY-I.NFO,08/05/2025,09:58:52,24455.9,24455.9,150,24458.3,300,300,13006200
NIFTY-I.NFO,08/05/2025,09:58:54,24455.9,24455.6,150,24456.9,225,0,13006200
NIFTY-I.NFO,08/05/2025,09:58:56,24455.9,24455.1,300,24456.2,75,0,13006200
NIFTY-I.NFO,08/05/2025,09:58:57,24456.9,24456.2,75,24456.9,150,150,13006200
NIFTY-I.NFO,08/05/2025,09:58:59,24456.2,24456.2,75,24457.4,300,375,13006200
NIFTY-I.NFO,08/05/2025,09:59:01,24456.2,24456.9,150,24457.4,375,0,13006200
NIFTY-I.NFO,08/05/2025,09:59:02,24456.2,24456.6,150,24457.4,375,0,13006200
NIFTY-I.NFO,08/05/2025,09:59:04,24456.2,24456.1,300,24456.8,375,0,13006200
NIFTY-I.NFO,08/05/2025,09:59:06,24456.8,24456.1,150,24456.8,300,75,13006200
NIFTY-I.NFO,08/05/2025,09:59:07,24456.8,24456.1,150,24456.8,300,0,13006200
NIFTY-I.NFO,08/05/2025,09:59:09,24456,24455.2,150,24456.1,225,225,13006200
NIFTY-I.NFO,08/05/2025,09:59:11,24456,24455,600,24456.1,225,0,13006200
NIFTY-I.NFO,08/05/2025,09:59:12,24455,24454,150,24454.9,75,675,13006200
NIFTY-I.NFO,08/05/2025,09:59:14,24454,24453.5,150,24454,75,375,13006200
NIFTY-I.NFO,08/05/2025,09:59:15,24454,24453.5,150,24454,75,0,13006200
NIFTY-I.NFO,08/05/2025,09:59:17,24454.5,24454.2,75,24454.5,75,225,13006200
NIFTY-I.NFO,08/05/2025,09:59:19,24453.5,24454,75,24454.3,225,375,13006200
NIFTY-I.NFO,08/05/2025,09:59:21,24454,24453.3,75,24454.3,225,75,13006200
NIFTY-I.NFO,08/05/2025,09:59:22,24454,24453,150,24454.3,225,75,13006200
NIFTY-I.NFO,08/05/2025,09:59:24,24453.6,24452.2,75,24453.6,75,375,13006200
NIFTY-I.NFO,08/05/2025,09:59:26,24452.2,24452,525,24455,75,225,13006200
NIFTY-I.NFO,08/05/2025,09:59:27,24452,24452,75,24455.8,300,525,13006200
NIFTY-I.NFO,08/05/2025,09:59:29,24452,24451.9,300,24453.9,300,75,13006200
NIFTY-I.NFO,08/05/2025,09:59:31,24452,24451.8,300,24453.9,300,0,13006200
NIFTY-I.NFO,08/05/2025,09:59:32,24452,24452,75,24453.9,300,0,13006200
NIFTY-I.NFO,08/05/2025,09:59:34,24455.8,24452.5,300,24455.8,150,675,13006200
NIFTY-I.NFO,08/05/2025,09:59:35,24455.8,24452.6,75,24455,300,0,13006200
NIFTY-I.NFO,08/05/2025,09:59:37,24455.1,24452,75,24455,150,300,13006200
NIFTY-I.NFO,08/05/2025,09:59:39,24453.5,24452,150,24454.7,300,225,13006200
NIFTY-I.NFO,08/05/2025,09:59:40,24452,24452,75,24454,300,75,13006200
NIFTY-I.NFO,08/05/2025,09:59:42,24453.9,24451.1,75,24454,300,900,13006200
NIFTY-I.NFO,08/05/2025,09:59:44,24453.9,24451.1,75,24451.9,225,0,13006200
NIFTY-I.NFO,08/05/2025,09:59:45,24451.1,24451,1125,24451.9,225,75,13006200
NIFTY-I.NFO,08/05/2025,09:59:47,24452.2,24451.4,75,24452.5,150,600,13006200
NIFTY-I.NFO,08/05/2025,09:59:49,24451.9,24451.3,75,24452.7,150,600,13006200
NIFTY-I.NFO,08/05/2025,09:59:50,24453.3,24451.3,75,24453.2,150,225,13006200
NIFTY-I.NFO,08/05/2025,09:59:52,24453.3,24451.4,75,24452.8,300,0,13006200
NIFTY-I.NFO,08/05/2025,09:59:54,24452.1,24451.4,75,24452.9,300,300,13006200
NIFTY-I.NFO,08/05/2025,09:59:55,24454,24451.4,75,24454.9,75,675,13006200
NIFTY-I.NFO,08/05/2025,09:59:57,24454,24451.4,75,24454.4,300,0,13006200
NIFTY-I.NFO,08/05/2025,09:59:59,24453.3,24452.2,75,24454.3,150,525,13006200
NIFTY-I.NFO,08/05/2025,10:00:00,24452.2,24451.3,750,24454,75,75,13006200
NIFTY-I.NFO,08/05/2025,10:00:02,24451,24451,1725,24454.6,300,450,13006200
NIFTY-I.NFO,08/05/2025,10:00:04,24454,24450.9,675,24454.6,300,3075,13006200
NIFTY-I.NFO,08/05/2025,10:00:05,24455.1,24452.3,975,24456.6,75,600,13006200
NIFTY-I.NFO,08/05/2025,10:00:07,24456.7,24453.1,675,24456,225,75,13006200
NIFTY-I.NFO,08/05/2025,10:00:09,24456.7,24453.1,675,24454.7,225,0,13006200
NIFTY-I.NFO,08/05/2025,10:00:10,24453.3,24452.9,300,24454.7,225,75,13006200
NIFTY-I.NFO,08/05/2025,10:00:12,24454.7,24453.1,75,24454.7,150,75,13006200
NIFTY-I.NFO,08/05/2025,10:00:14,24453.9,24453.3,300,24456.1,225,600,13006200
NIFTY-I.NFO,08/05/2025,10:00:15,24456.1,24453.4,150,24456.1,150,75,13006200
NIFTY-I.NFO,08/05/2025,10:00:17,24453.2,24453.4,75,24455.5,75,525,13006200
NIFTY-I.NFO,08/05/2025,10:00:19,24454.4,24453.4,75,24455.5,75,375,13006200
NIFTY-I.NFO,08/05/2025,10:00:20,24453.4,24453,300,24453.7,75,75,13006200
NIFTY-I.NFO,08/05/2025,10:00:22,24453.4,24452.1,300,24453.7,75,0,13006200
NIFTY-I.NFO,08/05/2025,10:00:24,24455,24453.7,75,24453.8,225,150,13006200
NIFTY-I.NFO,08/05/2025,10:00:25,24455,24453.7,75,24453.8,225,0,13006200
NIFTY-I.NFO,08/05/2025,10:00:27,24451,24452.2,300,24453.8,75,600,13006200
NIFTY-I.NFO,08/05/2025,10:00:29,24453.4,24452.2,300,24453.6,225,75,13006200
NIFTY-I.NFO,08/05/2025,10:00:30,24452.2,24452.2,75,24453.6,225,225,13003500
NIFTY-I.NFO,08/05/2025,10:00:32,24452.1,24452.3,225,24453.6,225,225,13003500
NIFTY-I.NFO,08/05/2025,10:00:34,24452.3,24452.2,75,24452.9,225,225,13003500
NIFTY-I.NFO,08/05/2025,10:00:35,24454.9,24452.2,75,24455,225,600,13003500
NIFTY-I.NFO,08/05/2025,10:00:37,24454.9,24452.2,75,24454,75,0,13003500
NIFTY-I.NFO,08/05/2025,10:00:39,24454.9,24452.2,75,24453.1,225,0,13003500
NIFTY-I.NFO,08/05/2025,10:00:40,24452,24452,300,24455,75,675,13003500
NIFTY-I.NFO,08/05/2025,10:00:42,24455,24451.9,300,24455.5,75,75,13003500
NIFTY-I.NFO,08/05/2025,10:00:44,24455,24452.5,300,24453.7,300,0,13003500
NIFTY-I.NFO,08/05/2025,10:00:45,24453.7,24452.6,300,24455.5,75,300,13003500
NIFTY-I.NFO,08/05/2025,10:00:47,24455.5,24452.6,450,24456,150,75,13003500
NIFTY-I.NFO,08/05/2025,10:00:49,24454.3,24452,75,24454.3,75,1125,13003500
NIFTY-I.NFO,08/05/2025,10:00:50,24452,24451.9,75,24454.3,75,75,13003500
NIFTY-I.NFO,08/05/2025,10:00:52,24453,24451.5,75,24454.3,75,75,13003500
NIFTY-I.NFO,08/05/2025,10:00:54,24452.9,24452.1,150,24454,75,300,13003500
NIFTY-I.NFO,08/05/2025,10:00:55,24455.5,24453.8,375,24455.8,150,150,13003500
NIFTY-I.NFO,08/05/2025,10:00:57,24453.6,24454.3,375,24455.8,150,75,13003500
NIFTY-I.NFO,08/05/2025,10:00:58,24453.6,24454.3,450,24455,225,0,13003500
NIFTY-I.NFO,08/05/2025,10:01:00,24453.6,24454.3,450,24455,300,0,13003500
NIFTY-I.NFO,08/05/2025,10:01:03,24454.6,24454.3,300,24455.8,150,525,13003500
NIFTY-I.NFO,08/05/2025,10:01:05,24455,24455,225,24457.1,225,225,13003500
NIFTY-I.NFO,08/05/2025,10:01:07,24455,24455,225,24457.2,75,0,13003500
NIFTY-I.NFO,08/05/2025,10:01:08,24456.1,24455,300,24456.1,225,75,13003500
NIFTY-I.NFO,08/05/2025,10:01:10,24456.1,24455.8,150,24456.1,75,225,13003500
NIFTY-I.NFO,08/05/2025,10:01:12,24457.1,24455.8,75,24457.2,75,225,13003500
NIFTY-I.NFO,08/05/2025,10:01:13,24455.9,24455.8,75,24456.5,225,150,13003500
NIFTY-I.NFO,08/05/2025,10:01:15,24456.5,24455.8,75,24456.5,150,75,13003500
NIFTY-I.NFO,08/05/2025,10:01:16,24455,24455,75,24456.5,75,300,13003500
NIFTY-I.NFO,08/05/2025,10:01:18,24455.9,24455,450,24455.5,150,900,13003500
NIFTY-I.NFO,08/05/2025,10:01:20,24455.5,24456.5,150,24458,75,150,13003500
NIFTY-I.NFO,08/05/2025,10:01:21,24456.5,24456.5,75,24458,75,75,13003500
NIFTY-I.NFO,08/05/2025,10:01:23,24457.7,24457.3,75,24459,75,1050,13003500
NIFTY-I.NFO,08/05/2025,10:01:25,24464.6,24460,75,24464.6,150,1275,13003500
NIFTY-I.NFO,08/05/2025,10:01:26,24464.9,24461.7,75,24465,1125,300,13003500
NIFTY-I.NFO,08/05/2025,10:01:28,24468,24464.8,375,24468,75,1725,13003500
NIFTY-I.NFO,08/05/2025,10:01:30,24468,24464.8,75,24467.9,600,0,13003500
NIFTY-I.NFO,08/05/2025,10:01:31,24466,24464.8,75,24466.3,600,375,13003500
NIFTY-I.NFO,08/05/2025,10:01:33,24467.5,24464.6,225,24465.3,300,300,13003500
NIFTY-I.NFO,08/05/2025,10:01:35,24465.3,24464.6,225,24465.3,225,75,13003500
NIFTY-I.NFO,08/05/2025,10:01:36,24466.5,24464.6,225,24467.5,150,300,13003500
NIFTY-I.NFO,08/05/2025,10:01:38,24466.5,24464.6,225,24464.8,225,0,13003500
NIFTY-I.NFO,08/05/2025,10:01:40,24464.6,24464.6,150,24464.8,75,225,13003500
NIFTY-I.NFO,08/05/2025,10:01:41,24465,24464.6,150,24466.8,900,825,13003500
NIFTY-I.NFO,08/05/2025,10:01:43,24464.8,24464.8,225,24465.9,225,825,13003500
NIFTY-I.NFO,08/05/2025,10:01:45,24465.5,24464.8,225,24465.5,150,225,13003500
NIFTY-I.NFO,08/05/2025,10:01:46,24465.5,24464.8,225,24465.5,75,75,13003500
NIFTY-I.NFO,08/05/2025,10:01:48,24464.8,24464.8,75,24465.3,225,225,13003500
NIFTY-I.NFO,08/05/2025,10:01:50,24464.8,24464.6,150,24465.3,225,75,13003500
NIFTY-I.NFO,08/05/2025,10:01:51,24465.3,24464.6,150,24465.3,150,75,13003500
NIFTY-I.NFO,08/05/2025,10:01:53,24464.6,24464.6,75,24464.9,225,150,13003500
NIFTY-I.NFO,08/05/2025,10:01:55,24464.9,24460.7,375,24464.9,150,225,13003500
NIFTY-I.NFO,08/05/2025,10:01:56,24464.6,24462.3,75,24464.9,150,75,13003500
NIFTY-I.NFO,08/05/2025,10:01:58,24462.3,24460,150,24462.3,75,75,13003500
NIFTY-I.NFO,08/05/2025,10:02:00,24463.5,24460,300,24462.9,150,225,13003500
NIFTY-I.NFO,08/05/2025,10:02:01,24462.9,24460,300,24462.9,75,75,13003500
NIFTY-I.NFO,08/05/2025,10:02:03,24459,24458.7,375,24461.2,300,675,13003500
NIFTY-I.NFO,08/05/2025,10:02:05,24461.2,24460,375,24461.2,150,150,13003500
NIFTY-I.NFO,08/05/2025,10:02:06,24461.2,24460.2,75,24461.2,150,0,13003500
NIFTY-I.NFO,08/05/2025,10:02:08,24464.5,24461,375,24462.4,225,300,13003500
NIFTY-I.NFO,08/05/2025,10:02:10,24464.5,24460.7,375,24462.4,225,0,13003500
NIFTY-I.NFO,08/05/2025,10:02:11,24464.5,24461.3,75,24462.4,225,0,13003500
NIFTY-I.NFO,08/05/2025,10:02:13,24462.4,24461.3,75,24463.3,225,225,13003500
NIFTY-I.NFO,08/05/2025,10:02:15,24463.3,24462.4,150,24463.3,75,150,13003500
NIFTY-I.NFO,08/05/2025,10:02:16,24464.5,24462.4,75,24465.3,1275,450,13003500
NIFTY-I.NFO,08/05/2025,10:02:18,24462.4,24461.6,300,24462.7,225,75,13003500
NIFTY-I.NFO,08/05/2025,10:02:20,24462.4,24461.6,300,24462.7,225,0,13003500
NIFTY-I.NFO,08/05/2025,10:02:21,24462.4,24461.6,300,24462.4,75,0,13003500
NIFTY-I.NFO,08/05/2025,10:02:23,24461.7,24461.7,375,24462,300,375,13003500
NIFTY-I.NFO,08/05/2025,10:02:25,24465,24462.4,75,24465.3,1275,600,13003500
NIFTY-I.NFO,08/05/2025,10:02:26,24462.4,24461.6,150,24465.3,1275,75,13003500
NIFTY-I.NFO,08/05/2025,10:02:28,24462.4,24462.4,75,24463.8,225,0,13003500
NIFTY-I.NFO,08/05/2025,10:02:30,24465.3,24462.8,75,24465.3,1125,375,13003500
NIFTY-I.NFO,08/05/2025,10:02:31,24465.3,24462.8,75,24465.3,1125,0,13003500
NIFTY-I.NFO,08/05/2025,10:02:33,24465.3,24462.8,75,24464,225,75,13003500
NIFTY-I.NFO,08/05/2025,10:02:35,24465.3,24462.8,75,24464,225,0,13003500
NIFTY-I.NFO,08/05/2025,10:02:36,24465.3,24462.8,225,24464,225,0,13003500
NIFTY-I.NFO,08/05/2025,10:02:40,24465,24462.6,375,24465.3,1050,600,13003500
NIFTY-I.NFO,08/05/2025,10:02:41,24465,24462.4,375,24465.3,1050,0,13003500
NIFTY-I.NFO,08/05/2025,10:02:43,24462.4,24462.4,300,24464,75,75,13003500
NIFTY-I.NFO,08/05/2025,10:02:45,24463.1,24462.4,75,24463.1,150,75,13003500
NIFTY-I.NFO,08/05/2025,10:02:46,24463.1,24463.1,75,24464,75,150,13003500
NIFTY-I.NFO,08/05/2025,10:02:48,24463.1,24463.1,75,24464,75,0,13003500
NIFTY-I.NFO,08/05/2025,10:02:50,24463.1,24463,975,24463.5,300,225,13003500
NIFTY-I.NFO,08/05/2025,10:02:51,24465.3,24463,450,24465.3,600,1275,13003500
NIFTY-I.NFO,08/05/2025,10:02:53,24465.3,24463,450,24465.3,600,0,13003500
NIFTY-I.NFO,08/05/2025,10:02:55,24465.3,24463,450,24464.1,225,0,13003500
NIFTY-I.NFO,08/05/2025,10:02:56,24463,24463,375,24464.1,225,75,13003500
NIFTY-I.NFO,08/05/2025,10:02:58,24463,24463,375,24463.7,75,0,13003500
NIFTY-I.NFO,08/05/2025,10:03:00,24463.5,24463,150,24463.5,75,375,13003500
NIFTY-I.NFO,08/05/2025,10:03:01,24463,24463,300,24463.7,75,225,13003500
NIFTY-I.NFO,08/05/2025,10:03:03,24463.7,24462.5,225,24463,75,225,13003500
NIFTY-I.NFO,08/05/2025,10:03:05,24463.8,24463,75,24463.8,75,300,13003500
NIFTY-I.NFO,08/05/2025,10:03:06,24463.8,24462.5,225,24463.8,75,0,13003500
NIFTY-I.NFO,08/05/2025,10:03:08,24463.1,24463.1,75,24463.5,75,300,13003500
NIFTY-I.NFO,08/05/2025,10:03:10,24463.8,24463.8,150,24464,450,375,13003500
NIFTY-I.NFO,08/05/2025,10:03:11,24463.8,24463.8,75,24464,450,75,13003500
NIFTY-I.NFO,08/05/2025,10:03:13,24463.5,24463.5,525,24463.7,300,225,13003500
NIFTY-I.NFO,08/05/2025,10:03:15,24463.7,24463.5,525,24463.7,225,75,13003500
NIFTY-I.NFO,08/05/2025,10:03:16,24463.5,24463.5,225,24464,75,825,13003500
NIFTY-I.NFO,08/05/2025,10:03:18,24462.5,24463.7,150,24463.8,225,300,13003500
NIFTY-I.NFO,08/05/2025,10:03:20,24463.8,24462.5,150,24463.5,75,300,13003500
NIFTY-I.NFO,08/05/2025,10:03:21,24462.5,24462,75,24463,450,150,13003500
NIFTY-I.NFO,08/05/2025,10:03:23,24460,24460,525,24461.7,225,300,13003500
NIFTY-I.NFO,08/05/2025,10:03:25,24460,24461.5,75,24461.7,225,0,13003500
NIFTY-I.NFO,08/05/2025,10:03:28,24460,24460,300,24460.8,225,300,13003500
NIFTY-I.NFO,08/05/2025,10:03:30,24460.8,24461.5,150,24463.3,150,225,13003500
NIFTY-I.NFO,08/05/2025,10:03:31,24461.5,24461.5,75,24462.2,75,150,13003500
NIFTY-I.NFO,08/05/2025,10:03:33,24462.2,24461.5,75,24462.5,225,75,13006500
NIFTY-I.NFO,08/05/2025,10:03:35,24461.5,24460,300,24462.5,225,75,13006500
NIFTY-I.NFO,08/05/2025,10:03:36,24460.4,24460.4,375,24462.5,225,75,13006500
NIFTY-I.NFO,08/05/2025,10:03:38,24460.4,24460.5,75,24461.4,150,375,13006500
NIFTY-I.NFO,08/05/2025,10:03:40,24460.4,24460.9,75,24461.4,150,0,13006500
NIFTY-I.NFO,08/05/2025,10:03:41,24461.4,24461.3,225,24463.5,75,150,13006500
NIFTY-I.NFO,08/05/2025,10:03:43,24461.4,24461.6,75,24462.5,225,0,13006500
NIFTY-I.NFO,08/05/2025,10:03:46,24461.4,24461.4,75,24462.5,225,0,13006500
NIFTY-I.NFO,08/05/2025,10:03:48,24461.3,24461.4,225,24461.9,225,300,13006500
NIFTY-I.NFO,08/05/2025,10:03:50,24461.9,24461.5,375,24463,75,300,13006500
NIFTY-I.NFO,08/05/2025,10:03:51,24461.5,24461.9,225,24463,75,75,13006500
NIFTY-I.NFO,08/05/2025,10:03:53,24461.5,24461.9,225,24463,75,0,13006500
NIFTY-I.NFO,08/05/2025,10:03:55,24461.9,24461.5,300,24462.4,225,150,13006500
NIFTY-I.NFO,08/05/2025,10:03:56,24461.9,24461.5,300,24462.4,225,0,13006500
NIFTY-I.NFO,08/05/2025,10:03:58,24462.4,24461.5,150,24462.4,75,225,13006500
NIFTY-I.NFO,08/05/2025,10:04:00,24461.6,24461.6,75,24463.5,75,150,13006500
NIFTY-I.NFO,08/05/2025,10:04:01,24463.5,24461.6,150,24463.5,75,75,13006500
NIFTY-I.NFO,08/05/2025,10:04:03,24463.5,24461.6,150,24463,75,75,13006500
NIFTY-I.NFO,08/05/2025,10:04:05,24463.5,24461.6,150,24463,75,0,13006500
NIFTY-I.NFO,08/05/2025,10:04:06,24462,24461.6,150,24463,75,75,13006500
NIFTY-I.NFO,08/05/2025,10:04:08,24461.3,24461,150,24464,75,900,13006500
NIFTY-I.NFO,08/05/2025,10:04:10,24464.8,24463.1,150,24465,225,150,13006500
NIFTY-I.NFO,08/05/2025,10:04:11,24464.8,24463,75,24463.5,75,0,13006500
NIFTY-I.NFO,08/05/2025,10:04:16,24463,24462.6,150,24463,1500,150,13006500
NIFTY-I.NFO,08/05/2025,10:04:18,24463,24462.6,150,24463,675,825,13006500
NIFTY-I.NFO,08/05/2025,10:04:20,24471.1,24465.1,150,24469.4,75,3525,13006500
NIFTY-I.NFO,08/05/2025,10:04:21,24471.1,24465.7,150,24468.4,75,0,13006500
NIFTY-I.NFO,08/05/2025,10:04:23,24468.4,24468.3,150,24470.4,150,75,13006500
NIFTY-I.NFO,08/05/2025,10:04:24,24473.9,24468.4,150,24473.9,150,525,13006500
NIFTY-I.NFO,08/05/2025,10:04:26,24474,24471.1,150,24474.8,75,75,13006500
NIFTY-I.NFO,08/05/2025,10:04:28,24474.8,24470.4,675,24470.9,1500,75,13006500
NIFTY-I.NFO,08/05/2025,10:04:29,24470.9,24470.4,225,24470.9,1125,375,13006500
NIFTY-I.NFO,08/05/2025,10:04:31,24470.9,24470.2,375,24470.9,975,300,13006500
NIFTY-I.NFO,08/05/2025,10:04:33,24470.4,24470.4,150,24470.9,825,375,13006500
NIFTY-I.NFO,08/05/2025,10:04:34,24474,24470.3,375,24474.9,150,975,13006500
NIFTY-I.NFO,08/05/2025,10:04:36,24470,24469.5,375,24474,750,600,13006500
NIFTY-I.NFO,08/05/2025,10:04:38,24469.1,24468.9,300,24474,750,150,13006500
NIFTY-I.NFO,08/05/2025,10:04:39,24474,24471.7,75,24474,975,75,13006500
NIFTY-I.NFO,08/05/2025,10:04:41,24470,24469.6,150,24474,1650,150,13006500
NIFTY-I.NFO,08/05/2025,10:04:43,24470,24470,75,24473.9,1500,0,13006500
NIFTY-I.NFO,08/05/2025,10:04:44,24473.9,24471,75,24473,75,300,13006500
NIFTY-I.NFO,08/05/2025,10:04:46,24473,24471,75,24473,225,525,13006500
NIFTY-I.NFO,08/05/2025,10:04:47,24473,24471,75,24473,150,75,13006500
NIFTY-I.NFO,08/05/2025,10:04:49,24471,24470.1,150,24473.9,600,525,13006500
NIFTY-I.NFO,08/05/2025,10:04:51,24473.9,24471.4,75,24473.9,525,225,13006500
NIFTY-I.NFO,08/05/2025,10:04:52,24473.9,24473,75,24473.8,600,75,13006500
NIFTY-I.NFO,08/05/2025,10:04:54,24473.8,24470,150,24473.8,525,150,13006500
NIFTY-I.NFO,08/05/2025,10:04:56,24473.8,24470,150,24473.9,600,0,13006500
NIFTY-I.NFO,08/05/2025,10:04:57,24473.8,24470,300,24473.9,675,300,13006500
NIFTY-I.NFO,08/05/2025,10:04:59,24473.9,24470.7,150,24473.9,675,75,13006500
NIFTY-I.NFO,08/05/2025,10:05:01,24470.5,24470.5,75,24473.9,675,150,13006500
NIFTY-I.NFO,08/05/2025,10:05:02,24473.9,24471,225,24473.9,525,225,13006500
NIFTY-I.NFO,08/05/2025,10:05:04,24473,24471.1,75,24473.9,300,375,13006500
NIFTY-I.NFO,08/05/2025,10:05:06,24471,24471,150,24473.4,150,300,13006500
NIFTY-I.NFO,08/05/2025,10:05:07,24471,24470,300,24471.1,150,225,13006500
NIFTY-I.NFO,08/05/2025,10:05:09,24471.1,24470,300,24471,75,150,13006500
NIFTY-I.NFO,08/05/2025,10:05:11,24473,24470,300,24472.9,675,300,13006500
NIFTY-I.NFO,08/05/2025,10:05:12,24470,24470,225,24471.4,150,75,13006500
NIFTY-I.NFO,08/05/2025,10:05:14,24468,24470,225,24471.2,150,450,13006500
NIFTY-I.NFO,08/05/2025,10:05:16,24471.5,24466,750,24471.7,225,300,13006500
NIFTY-I.NFO,08/05/2025,10:05:17,24471.5,24466.4,600,24471.9,225,0,13006500
NIFTY-I.NFO,08/05/2025,10:05:19,24466.7,24466.7,300,24472,150,300,13006500
NIFTY-I.NFO,08/05/2025,10:05:21,24466.7,24466.7,300,24471.6,75,0,13006500
NIFTY-I.NFO,08/05/2025,10:05:22,24471.6,24466.7,375,24471.6,150,75,13006500
NIFTY-I.NFO,08/05/2025,10:05:24,24470.4,24465.6,825,24471,150,75,13006500
NIFTY-I.NFO,08/05/2025,10:05:26,24466.4,24466,600,24471,150,75,13006500
NIFTY-I.NFO,08/05/2025,10:05:27,24466.4,24466,375,24470,225,0,13006500
NIFTY-I.NFO,08/05/2025,10:05:29,24470,24466,1125,24470,150,75,13006500
NIFTY-I.NFO,08/05/2025,10:05:31,24466.6,24466.5,1200,24470,150,75,13006500
NIFTY-I.NFO,08/05/2025,10:05:32,24470,24467.3,525,24470,225,75,13006500
NIFTY-I.NFO,08/05/2025,10:05:34,24467.3,24467.5,675,24470,225,75,13006500
NIFTY-I.NFO,08/05/2025,10:05:36,24470,24467.5,75,24470,825,75,13006500
NIFTY-I.NFO,08/05/2025,10:05:37,24470,24468,675,24470,75,750,13006500
NIFTY-I.NFO,08/05/2025,10:05:39,24468,24467.5,525,24470,75,525,13006500
NIFTY-I.NFO,08/05/2025,10:05:41,24467.5,24467,75,24470,75,225,13006500
NIFTY-I.NFO,08/05/2025,10:05:42,24466.1,24466,600,24468,75,225,13006500
NIFTY-I.NFO,08/05/2025,10:05:44,24468,24466.1,600,24468.1,150,75,13006500
NIFTY-I.NFO,08/05/2025,10:05:46,24466.4,24466.3,450,24470,750,225,13006500
NIFTY-I.NFO,08/05/2025,10:05:47,24466.4,24466.4,375,24470,750,0,13006500
NIFTY-I.NFO,08/05/2025,10:05:49,24467,24466.4,1050,24472,225,1275,13006500
NIFTY-I.NFO,08/05/2025,10:05:50,24467.2,24466.5,225,24472.2,150,825,13006500
NIFTY-I.NFO,08/05/2025,10:05:52,24467.2,24466.5,225,24471.8,150,0,13006500
NIFTY-I.NFO,08/05/2025,10:05:54,24470,24470,75,24471.8,150,75,13006500
NIFTY-I.NFO,08/05/2025,10:05:55,24471.8,24470,150,24472.1,75,225,13006500
NIFTY-I.NFO,08/05/2025,10:05:57,24470.8,24466.4,150,24469.9,75,525,13006500
NIFTY-I.NFO,08/05/2025,10:05:59,24470.5,24466.4,150,24470.4,150,75,13006500
NIFTY-I.NFO,08/05/2025,10:06:00,24470,24466.4,150,24470,1125,150,13006500
NIFTY-I.NFO,08/05/2025,10:06:02,24470,24466.4,150,24470,1125,75,13006500
NIFTY-I.NFO,08/05/2025,10:06:04,24465.2,24465.2,525,24466.4,75,600,13006500
NIFTY-I.NFO,08/05/2025,10:06:05,24465.2,24465.2,75,24470,1050,150,13006500
NIFTY-I.NFO,08/05/2025,10:06:07,24470,24465.7,375,24470,975,75,13006500
NIFTY-I.NFO,08/05/2025,10:06:09,24470,24466,75,24470,975,0,13006500
NIFTY-I.NFO,08/05/2025,10:06:10,24470,24466,150,24469.8,900,0,13006500
NIFTY-I.NFO,08/05/2025,10:06:12,24466.3,24466.4,300,24469.8,900,75,13006500
NIFTY-I.NFO,08/05/2025,10:06:14,24466.4,24466.3,225,24469.8,825,150,13006500
NIFTY-I.NFO,08/05/2025,10:06:15,24469.8,24466,375,24469.8,750,75,13006500
NIFTY-I.NFO,08/05/2025,10:06:17,24469.8,24466.1,75,24469.8,750,0,13006500
NIFTY-I.NFO,08/05/2025,10:06:18,24469.8,24466.1,375,24469.8,675,75,13006500
NIFTY-I.NFO,08/05/2025,10:06:20,24466.1,24466.1,300,24469.8,675,75,13006500
NIFTY-I.NFO,08/05/2025,10:06:22,24466.1,24466.1,300,24469.8,2175,0,13006500
NIFTY-I.NFO,08/05/2025,10:06:23,24466.1,24466.1,750,24468,225,75,13006500
NIFTY-I.NFO,08/05/2025,10:06:25,24466.1,24466.4,525,24468,225,0,13006500
NIFTY-I.NFO,08/05/2025,10:06:27,24468,24466.4,525,24468,150,75,13006500
NIFTY-I.NFO,08/05/2025,10:06:28,24466.1,24466.4,300,24468,150,750,13006500
NIFTY-I.NFO,08/05/2025,10:06:30,24466.4,24466.4,225,24468,150,75,13006500
NIFTY-I.NFO,08/05/2025,10:06:35,24468,24466.4,525,24468,150,75,13008900
NIFTY-I.NFO,08/05/2025,10:06:37,24468,24466.4,225,24469.8,2175,150,13008900
NIFTY-I.NFO,08/05/2025,10:06:38,24469.8,24468,75,24469.8,2025,150,13008900
NIFTY-I.NFO,08/05/2025,10:06:40,24468.8,24468,300,24469.4,75,75,13008900
NIFTY-I.NFO,08/05/2025,10:06:41,24468,24468,225,24468.4,150,75,13008900
NIFTY-I.NFO,08/05/2025,10:06:43,24468,24468,150,24468.4,150,75,13008900
NIFTY-I.NFO,08/05/2025,10:06:45,24468,24468,75,24468.4,150,75,13008900
NIFTY-I.NFO,08/05/2025,10:06:46,24468,24468,225,24469.4,150,150,13008900
NIFTY-I.NFO,08/05/2025,10:06:48,24468,24468,225,24469.2,150,0,13008900
NIFTY-I.NFO,08/05/2025,10:06:50,24468,24468,225,24469.5,150,0,13008900
NIFTY-I.NFO,08/05/2025,10:06:51,24468,24468,225,24469.4,150,0,13008900
NIFTY-I.NFO,08/05/2025,10:06:53,24468.4,24468,225,24469.5,150,75,13008900
NIFTY-I.NFO,08/05/2025,10:06:54,24468,24468,150,24469.5,150,75,13008900
NIFTY-I.NFO,08/05/2025,10:06:56,24468,24468,150,24469.5,150,0,13008900
NIFTY-I.NFO,08/05/2025,10:06:58,24469.5,24468,375,24469.6,150,225,13008900
NIFTY-I.NFO,08/05/2025,10:06:59,24469.5,24468,375,24469.6,150,0,13008900
NIFTY-I.NFO,08/05/2025,10:07:01,24468,24468,300,24469.6,225,75,13008900
NIFTY-I.NFO,08/05/2025,10:07:03,24469.6,24468,300,24469.6,75,75,13008900
NIFTY-I.NFO,08/05/2025,10:07:04,24469.6,24468,600,24469.8,2025,75,13008900
NIFTY-I.NFO,08/05/2025,10:07:06,24469.6,24468,600,24469.8,2025,0,13008900
NIFTY-I.NFO,08/05/2025,10:07:07,24469.8,24468,600,24469.8,2100,150,13008900
NIFTY-I.NFO,08/05/2025,10:07:09,24468,24468,600,24468.7,150,375,13008900
NIFTY-I.NFO,08/05/2025,10:07:11,24467,24466.2,75,24468.8,225,900,13008900
NIFTY-I.NFO,08/05/2025,10:07:12,24467,24466.2,75,24467.7,75,0,13008900
NIFTY-I.NFO,08/05/2025,10:07:14,24467,24466.2,75,24468,75,0,13008900
NIFTY-I.NFO,08/05/2025,10:07:16,24468,24465.8,75,24468.5,150,75,13008900
NIFTY-I.NFO,08/05/2025,10:07:17,24468,24465.8,75,24467.8,75,0,13008900
NIFTY-I.NFO,08/05/2025,10:07:19,24468,24465.8,75,24467.4,150,0,13008900
NIFTY-I.NFO,08/05/2025,10:07:20,24467.8,24465.8,75,24468.1,150,75,13008900
NIFTY-I.NFO,08/05/2025,10:07:22,24467.3,24466.2,300,24467.9,150,225,13008900
NIFTY-I.NFO,08/05/2025,10:07:24,24466.2,24466.2,225,24467.9,150,75,13008900
NIFTY-I.NFO,08/05/2025,10:07:26,24468,24466.2,225,24468.1,225,75,13008900
NIFTY-I.NFO,08/05/2025,10:07:27,24466.2,24466.2,75,24468.1,75,150,13008900
NIFTY-I.NFO,08/05/2025,10:07:29,24466.2,24466.2,75,24469.4,300,0,13008900
NIFTY-I.NFO,08/05/2025,10:07:31,24469.4,24467.8,75,24469.5,300,300,13008900
NIFTY-I.NFO,08/05/2025,10:07:32,24469.4,24466.2,75,24469.4,150,150,13008900
NIFTY-I.NFO,08/05/2025,10:07:34,24469.4,24466.2,75,24468,75,0,13008900
NIFTY-I.NFO,08/05/2025,10:07:36,24468,24465.9,150,24469.3,75,150,13008900
NIFTY-I.NFO,08/05/2025,10:07:37,24468,24466.5,150,24469.3,75,0,13008900
NIFTY-I.NFO,08/05/2025,10:07:39,24468,24467,150,24469.3,75,0,13008900
NIFTY-I.NFO,08/05/2025,10:07:41,24469.4,24469.4,75,24469.5,300,300,13008900
NIFTY-I.NFO,08/05/2025,10:07:42,24469.4,24469.4,75,24469.5,300,0,13008900
NIFTY-I.NFO,08/05/2025,10:07:44,24469.4,24469.4,75,24469.5,675,0,13008900
NIFTY-I.NFO,08/05/2025,10:07:45,24469.4,24469.4,150,24469.5,675,0,13008900
NIFTY-I.NFO,08/05/2025,10:07:47,24469.4,24469.4,75,24469.5,375,75,13008900
NIFTY-I.NFO,08/05/2025,10:07:49,24469.4,24469.4,75,24469.5,375,75,13008900
NIFTY-I.NFO,08/05/2025,10:07:50,24469.4,24469.4,75,24469.5,375,0,13008900
NIFTY-I.NFO,08/05/2025,10:07:52,24469.5,24469.4,75,24469.5,300,75,13008900
NIFTY-I.NFO,08/05/2025,10:07:54,24469.5,24469.4,75,24469.5,300,0,13008900
NIFTY-I.NFO,08/05/2025,10:07:57,24469.5,24468.2,75,24469.5,225,150,13008900
NIFTY-I.NFO,08/05/2025,10:07:58,24469.6,24467.7,225,24469.6,600,450,13008900
NIFTY-I.NFO,08/05/2025,10:08:00,24469.6,24468.4,600,24469.6,600,0,13008900
NIFTY-I.NFO,08/05/2025,10:08:02,24469.6,24467,225,24469.6,600,225,13008900
NIFTY-I.NFO,08/05/2025,10:08:03,24469.6,24468.4,225,24469.6,225,375,13008900
NIFTY-I.NFO,08/05/2025,10:08:05,24469.5,24468.4,225,24469.5,225,75,13008900
NIFTY-I.NFO,08/05/2025,10:08:07,24469,24469,300,24469.5,150,150,13008900
NIFTY-I.NFO,08/05/2025,10:08:08,24469,24469,300,24469.5,150,0,13008900
NIFTY-I.NFO,08/05/2025,10:08:10,24469.5,24469,300,24469.5,75,75,13008900
NIFTY-I.NFO,08/05/2025,10:08:12,24469.6,24469.5,75,24469.6,150,150,13008900
NIFTY-I.NFO,08/05/2025,10:08:13,24469.8,24469.5,75,24469.8,1875,225,13008900
NIFTY-I.NFO,08/05/2025,10:08:15,24469.8,24469.3,225,24469.8,1800,150,13008900
NIFTY-I.NFO,08/05/2025,10:08:17,24469.8,24469.4,150,24469.8,1800,0,13008900
NIFTY-I.NFO,08/05/2025,10:08:18,24469.8,24469.4,150,24469.8,1575,225,13008900
NIFTY-I.NFO,08/05/2025,10:08:20,24469.8,24469.4,150,24469.8,1500,75,13008900
NIFTY-I.NFO,08/05/2025,10:08:22,24469.4,24469.4,75,24469.8,1500,75,13008900
NIFTY-I.NFO,08/05/2025,10:08:23,24469.8,24469.4,75,24469.8,1425,75,13008900
NIFTY-I.NFO,08/05/2025,10:08:25,24469.8,24469.4,75,24469.8,1425,0,13008900
NIFTY-I.NFO,08/05/2025,10:08:27,24469.7,24469.1,150,24469.8,1425,300,13008900
NIFTY-I.NFO,08/05/2025,10:08:28,24469.7,24469.1,150,24469.8,1425,0,13008900
NIFTY-I.NFO,08/05/2025,10:08:30,24469,24468.8,225,24469.8,1425,75,13008900
NIFTY-I.NFO,08/05/2025,10:08:32,24469.8,24468.9,75,24469.8,1125,300,13008900
NIFTY-I.NFO,08/05/2025,10:08:33,24469.8,24468.9,75,24469.8,1125,0,13008900
NIFTY-I.NFO,08/05/2025,10:08:35,24469.8,24468.9,75,24469.8,900,225,13008900
NIFTY-I.NFO,08/05/2025,10:08:37,24469.8,24468.3,225,24469.8,750,225,13008900
NIFTY-I.NFO,08/05/2025,10:08:38,24469.8,24469.5,150,24469.8,675,75,13008900
NIFTY-I.NFO,08/05/2025,10:08:40,24469.8,24469.5,150,24469.8,675,0,13008900
NIFTY-I.NFO,08/05/2025,10:08:41,24469.8,24469.1,225,24469.8,600,75,13008900
NIFTY-I.NFO,08/05/2025,10:08:43,24469.8,24469.1,225,24469.8,450,225,13008900
NIFTY-I.NFO,08/05/2025,10:08:45,24470,24469.8,1725,24470,150,750,13008900
NIFTY-I.NFO,08/05/2025,10:08:46,24469.8,24469.8,1500,24470,150,75,13008900
NIFTY-I.NFO,08/05/2025,10:08:48,24470.8,24469.8,1500,24470.8,75,225,13008900
NIFTY-I.NFO,08/05/2025,10:08:49,24469.8,24469.8,900,24471.7,75,675,13008900
NIFTY-I.NFO,08/05/2025,10:08:51,24469.8,24469.8,900,24471.7,75,0,13008900
NIFTY-I.NFO,08/05/2025,10:08:53,24469.8,24470.8,75,24471.7,75,0,13008900
NIFTY-I.NFO,08/05/2025,10:08:54,24471.6,24470.8,75,24471.8,2775,75,13008900
NIFTY-I.NFO,08/05/2025,10:08:56,24471.8,24470.8,75,24471.8,2700,75,13008900
NIFTY-I.NFO,08/05/2025,10:08:58,24471.8,24470.8,75,24471.8,2625,75,13008900
NIFTY-I.NFO,08/05/2025,10:08:59,24471.8,24470.8,75,24471.7,150,0,13008900
NIFTY-I.NFO,08/05/2025,10:09:01,24471.8,24470.8,75,24471.8,2475,300,13008900
NIFTY-I.NFO,08/05/2025,10:09:03,24471.8,24471,75,24471.8,2175,300,13008900
NIFTY-I.NFO,08/05/2025,10:09:04,24471.8,24470.8,75,24471.8,1950,300,13008900
NIFTY-I.NFO,08/05/2025,10:09:06,24471,24470,150,24471,75,450,13008900
NIFTY-I.NFO,08/05/2025,10:09:08,24469.8,24469.8,675,24471.7,75,825,13008900
NIFTY-I.NFO,08/05/2025,10:09:09,24471.8,24470,150,24471.8,1125,750,13008900
NIFTY-I.NFO,08/05/2025,10:09:11,24471.8,24470,150,24471.7,525,0,13008900
NIFTY-I.NFO,08/05/2025,10:09:12,24468,24466.7,150,24467.5,225,300,13008900
NIFTY-I.NFO,08/05/2025,10:09:14,24467.5,24466.7,300,24467.5,75,150,13008900
NIFTY-I.NFO,08/05/2025,10:09:16,24467.5,24466.6,150,24467.5,75,0,13008900
NIFTY-I.NFO,08/05/2025,10:09:17,24467.5,24466.8,300,24467.5,75,0,13008900
NIFTY-I.NFO,08/05/2025,10:09:19,24466.6,24466.5,450,24467.6,75,150,13008900
NIFTY-I.NFO,08/05/2025,10:09:21,24466.6,24466.9,450,24467.6,75,0,13008900
NIFTY-I.NFO,08/05/2025,10:09:24,24471.5,24467.5,75,24471.5,450,150,13008900
NIFTY-I.NFO,08/05/2025,10:09:26,24467.1,24466.5,300,24470.9,300,150,13008900
NIFTY-I.NFO,08/05/2025,10:09:27,24467.1,24466.5,300,24470.9,300,0,13008900
NIFTY-I.NFO,08/05/2025,10:09:29,24467.3,24468.1,300,24470.9,300,75,13008900
NIFTY-I.NFO,08/05/2025,10:09:31,24467.3,24468.1,300,24470.9,300,0,13008900
NIFTY-I.NFO,08/05/2025,10:09:32,24467.3,24467.2,75,24470,75,0,13008900
NIFTY-I.NFO,08/05/2025,10:09:34,24467.2,24467.5,300,24470,75,75,13008150
NIFTY-I.NFO,08/05/2025,10:09:36,24470.9,24467.8,225,24470.9,75,300,13008150
NIFTY-I.NFO,08/05/2025,10:09:37,24467.8,24467.9,75,24470.8,75,375,13008150
NIFTY-I.NFO,08/05/2025,10:09:39,24467.9,24467.8,75,24470.8,75,75,13008150
NIFTY-I.NFO,08/05/2025,10:09:40,24467.9,24468.6,300,24469.3,75,0,13008150
NIFTY-I.NFO,08/05/2025,10:09:44,24468.5,24468.3,300,24468.8,75,75,13008150
NIFTY-I.NFO,08/05/2025,10:09:45,24470,24469.8,225,24470,75,300,13008150
NIFTY-I.NFO,08/05/2025,10:09:47,24469.8,24469.3,225,24470,75,225,13008150
NIFTY-I.NFO,08/05/2025,10:09:48,24470,24469.3,225,24470.8,75,75,13008150
NIFTY-I.NFO,08/05/2025,10:09:50,24471.8,24466,225,24471.8,525,1875,13008150
NIFTY-I.NFO,08/05/2025,10:09:52,24471.8,24466,225,24471.4,150,0,13008150
NIFTY-I.NFO,08/05/2025,10:09:53,24466,24466.1,75,24471.2,150,450,13008150
NIFTY-I.NFO,08/05/2025,10:09:55,24466.5,24466.5,225,24470.8,150,150,13008150
NIFTY-I.NFO,08/05/2025,10:09:57,24471.4,24466.5,225,24470.8,75,1500,13008150
NIFTY-I.NFO,08/05/2025,10:09:58,24471.4,24466.5,225,24470.2,150,0,13008150
NIFTY-I.NFO,08/05/2025,10:10:00,24470.2,24466.5,150,24470.6,75,225,13008150
NIFTY-I.NFO,08/05/2025,10:10:01,24466.5,24467,75,24470.5,75,150,13008150
NIFTY-I.NFO,08/05/2025,10:10:03,24466.5,24467,225,24470.1,150,0,13008150
NIFTY-I.NFO,08/05/2025,10:10:05,24470.1,24467,225,24470.5,75,150,13008150
NIFTY-I.NFO,08/05/2025,10:10:06,24470.1,24467,225,24467.6,75,0,13008150
NIFTY-I.NFO,08/05/2025,10:10:08,24467.6,24467,225,24470.4,150,75,13008150
NIFTY-I.NFO,08/05/2025,10:10:10,24467.6,24467,225,24470.4,150,0,13008150
NIFTY-I.NFO,08/05/2025,10:10:11,24467,24467,150,24470,300,75,13008150
NIFTY-I.NFO,08/05/2025,10:10:13,24467,24467,75,24470,225,225,13008150
NIFTY-I.NFO,08/05/2025,10:10:15,24467,24467,75,24470,225,0,13008150
NIFTY-I.NFO,08/05/2025,10:10:16,24470,24467,75,24470,150,75,13008150
NIFTY-I.NFO,08/05/2025,10:10:18,24467.5,24467.1,75,24467.5,75,75,13008150
NIFTY-I.NFO,08/05/2025,10:10:19,24467.5,24467.1,75,24467.5,75,0,13008150
NIFTY-I.NFO,08/05/2025,10:10:21,24467.1,24467,75,24469.8,75,150,13008150
NIFTY-I.NFO,08/05/2025,10:10:23,24467.1,24467,75,24469.8,75,0,13008150
NIFTY-I.NFO,08/05/2025,10:10:24,24467,24466.5,150,24469.8,75,75,13008150
NIFTY-I.NFO,08/05/2025,10:10:26,24466.5,24466.5,75,24469.9,75,300,13008150
NIFTY-I.NFO,08/05/2025,10:10:28,24466.2,24465.1,150,24469.9,225,225,13008150
NIFTY-I.NFO,08/05/2025,10:10:29,24466.2,24465.3,150,24469.9,75,0,13008150
NIFTY-I.NFO,08/05/2025,10:10:33,24465,24465,450,24469.9,75,525,13008150
NIFTY-I.NFO,08/05/2025,10:10:34,24465,24465,450,24469.8,75,0,13008150
NIFTY-I.NFO,08/05/2025,10:10:36,24465,24465,225,24468.3,150,1050,13008150
NIFTY-I.NFO,08/05/2025,10:10:37,24468.9,24465,600,24468.9,525,225,13008150
NIFTY-I.NFO,08/05/2025,10:10:39,24468.2,24465,600,24468.2,75,75,13008150
NIFTY-I.NFO,08/05/2025,10:10:41,24465,24464,75,24465,825,675,13008150
NIFTY-I.NFO,08/05/2025,10:10:42,24464.6,24464,75,24464.6,75,225,13008150
NIFTY-I.NFO,08/05/2025,10:10:44,24464.6,24464.1,525,24464.6,75,0,13008150
NIFTY-I.NFO,08/05/2025,10:10:46,24464.6,24464.2,600,24465,900,75,13008150
NIFTY-I.NFO,08/05/2025,10:10:47,24465,24464.8,900,24468.8,150,1125,13008150
NIFTY-I.NFO,08/05/2025,10:10:49,24465,24464.9,525,24465,75,0,13008150
NIFTY-I.NFO,08/05/2025,10:10:51,24465,24465,225,24468.8,150,150,13008150
NIFTY-I.NFO,08/05/2025,10:10:52,24465,24465,75,24468.8,150,150,13008150
NIFTY-I.NFO,08/05/2025,10:10:54,24470,24465.3,600,24469.8,75,375,13008150
NIFTY-I.NFO,08/05/2025,10:10:56,24465.3,24465.5,900,24469.8,75,600,13008150
NIFTY-I.NFO,08/05/2025,10:10:57,24465.4,24465.4,900,24469.8,75,150,13008150
NIFTY-I.NFO,08/05/2025,10:10:59,24465.8,24465.6,300,24469.8,75,150,13008150
NIFTY-I.NFO,08/05/2025,10:11:01,24469.8,24465.6,300,24470.1,150,150,13008150
NIFTY-I.NFO,08/05/2025,10:11:02,24465.6,24465.6,300,24470,75,75,13008150
NIFTY-I.NFO,08/05/2025,10:11:04,24466,24465.6,300,24470,75,75,13008150
NIFTY-I.NFO,08/05/2025,10:11:07,24469.1,24468.4,75,24470,150,75,13008150
NIFTY-I.NFO,08/05/2025,10:11:09,24470,24465.4,300,24470,75,225,13008150
NIFTY-I.NFO,08/05/2025,10:11:10,24466,24465.4,300,24470,75,75,13008150
NIFTY-I.NFO,08/05/2025,10:11:12,24470.1,24465.6,75,24470.1,225,225,13008150
NIFTY-I.NFO,08/05/2025,10:11:14,24470.2,24465.7,300,24470.2,150,225,13008150
NIFTY-I.NFO,08/05/2025,10:11:15,24470.2,24465.7,300,24469.8,150,150,13008150
NIFTY-I.NFO,08/05/2025,10:11:17,24470.1,24465.7,300,24470.2,150,75,13008150
NIFTY-I.NFO,08/05/2025,10:11:19,24465.7,24465.6,75,24470.3,150,75,13008150
NIFTY-I.NFO,08/05/2025,10:11:20,24465.7,24465.6,75,24470.4,150,0,13008150
NIFTY-I.NFO,08/05/2025,10:11:22,24465.6,24465.5,150,24469.9,525,225,13008150
NIFTY-I.NFO,08/05/2025,10:11:24,24465.6,24465.3,300,24465.6,300,300,13008150
NIFTY-I.NFO,08/05/2025,10:11:25,24465.3,24465,1200,24465.6,300,300,13008150
NIFTY-I.NFO,08/05/2025,10:11:27,24465,24465,750,24465.6,300,450,13008150
NIFTY-I.NFO,08/05/2025,10:11:29,24465.6,24465,750,24465.6,150,150,13008150
NIFTY-I.NFO,08/05/2025,10:11:30,24465.6,24465,750,24465.6,150,75,13008150
NIFTY-I.NFO,08/05/2025,10:11:32,24465.6,24465,750,24465.6,150,0,13008150
NIFTY-I.NFO,08/05/2025,10:11:34,24465.6,24465,825,24465.6,150,0,13008150
NIFTY-I.NFO,08/05/2025,10:11:35,24465.6,24465,825,24465.6,75,75,13008150
NIFTY-I.NFO,08/05/2025,10:11:37,24465,24465,750,24465.6,75,75,13008150
NIFTY-I.NFO,08/05/2025,10:11:39,24467.4,24465,750,24469.1,75,225,13008150
NIFTY-I.NFO,08/05/2025,10:11:40,24467.4,24465,750,24469.8,225,0,13008150
NIFTY-I.NFO,08/05/2025,10:11:42,24469.8,24465,825,24469.6,150,75,13008150
NIFTY-I.NFO,08/05/2025,10:11:44,24469.8,24465,825,24469.7,150,0,13008150
NIFTY-I.NFO,08/05/2025,10:11:45,24469.8,24465,825,24469.9,150,0,13008150
NIFTY-I.NFO,08/05/2025,10:11:47,24468,24465,825,24468,75,75,13008150
NIFTY-I.NFO,08/05/2025,10:11:49,24465,24465,675,24468.5,150,375,13008150
NIFTY-I.NFO,08/05/2025,10:11:50,24465,24465,150,24468.8,150,525,13008150
NIFTY-I.NFO,08/05/2025,10:11:52,24464.6,24464.3,450,24464.6,75,525,13008150
NIFTY-I.NFO,08/05/2025,10:11:54,24469.3,24464.4,375,24469.3,150,300,13008150
NIFTY-I.NFO,08/05/2025,10:11:55,24469.3,24464.4,450,24469.4,300,0,13008150
NIFTY-I.NFO,08/05/2025,10:11:57,24464.3,24464.2,150,24469.3,150,300,13008150
NIFTY-I.NFO,08/05/2025,10:11:59,24464.3,24465,75,24468.7,150,0,13008150
NIFTY-I.NFO,08/05/2025,10:12:02,24465.1,24465,75,24468,75,75,13008150
NIFTY-I.NFO,08/05/2025,10:12:04,24465.1,24465.1,75,24468,75,0,13008150
NIFTY-I.NFO,08/05/2025,10:12:09,24468,24465.1,75,24468.1,150,75,13008150
NIFTY-I.NFO,08/05/2025,10:12:10,24465.5,24465.1,300,24467.5,150,75,13008150
NIFTY-I.NFO,08/05/2025,10:12:12,24466.9,24465.1,75,24466.9,75,75,13008150
NIFTY-I.NFO,08/05/2025,10:12:14,24466.9,24465.1,75,24466.9,75,0,13008150
NIFTY-I.NFO,08/05/2025,10:12:15,24465,24465,75,24466.9,75,150,13008150
NIFTY-I.NFO,08/05/2025,10:12:17,24465,24465,75,24466.9,75,0,13008150
NIFTY-I.NFO,08/05/2025,10:12:20,24465,24465,225,24466.9,75,75,13008150
NIFTY-I.NFO,08/05/2025,10:12:22,24465,24465,225,24466.9,75,0,13008150
NIFTY-I.NFO,08/05/2025,10:12:24,24466.9,24465,225,24467,525,75,13008150
NIFTY-I.NFO,08/05/2025,10:12:27,24466,24465,300,24466,450,75,13008150
NIFTY-I.NFO,08/05/2025,10:12:29,24464.4,24464.3,375,24464.9,300,375,13008150
NIFTY-I.NFO,08/05/2025,10:12:30,24463.9,24463.3,300,24463.4,75,1275,13008150
NIFTY-I.NFO,08/05/2025,10:12:32,24463.9,24463.3,300,24464.1,225,0,13008150
NIFTY-I.NFO,08/05/2025,10:12:34,24463.3,24463.3,75,24464.1,75,375,13005075
NIFTY-I.NFO,08/05/2025,10:12:35,24463.4,24463.3,150,24464.2,150,75,13005075
NIFTY-I.NFO,08/05/2025,10:12:37,24463.4,24463.3,150,24463.4,75,75,13005075
NIFTY-I.NFO,08/05/2025,10:12:38,24462,24461.4,75,24463.4,75,450,13005075
NIFTY-I.NFO,08/05/2025,10:12:40,24461.4,24461.4,225,24464.9,150,75,13005075
NIFTY-I.NFO,08/05/2025,10:12:42,24461.4,24461.4,150,24462,75,75,13005075
NIFTY-I.NFO,08/05/2025,10:12:43,24461,24461,225,24461.9,150,450,13005075
NIFTY-I.NFO,08/05/2025,10:12:45,24461,24461,225,24461.9,150,0,13005075
NIFTY-I.NFO,08/05/2025,10:12:47,24462,24461.4,375,24462,150,225,13005075
NIFTY-I.NFO,08/05/2025,10:12:48,24462,24461.4,450,24462,150,0,13005075
NIFTY-I.NFO,08/05/2025,10:12:50,24462,24462,75,24465,600,150,13005075
NIFTY-I.NFO,08/05/2025,10:12:52,24465,24461.4,75,24465,525,75,13005075
NIFTY-I.NFO,08/05/2025,10:12:53,24465,24461.4,75,24465,525,0,13005075
NIFTY-I.NFO,08/05/2025,10:12:55,24462.5,24462,75,24462.5,75,75,13005075
NIFTY-I.NFO,08/05/2025,10:12:57,24462,24461.4,75,24462.5,75,75,13005075
NIFTY-I.NFO,08/05/2025,10:12:58,24462,24461.5,300,24462.5,75,0,13005075
NIFTY-I.NFO,08/05/2025,10:13:03,24461.5,24462.5,150,24464.9,75,375,13005075
NIFTY-I.NFO,08/05/2025,10:13:05,24461.5,24462.5,150,24464.9,75,0,13005075
NIFTY-I.NFO,08/05/2025,10:13:08,24461.5,24462.5,150,24463,75,0,13005075
NIFTY-I.NFO,08/05/2025,10:13:10,24463,24462.5,150,24464.9,75,75,13005075
NIFTY-I.NFO,08/05/2025,10:13:12,24463,24462.5,150,24464.9,75,0,13005075
NIFTY-I.NFO,08/05/2025,10:13:15,24463,24462.6,600,24464.9,75,0,13005075
NIFTY-I.NFO,08/05/2025,10:13:17,24463,24463.3,150,24464.9,75,0,13005075
NIFTY-I.NFO,08/05/2025,10:13:18,24463,24463,75,24464.9,75,0,13005075
NIFTY-I.NFO,08/05/2025,10:13:25,24463,24462.5,150,24463,150,300,13005075
NIFTY-I.NFO,08/05/2025,10:13:26,24463,24462.5,300,24463,75,75,13005075
NIFTY-I.NFO,08/05/2025,10:13:28,24463,24462.5,450,24462.9,75,0,13005075
NIFTY-I.NFO,08/05/2025,10:13:30,24462.9,24462.8,300,24463,75,75,13005075
NIFTY-I.NFO,08/05/2025,10:13:31,24463,24462.5,150,24464.9,75,75,13005075
NIFTY-I.NFO,08/05/2025,10:13:33,24463,24462.6,225,24464.9,75,0,13005075
NIFTY-I.NFO,08/05/2025,10:13:35,24465,24462.7,75,24464.9,300,750,13005075
NIFTY-I.NFO,08/05/2025,10:13:36,24465,24462.7,75,24464.8,75,0,13005075
NIFTY-I.NFO,08/05/2025,10:13:38,24464.8,24462.5,150,24464.8,75,75,13005075
NIFTY-I.NFO,08/05/2025,10:13:40,24462.5,24462.5,75,24464.8,75,75,13005075
NIFTY-I.NFO,08/05/2025,10:13:41,24464.8,24462.5,150,24464.9,300,75,13005075
NIFTY-I.NFO,08/05/2025,10:13:43,24464.8,24463,1800,24464,75,0,13005075
NIFTY-I.NFO,08/05/2025,10:13:45,24464,24463.1,75,24464.9,300,75,13005075
NIFTY-I.NFO,08/05/2025,10:13:46,24464,24463.1,75,24464.9,300,0,13005075
NIFTY-I.NFO,08/05/2025,10:13:50,24464,24463.7,225,24464.9,300,0,13005075
NIFTY-I.NFO,08/05/2025,10:13:51,24464.9,24463.7,225,24464.9,225,75,13005075
NIFTY-I.NFO,08/05/2025,10:13:53,24464.9,24463.7,75,24464.8,75,0,13005075
NIFTY-I.NFO,08/05/2025,10:13:55,24464.9,24464,225,24465,525,300,13005075
NIFTY-I.NFO,08/05/2025,10:13:56,24464,24464,150,24465,450,225,13005075
NIFTY-I.NFO,08/05/2025,10:13:58,24465,24464,150,24464.8,75,75,13005075
NIFTY-I.NFO,08/05/2025,10:13:59,24465,24464,300,24464.8,75,0,13005075
NIFTY-I.NFO,08/05/2025,10:14:03,24465,24464,300,24465,300,150,13005075
NIFTY-I.NFO,08/05/2025,10:14:04,24465,24464,75,24465,75,450,13005075
NIFTY-I.NFO,08/05/2025,10:14:06,24465,24464,150,24467.5,150,150,13005075
NIFTY-I.NFO,08/05/2025,10:14:08,24468.8,24464,75,24468.8,375,225,13005075
NIFTY-I.NFO,08/05/2025,10:14:09,24468.8,24465,150,24467.9,150,0,13005075
NIFTY-I.NFO,08/05/2025,10:14:11,24468.1,24465,225,24468.8,375,75,13005075
NIFTY-I.NFO,08/05/2025,10:14:12,24468,24465,150,24468.3,150,525,13005075
NIFTY-I.NFO,08/05/2025,10:14:14,24468.3,24465,150,24468.2,300,75,13005075
NIFTY-I.NFO,08/05/2025,10:14:16,24468.3,24465,150,24468.2,600,0,13005075
NIFTY-I.NFO,08/05/2025,10:14:17,24467.5,24463.1,225,24467.5,75,300,13005075
NIFTY-I.NFO,08/05/2025,10:14:19,24467.5,24463.1,300,24466.2,75,0,13005075
NIFTY-I.NFO,08/05/2025,10:14:21,24466.2,24463.2,225,24466.3,150,75,13005075
NIFTY-I.NFO,08/05/2025,10:14:22,24466.3,24463.2,225,24466.3,75,75,13005075
NIFTY-I.NFO,08/05/2025,10:14:24,24463.2,24463.2,150,24466.3,75,75,13005075
NIFTY-I.NFO,08/05/2025,10:14:26,24463.2,24463.2,150,24465.7,75,0,13005075
NIFTY-I.NFO,08/05/2025,10:14:27,24465.7,24463.3,300,24466.6,150,75,13005075
NIFTY-I.NFO,08/05/2025,10:14:29,24463.3,24463.3,375,24466.5,150,75,13005075
NIFTY-I.NFO,08/05/2025,10:14:31,24463.3,24463.3,375,24466.4,75,0,13005075
NIFTY-I.NFO,08/05/2025,10:14:32,24466.4,24463.3,375,24466.3,75,150,13005075
NIFTY-I.NFO,08/05/2025,10:14:34,24466.3,24463.4,150,24466.5,150,75,13005075
NIFTY-I.NFO,08/05/2025,10:14:35,24466.5,24463.4,150,24467.8,150,75,13005075
NIFTY-I.NFO,08/05/2025,10:14:37,24466.5,24463.4,150,24467.8,75,0,13005075
NIFTY-I.NFO,08/05/2025,10:14:40,24466.5,24466,150,24466.5,150,0,13005075
NIFTY-I.NFO,08/05/2025,10:14:42,24466.5,24464,75,24466.5,75,450,13005075
NIFTY-I.NFO,08/05/2025,10:14:44,24466.5,24464,75,24466.5,150,0,13005075
NIFTY-I.NFO,08/05/2025,10:14:50,24466.5,24464,75,24465,75,150,13005075
NIFTY-I.NFO,08/05/2025,10:14:52,24466.5,24464,525,24465,75,0,13005075
NIFTY-I.NFO,08/05/2025,10:14:53,24465,24464.1,150,24467.2,150,75,13005075
NIFTY-I.NFO,08/05/2025,10:14:57,24467.2,24465.7,75,24468,225,75,13005075
NIFTY-I.NFO,08/05/2025,10:14:58,24465,24465.7,150,24466.5,75,150,13005075
NIFTY-I.NFO,08/05/2025,10:15:00,24465.7,24465.7,75,24467.5,75,525,13005075
NIFTY-I.NFO,08/05/2025,10:15:02,24468,24464,600,24468,75,300,13005075
NIFTY-I.NFO,08/05/2025,10:15:03,24469,24464,600,24469,825,300,13005075
NIFTY-I.NFO,08/05/2025,10:15:05,24468.6,24465,75,24468.5,975,375,13005075
NIFTY-I.NFO,08/05/2025,10:15:07,24468.6,24465,75,24468.3,750,0,13005075
NIFTY-I.NFO,08/05/2025,10:15:08,24468.6,24465,75,24468.7,300,0,13005075
NIFTY-I.NFO,08/05/2025,10:15:10,24468.6,24465,300,24468.6,75,0,13005075
NIFTY-I.NFO,08/05/2025,10:15:12,24465,24465,225,24468.6,75,75,13005075
NIFTY-I.NFO,08/05/2025,10:15:13,24465,24465.1,75,24468.5,525,0,13005075
NIFTY-I.NFO,08/05/2025,10:15:15,24465,24465.1,225,24467.6,75,0,13005075
NIFTY-I.NFO,08/05/2025,10:15:17,24467.9,24465.1,225,24467.9,75,75,13005075
NIFTY-I.NFO,08/05/2025,10:15:18,24468.2,24465.3,75,24468.3,150,750,13005075
NIFTY-I.NFO,08/05/2025,10:15:20,24465.3,24465.2,150,24465.4,75,150,13005075
NIFTY-I.NFO,08/05/2025,10:15:21,24465.4,24465,375,24466.6,225,150,13005075
NIFTY-I.NFO,08/05/2025,10:15:23,24465.4,24465,375,24466.6,225,0,13005075
NIFTY-I.NFO,08/05/2025,10:15:25,24465,24465,300,24466.6,225,75,13005075
NIFTY-I.NFO,08/05/2025,10:15:26,24465,24465,300,24466.6,225,0,13005075
NIFTY-I.NFO,08/05/2025,10:15:28,24465,24465,225,24466.4,75,150,13005075
NIFTY-I.NFO,08/05/2025,10:15:29,24465,24464,600,24466.4,75,300,13005075
NIFTY-I.NFO,08/05/2025,10:15:31,24465,24464,600,24466.4,75,0,13005075
NIFTY-I.NFO,08/05/2025,10:15:33,24464,24464,450,24466.4,75,150,13005075
NIFTY-I.NFO,08/05/2025,10:15:34,24464,24464,450,24466.3,75,0,13005075
NIFTY-I.NFO,08/05/2025,10:15:36,24466.4,24464.1,150,24466.6,300,150,13004550
NIFTY-I.NFO,08/05/2025,10:15:38,24466.3,24464.1,150,24466.5,75,375,13004550
NIFTY-I.NFO,08/05/2025,10:15:39,24466.5,24464.2,75,24466.6,225,150,13004550
NIFTY-I.NFO,08/05/2025,10:15:41,24466.5,24464.2,75,24466.6,225,0,13004550
NIFTY-I.NFO,08/05/2025,10:15:46,24464.2,24464,600,24465.8,225,150,13004550
NIFTY-I.NFO,08/05/2025,10:15:47,24464.2,24464,600,24465.8,225,0,13004550
NIFTY-I.NFO,08/05/2025,10:15:49,24465.8,24464,600,24465.8,150,75,13004550
NIFTY-I.NFO,08/05/2025,10:15:50,24465.8,24464,600,24465.8,75,75,13004550
NIFTY-I.NFO,08/05/2025,10:15:52,24465.8,24464,600,24468.6,75,75,13004550
NIFTY-I.NFO,08/05/2025,10:15:54,24464,24464,525,24468.6,375,75,13004550
NIFTY-I.NFO,08/05/2025,10:15:55,24465,24464,525,24468.6,675,75,13004550
NIFTY-I.NFO,08/05/2025,10:15:57,24464,24464,450,24468.6,675,75,13004550
NIFTY-I.NFO,08/05/2025,10:15:59,24464,24464.1,600,24468.6,75,0,13004550
NIFTY-I.NFO,08/05/2025,10:16:00,24464,24465.1,600,24468.6,150,0,13004550
NIFTY-I.NFO,08/05/2025,10:16:02,24464.7,24465.2,75,24468.6,150,300,13004550
NIFTY-I.NFO,08/05/2025,10:16:04,24465.2,24464.8,600,24468.6,150,75,13004550
NIFTY-I.NFO,08/05/2025,10:16:05,24465.2,24464.7,300,24468.6,150,0,13004550
NIFTY-I.NFO,08/05/2025,10:16:08,24464.8,24464.7,900,24468.6,150,75,13004550
NIFTY-I.NFO,08/05/2025,10:16:10,24464.8,24464.6,600,24468.6,150,0,13004550
NIFTY-I.NFO,08/05/2025,10:16:12,24464.8,24465.2,75,24468.6,150,0,13004550
NIFTY-I.NFO,08/05/2025,10:16:24,24468.6,24465.2,75,24468.6,75,75,13004550
NIFTY-I.NFO,08/05/2025,10:16:26,24468.5,24465.2,75,24468.5,75,150,13004550
NIFTY-I.NFO,08/05/2025,10:16:28,24468.5,24465.2,75,24468.4,975,0,13004550
NIFTY-I.NFO,08/05/2025,10:16:29,24468.5,24465.2,75,24468,150,0,13004550
NIFTY-I.NFO,08/05/2025,10:16:33,24468,24465.5,75,24468,75,75,13004550
NIFTY-I.NFO,08/05/2025,10:16:34,24468,24466,75,24468,75,0,13004550
NIFTY-I.NFO,08/05/2025,10:16:36,24468,24466,75,24468.3,150,75,13004550
NIFTY-I.NFO,08/05/2025,10:16:38,24468.3,24466,75,24468.3,75,75,13004550
NIFTY-I.NFO,08/05/2025,10:16:39,24468.3,24466,75,24469,825,75,13004550
NIFTY-I.NFO,08/05/2025,10:16:41,24468.3,24466,75,24469,825,0,13004550
NIFTY-I.NFO,08/05/2025,10:16:43,24466,24465.5,75,24469,825,75,13004550
NIFTY-I.NFO,08/05/2025,10:16:44,24466,24465.2,75,24469,825,0,13004550
NIFTY-I.NFO,08/05/2025,10:16:51,24466,24465.2,75,24468,75,0,13004550
NIFTY-I.NFO,08/05/2025,10:16:52,24466,24465.2,75,24469,1275,150,13004550
NIFTY-I.NFO,08/05/2025,10:16:54,24466,24465.2,75,24469,1275,0,13004550
NIFTY-I.NFO,08/05/2025,10:16:59,24466,24466,75,24469,1275,0,13004550
NIFTY-I.NFO,08/05/2025,10:17:01,24465.2,24465,150,24465.2,375,150,13004550
NIFTY-I.NFO,08/05/2025,10:17:02,24465.2,24465,75,24469,1275,450,13004550
NIFTY-I.NFO,08/05/2025,10:17:04,24465,24464.8,75,24469,1275,150,13004550
NIFTY-I.NFO,08/05/2025,10:17:06,24465,24465,450,24469,1275,0,13004550
NIFTY-I.NFO,08/05/2025,10:17:09,24465,24465,525,24469,1275,0,13004550
NIFTY-I.NFO,08/05/2025,10:17:14,24465,24465,600,24468.9,450,0,13004550
NIFTY-I.NFO,08/05/2025,10:17:16,24465,24465,750,24468.9,450,0,13004550
NIFTY-I.NFO,08/05/2025,10:17:17,24465,24465.3,300,24468.9,450,0,13004550
NIFTY-I.NFO,08/05/2025,10:17:19,24465,24465.3,150,24468.9,450,0,13004550
NIFTY-I.NFO,08/05/2025,10:17:20,24465,24465.3,75,24468.9,450,0,13004550
NIFTY-I.NFO,08/05/2025,10:17:22,24465,24465.4,75,24468.9,450,0,13004550
NIFTY-I.NFO,08/05/2025,10:17:24,24468.9,24465.4,225,24468.9,375,75,13004550
NIFTY-I.NFO,08/05/2025,10:17:25,24468.9,24465.5,75,24468.5,600,0,13004550
NIFTY-I.NFO,08/05/2025,10:17:27,24468.9,24465.7,75,24468.5,600,0,13004550
NIFTY-I.NFO,08/05/2025,10:17:29,24468.9,24466,75,24468.5,600,0,13004550
NIFTY-I.NFO,08/05/2025,10:17:30,24468.9,24466,150,24468.5,600,0,13004550
NIFTY-I.NFO,08/05/2025,10:17:32,24468.9,24468.5,75,24468.9,375,0,13004550
NIFTY-I.NFO,08/05/2025,10:17:33,24468.4,24466,75,24467.9,75,150,13004550
NIFTY-I.NFO,08/05/2025,10:17:35,24468.9,24466,75,24468.9,300,75,13004550
NIFTY-I.NFO,08/05/2025,10:17:37,24468.7,24466,75,24468.3,75,150,13004550
NIFTY-I.NFO,08/05/2025,10:17:38,24468.7,24466,75,24468.6,150,0,13004550
NIFTY-I.NFO,08/05/2025,10:17:40,24468.7,24466,75,24468.2,75,0,13004550
NIFTY-I.NFO,08/05/2025,10:17:42,24466,24465.5,150,24466,150,75,13004550
NIFTY-I.NFO,08/05/2025,10:17:43,24468,24465.5,75,24468,75,300,13004550
NIFTY-I.NFO,08/05/2025,10:17:45,24468,24465.5,75,24467.6,225,0,13004550
NIFTY-I.NFO,08/05/2025,10:17:47,24465.1,24465.1,150,24467.5,75,225,13004550
NIFTY-I.NFO,08/05/2025,10:17:48,24465.1,24465.1,150,24468.1,75,0,13004550
NIFTY-I.NFO,08/05/2025,10:17:52,24465.1,24465.1,75,24467.9,75,75,13004550
NIFTY-I.NFO,08/05/2025,10:17:53,24468,24465.1,75,24467.5,225,900,13004550
NIFTY-I.NFO,08/05/2025,10:17:55,24468,24465.1,75,24467.5,225,0,13004550
NIFTY-I.NFO,08/05/2025,10:17:57,24465.1,24465,1125,24467.4,225,75,13004550
NIFTY-I.NFO,08/05/2025,10:17:58,24467.4,24465,1125,24467.4,75,150,13004550
NIFTY-I.NFO,08/05/2025,10:18:00,24466.9,24465,975,24467,225,225,13004550
NIFTY-I.NFO,08/05/2025,10:18:01,24465,24465,450,24465.4,75,525,13004550
NIFTY-I.NFO,08/05/2025,10:18:03,24464.8,24464,450,24464.9,825,525,13004550
NIFTY-I.NFO,08/05/2025,10:18:05,24464.8,24464,450,24464.9,450,0,13004550
NIFTY-I.NFO,08/05/2025,10:18:07,24462,24462,450,24463.1,225,1500,13004550
NIFTY-I.NFO,08/05/2025,10:18:08,24463.4,24462,375,24464.5,150,450,13004550
NIFTY-I.NFO,08/05/2025,10:18:10,24464.5,24462,375,24464.3,225,75,13004550
NIFTY-I.NFO,08/05/2025,10:18:12,24464.5,24462,375,24464.1,75,0,13004550
NIFTY-I.NFO,08/05/2025,10:18:13,24464.5,24462,375,24463.6,75,0,13004550
NIFTY-I.NFO,08/05/2025,10:18:15,24464.5,24462,375,24463.4,75,0,13004550
NIFTY-I.NFO,08/05/2025,10:18:18,24462,24462.1,150,24463.1,75,75,13004550
NIFTY-I.NFO,08/05/2025,10:18:20,24462.1,24462,300,24463.1,75,150,13004550
NIFTY-I.NFO,08/05/2025,10:18:21,24463.1,24462,225,24463.2,75,150,13004550
NIFTY-I.NFO,08/05/2025,10:18:23,24463.1,24462,225,24463,75,0,13004550
NIFTY-I.NFO,08/05/2025,10:18:24,24461.4,24461.4,600,24463,75,525,13004550
NIFTY-I.NFO,08/05/2025,10:18:26,24463,24461.8,75,24463.2,75,75,13004550
NIFTY-I.NFO,08/05/2025,10:18:28,24463.8,24463,150,24464,225,75,13004550
NIFTY-I.NFO,08/05/2025,10:18:29,24463.8,24463,150,24464,225,0,13004550
NIFTY-I.NFO,08/05/2025,10:18:33,24464,24463,150,24464,75,150,13004550
NIFTY-I.NFO,08/05/2025,10:18:34,24463,24463,2925,24465,150,225,13002675
NIFTY-I.NFO,08/05/2025,10:18:36,24463,24463,2925,24465,300,0,13002675
NIFTY-I.NFO,08/05/2025,10:18:39,24463,24463,2925,24464,75,0,13002675
NIFTY-I.NFO,08/05/2025,10:18:41,24464.6,24463,2925,24464.9,75,225,13002675
NIFTY-I.NFO,08/05/2025,10:18:42,24464.6,24463,3000,24464.5,300,0,13002675
NIFTY-I.NFO,08/05/2025,10:18:44,24464.3,24463,2925,24464.3,150,150,13002675
NIFTY-I.NFO,08/05/2025,10:18:46,24463,24463,2775,24464.3,150,150,13002675
NIFTY-I.NFO,08/05/2025,10:18:47,24463,24463,2700,24464,825,75,13002675
NIFTY-I.NFO,08/05/2025,10:18:49,24463,24463,2700,24464,825,0,13002675
NIFTY-I.NFO,08/05/2025,10:18:51,24463,24463,2250,24463.8,225,450,13002675
NIFTY-I.NFO,08/05/2025,10:18:52,24463,24463,2175,24463.8,375,225,13002675
NIFTY-I.NFO,08/05/2025,10:18:54,24463,24463,2100,24463.8,150,75,13002675
NIFTY-I.NFO,08/05/2025,10:18:56,24463,24463,1800,24463.8,375,300,13002675
NIFTY-I.NFO,08/05/2025,10:18:57,24463,24463,1500,24463.7,75,450,13002675
NIFTY-I.NFO,08/05/2025,10:18:59,24463,24463,1575,24463.7,75,0,13002675
NIFTY-I.NFO,08/05/2025,10:19:00,24463.7,24463,1575,24464,825,75,13002675
NIFTY-I.NFO,08/05/2025,10:19:02,24463.7,24463,1575,24464,825,0,13002675
NIFTY-I.NFO,08/05/2025,10:19:04,24463.7,24463,1650,24463.8,225,0,13002675
NIFTY-I.NFO,08/05/2025,10:19:05,24463.7,24463,1650,24464,825,0,13002675
NIFTY-I.NFO,08/05/2025,10:19:07,24464,24463,1650,24464,750,75,13002675
NIFTY-I.NFO,08/05/2025,10:19:09,24464,24463,1650,24464,750,0,13002675
NIFTY-I.NFO,08/05/2025,10:19:10,24464,24463,1650,24464,675,75,13002675
NIFTY-I.NFO,08/05/2025,10:19:12,24463,24463,1500,24464,675,150,13002675
NIFTY-I.NFO,08/05/2025,10:19:14,24463,24463.1,75,24464,675,150,13002675
NIFTY-I.NFO,08/05/2025,10:19:15,24463,24463,1200,24464,675,150,13002675
NIFTY-I.NFO,08/05/2025,10:19:17,24463,24463,1200,24464,675,75,13002675
NIFTY-I.NFO,08/05/2025,10:19:19,24463,24463,1125,24464,675,75,13002675
NIFTY-I.NFO,08/05/2025,10:19:20,24463,24463,975,24464,675,150,13002675
NIFTY-I.NFO,08/05/2025,10:19:22,24463,24463,975,24464,675,75,13002675
NIFTY-I.NFO,08/05/2025,10:19:23,24463,24463,975,24464,675,0,13002675
NIFTY-I.NFO,08/05/2025,10:19:25,24464,24463,1425,24464,675,75,13002675
NIFTY-I.NFO,08/05/2025,10:19:27,24463,24463,1350,24464,675,75,13002675
NIFTY-I.NFO,08/05/2025,10:19:28,24464,24463,1350,24464,225,450,13002675
NIFTY-I.NFO,08/05/2025,10:19:30,24464,24463,1350,24464,225,0,13002675
NIFTY-I.NFO,08/05/2025,10:19:32,24463,24463,1275,24464,225,75,13002675
NIFTY-I.NFO,08/05/2025,10:19:33,24463,24463.1,150,24464,225,0,13002675
NIFTY-I.NFO,08/05/2025,10:19:35,24464,24464,75,24465.5,150,375,13002675
NIFTY-I.NFO,08/05/2025,10:19:37,24464,24464,75,24465.5,525,75,13002675
NIFTY-I.NFO,08/05/2025,10:19:38,24464,24464,75,24465.5,525,0,13002675
NIFTY-I.NFO,08/05/2025,10:19:40,24463.1,24463.1,75,24465.4,150,600,13002675
NIFTY-I.NFO,08/05/2025,10:19:42,24463.1,24463.1,75,24464.9,150,0,13002675
NIFTY-I.NFO,08/05/2025,10:19:43,24463.1,24463,750,24464.7,225,75,13002675
NIFTY-I.NFO,08/05/2025,10:19:45,24463.1,24463,750,24464.3,75,0,13002675
NIFTY-I.NFO,08/05/2025,10:19:47,24463,24463,675,24464.9,150,150,13002675
NIFTY-I.NFO,08/05/2025,10:19:48,24463,24463,675,24464.9,150,0,13002675
NIFTY-I.NFO,08/05/2025,10:19:50,24463,24464,525,24464.9,150,0,13002675
NIFTY-I.NFO,08/05/2025,10:19:53,24465,24465,150,24467.6,600,375,13002675
NIFTY-I.NFO,08/05/2025,10:19:55,24465,24465,75,24467.9,150,75,13002675
NIFTY-I.NFO,08/05/2025,10:19:56,24465,24464.4,75,24468,900,0,13002675
NIFTY-I.NFO,08/05/2025,10:19:58,24465,24464.3,150,24468,375,0,13002675
NIFTY-I.NFO,08/05/2025,10:19:59,24465,24464.4,150,24468,375,0,13002675
NIFTY-I.NFO,08/05/2025,10:20:01,24465,24464.2,75,24467.4,150,0,13002675
NIFTY-I.NFO,08/05/2025,10:20:03,24465,24464,600,24467.4,525,0,13002675
NIFTY-I.NFO,08/05/2025,10:20:04,24465,24464,525,24467.4,375,0,13002675
NIFTY-I.NFO,08/05/2025,10:20:06,24465,24464,525,24467.6,150,0,13002675
NIFTY-I.NFO,08/05/2025,10:20:07,24465,24464.2,75,24467.5,375,0,13002675
NIFTY-I.NFO,08/05/2025,10:20:09,24464.2,24464.1,150,24467.5,375,75,13002675
NIFTY-I.NFO,08/05/2025,10:20:11,24464,24464,450,24467,150,75,13002675
NIFTY-I.NFO,08/05/2025,10:20:12,24464,24464,450,24467,150,0,13002675
NIFTY-I.NFO,08/05/2025,10:20:14,24464,24464,450,24467,75,0,13002675
NIFTY-I.NFO,08/05/2025,10:20:15,24464,24464,450,24467,375,0,13002675
NIFTY-I.NFO,08/05/2025,10:20:17,24464,24464,525,24465.5,75,0,13002675
NIFTY-I.NFO,08/05/2025,10:20:19,24464,24464,1125,24465.5,75,0,13002675
NIFTY-I.NFO,08/05/2025,10:20:20,24464,24464.7,75,24465.5,75,0,13002675
NIFTY-I.NFO,08/05/2025,10:20:22,24465.5,24464.4,150,24467,375,75,13002675
NIFTY-I.NFO,08/05/2025,10:20:24,24464.5,24464,1125,24467,300,75,13002675
NIFTY-I.NFO,08/05/2025,10:20:25,24464,24464,1050,24467,300,75,13002675
NIFTY-I.NFO,08/05/2025,10:20:27,24464,24464.9,75,24467,300,0,13002675
NIFTY-I.NFO,08/05/2025,10:20:29,24464,24465,75,24467,300,0,13002675
NIFTY-I.NFO,08/05/2025,10:20:30,24467,24464.6,75,24467,225,150,13002675
NIFTY-I.NFO,08/05/2025,10:20:32,24467,24466,300,24467,150,75,13002675
NIFTY-I.NFO,08/05/2025,10:20:34,24467,24466,300,24467.9,225,150,13002675
NIFTY-I.NFO,08/05/2025,10:20:35,24467,24466,300,24467.9,225,0,13002675
NIFTY-I.NFO,08/05/2025,10:20:37,24466,24466,150,24467.9,225,150,13002675
NIFTY-I.NFO,08/05/2025,10:20:39,24466,24467,75,24467.9,225,0,13002675
NIFTY-I.NFO,08/05/2025,10:20:40,24467.9,24466,225,24467.9,150,150,13002675
NIFTY-I.NFO,08/05/2025,10:20:42,24467.9,24466,225,24467.9,75,75,13002675
NIFTY-I.NFO,08/05/2025,10:20:44,24467.9,24466.3,75,24469.6,75,525,13002675
NIFTY-I.NFO,08/05/2025,10:20:45,24467.9,24466,225,24469.6,75,0,13002675
NIFTY-I.NFO,08/05/2025,10:20:47,24469.7,24466,225,24469.7,1950,150,13002675
NIFTY-I.NFO,08/05/2025,10:20:49,24469.7,24466,225,24468,75,75,13002675
NIFTY-I.NFO,08/05/2025,10:20:50,24468,24467.9,75,24469.7,1800,225,13002675
NIFTY-I.NFO,08/05/2025,10:20:52,24469.7,24467.9,75,24469.7,1650,150,13002675
NIFTY-I.NFO,08/05/2025,10:20:54,24469.7,24466,150,24469.7,1500,225,13002675
NIFTY-I.NFO,08/05/2025,10:20:55,24469.7,24466,300,24469.7,1500,0,13002675
NIFTY-I.NFO,08/05/2025,10:20:57,24469.7,24467.2,75,24469.7,900,600,13002675
NIFTY-I.NFO,08/05/2025,10:20:59,24469.7,24467.1,75,24469.7,825,75,13002675
NIFTY-I.NFO,08/05/2025,10:21:00,24469.7,24467,75,24469.7,600,300,13002675
NIFTY-I.NFO,08/05/2025,10:21:02,24469.7,24467.1,75,24469.7,600,0,13002675
NIFTY-I.NFO,08/05/2025,10:21:03,24469,24468.4,225,24469.7,600,75,13002675
NIFTY-I.NFO,08/05/2025,10:21:05,24469.7,24469,75,24469.7,450,150,13002675
NIFTY-I.NFO,08/05/2025,10:21:07,24469.7,24468.6,75,24469.7,375,75,13002675
NIFTY-I.NFO,08/05/2025,10:21:08,24469.7,24469,300,24470,300,525,13002675
NIFTY-I.NFO,08/05/2025,10:21:10,24469.7,24469.2,75,24470,600,0,13002675
NIFTY-I.NFO,08/05/2025,10:21:12,24469,24469,75,24470,600,150,13002675
NIFTY-I.NFO,08/05/2025,10:21:13,24469,24469.7,75,24470,600,150,13002675
NIFTY-I.NFO,08/05/2025,10:21:15,24470,24468.3,75,24470,300,375,13002675
NIFTY-I.NFO,08/05/2025,10:21:17,24470,24468.3,75,24470,300,0,13002675
NIFTY-I.NFO,08/05/2025,10:21:18,24470,24468.6,75,24470,150,225,13002675
NIFTY-I.NFO,08/05/2025,10:21:20,24470,24469.6,75,24470,150,0,13002675
NIFTY-I.NFO,08/05/2025,10:21:22,24470,24470.1,375,24471.8,450,150,13002675
NIFTY-I.NFO,08/05/2025,10:21:23,24470,24470,75,24471,75,0,13002675
NIFTY-I.NFO,08/05/2025,10:21:25,24471,24471,75,24471.8,450,75,13002675
NIFTY-I.NFO,08/05/2025,10:21:26,24471.8,24470,225,24471.8,375,150,13002675
NIFTY-I.NFO,08/05/2025,10:21:28,24470,24470,150,24471.8,300,150,13002675
NIFTY-I.NFO,08/05/2025,10:21:30,24471.8,24470.7,75,24471.8,225,75,13002675
NIFTY-I.NFO,08/05/2025,10:21:31,24473,24470.7,150,24473,150,450,13002675
NIFTY-I.NFO,08/05/2025,10:21:33,24473,24470.7,150,24473,150,0,13002675
NIFTY-I.NFO,08/05/2025,10:21:35,24473,24471.8,675,24473.9,75,150,13001025
NIFTY-I.NFO,08/05/2025,10:21:36,24473,24472,150,24474,525,300,13001025
NIFTY-I.NFO,08/05/2025,10:21:38,24474,24472,150,24474,450,75,13001025
NIFTY-I.NFO,08/05/2025,10:21:40,24472,24472,75,24474,450,75,13001025
NIFTY-I.NFO,08/05/2025,10:21:41,24474,24472,75,24474,75,375,13001025
NIFTY-I.NFO,08/05/2025,10:21:43,24475,24474,225,24475,525,900,13001025
NIFTY-I.NFO,08/05/2025,10:21:45,24475,24474,225,24475,300,375,13001025
NIFTY-I.NFO,08/05/2025,10:21:46,24475.6,24474.4,450,24475.6,600,750,13001025
NIFTY-I.NFO,08/05/2025,10:21:48,24476.2,24476.1,150,24479,750,1200,13001025
NIFTY-I.NFO,08/05/2025,10:21:50,24483.5,24481.5,675,24483.8,375,4275,13001025
NIFTY-I.NFO,08/05/2025,10:21:51,24485,24481.5,675,24484.8,75,2025,13001025
NIFTY-I.NFO,08/05/2025,10:21:53,24484.1,24481.5,525,24483.6,375,300,13001025
NIFTY-I.NFO,08/05/2025,10:21:55,24484.1,24481.6,525,24484.2,375,0,13001025
NIFTY-I.NFO,08/05/2025,10:21:56,24481.6,24481.6,450,24483.5,75,300,13001025
NIFTY-I.NFO,08/05/2025,10:21:58,24480.4,24480,150,24480.4,150,2550,13001025
NIFTY-I.NFO,08/05/2025,10:22:00,24480.4,24480.1,225,24483.4,75,825,13001025
NIFTY-I.NFO,08/05/2025,10:22:01,24483.6,24480.1,225,24483.4,600,375,13001025
NIFTY-I.NFO,08/05/2025,10:22:03,24480.1,24480.1,150,24483.2,600,150,13001025
NIFTY-I.NFO,08/05/2025,10:22:05,24484.2,24480.1,75,24483.6,300,1875,13001025
NIFTY-I.NFO,08/05/2025,10:22:06,24483.6,24480.4,75,24483.7,75,375,13001025
NIFTY-I.NFO,08/05/2025,10:22:08,24483.8,24480.5,75,24484.2,75,75,13001025
NIFTY-I.NFO,08/05/2025,10:22:10,24482.7,24480.5,75,24482.8,225,600,13001025
NIFTY-I.NFO,08/05/2025,10:22:11,24480.5,24480.4,75,24483,225,150,13001025
NIFTY-I.NFO,08/05/2025,10:22:13,24483,24480.4,75,24483.1,150,75,13001025
NIFTY-I.NFO,08/05/2025,10:22:15,24483,24480.1,225,24483,75,225,13001025
NIFTY-I.NFO,08/05/2025,10:22:16,24483,24480.1,225,24484,300,75,13001025
NIFTY-I.NFO,08/05/2025,10:22:18,24483,24482.9,900,24483,150,0,13001025
NIFTY-I.NFO,08/05/2025,10:22:19,24482.9,24480.1,225,24481.9,450,900,13001025
NIFTY-I.NFO,08/05/2025,10:22:21,24482.9,24481,75,24484,300,375,13001025
NIFTY-I.NFO,08/05/2025,10:22:23,24482.9,24481,150,24484,75,0,13001025
NIFTY-I.NFO,08/05/2025,10:22:24,24484,24481,150,24484.4,825,150,13001025
NIFTY-I.NFO,08/05/2025,10:22:26,24483,24481,150,24484.4,825,225,13001025
NIFTY-I.NFO,08/05/2025,10:22:28,24484,24481,150,24483.9,675,375,13001025
NIFTY-I.NFO,08/05/2025,10:22:30,24484,24481,150,24483.9,675,0,13001025
NIFTY-I.NFO,08/05/2025,10:22:33,24484,24481,150,24483.3,975,0,13001025
NIFTY-I.NFO,08/05/2025,10:22:35,24484,24482,1200,24483.3,375,0,13001025
NIFTY-I.NFO,08/05/2025,10:22:36,24482,24482,1350,24483.3,600,300,13001025
NIFTY-I.NFO,08/05/2025,10:22:38,24481.9,24480.1,75,24481.9,1050,2100,13001025
NIFTY-I.NFO,08/05/2025,10:22:39,24482.4,24480.1,75,24481,75,750,13001025
NIFTY-I.NFO,08/05/2025,10:22:41,24481,24480,225,24482.8,375,225,13001025
NIFTY-I.NFO,08/05/2025,10:22:43,24481,24480,225,24483,75,0,13001025
NIFTY-I.NFO,08/05/2025,10:22:44,24480.1,24480,225,24483.5,75,75,13001025
NIFTY-I.NFO,08/05/2025,10:22:46,24480,24480,150,24483.4,675,75,13001025
NIFTY-I.NFO,08/05/2025,10:22:48,24483.4,24481,75,24483.5,75,75,13001025
NIFTY-I.NFO,08/05/2025,10:22:49,24481,24481,75,24482,300,300,13001025
NIFTY-I.NFO,08/05/2025,10:22:51,24481,24481,75,24482,300,0,13001025
NIFTY-I.NFO,08/05/2025,10:22:54,24480.1,24480,225,24481,75,150,13001025
NIFTY-I.NFO,08/05/2025,10:22:56,24477,24477,375,24480.2,150,3225,13001025
NIFTY-I.NFO,08/05/2025,10:22:58,24477,24478.7,375,24480.2,150,0,13001025
NIFTY-I.NFO,08/05/2025,10:22:59,24478.3,24478.1,150,24480.2,75,300,13001025
NIFTY-I.NFO,08/05/2025,10:23:01,24477.3,24477.2,150,24480.2,75,300,13001025
NIFTY-I.NFO,08/05/2025,10:23:03,24477.3,24476.1,600,24480.2,75,0,13001025
NIFTY-I.NFO,08/05/2025,10:23:04,24476,24476,375,24481.7,675,1950,13001025
NIFTY-I.NFO,08/05/2025,10:23:06,24476,24476,375,24480,75,0,13001025
NIFTY-I.NFO,08/05/2025,10:23:08,24481.9,24476,375,24481.9,525,1650,13001025
NIFTY-I.NFO,08/05/2025,10:23:09,24481.9,24476.1,525,24482.3,375,75,13001025
NIFTY-I.NFO,08/05/2025,10:23:11,24482.3,24476.4,375,24482.6,375,75,13001025
NIFTY-I.NFO,08/05/2025,10:23:13,24481.9,24477,75,24482.7,375,1275,13001025
NIFTY-I.NFO,08/05/2025,10:23:14,24477,24476.3,375,24482.7,375,75,13001025
NIFTY-I.NFO,08/05/2025,10:23:16,24477,24476.3,450,24482.5,375,0,13001025
NIFTY-I.NFO,08/05/2025,10:23:18,24482.7,24476.5,600,24482.9,375,450,13001025
NIFTY-I.NFO,08/05/2025,10:23:19,24477.2,24477.6,150,24480,75,600,13001025
NIFTY-I.NFO,08/05/2025,10:23:21,24477.2,24477.3,75,24480,225,0,13001025
NIFTY-I.NFO,08/05/2025,10:23:23,24477.2,24477.1,75,24480,225,0,13001025
NIFTY-I.NFO,08/05/2025,10:23:24,24483.7,24478,375,24483.6,600,525,13001025
NIFTY-I.NFO,08/05/2025,10:23:26,24478,24478,225,24483.4,600,150,13001025
NIFTY-I.NFO,08/05/2025,10:23:28,24478,24478,75,24482.9,600,150,13001025
NIFTY-I.NFO,08/05/2025,10:23:29,24478,24477.2,75,24482.9,600,0,13001025
NIFTY-I.NFO,08/05/2025,10:23:31,24478,24480.4,225,24482.9,600,0,13001025
NIFTY-I.NFO,08/05/2025,10:23:33,24482.9,24480.4,150,24482.9,525,150,13001025
NIFTY-I.NFO,08/05/2025,10:23:34,24482.9,24480.5,300,24482.9,525,0,13001025
NIFTY-I.NFO,08/05/2025,10:23:36,24482.9,24480.6,75,24482.9,375,225,13001025
NIFTY-I.NFO,08/05/2025,10:23:38,24482.9,24480.6,150,24482.9,300,75,13001025
NIFTY-I.NFO,08/05/2025,10:23:39,24482.9,24480.6,75,24482.9,225,150,13001025
NIFTY-I.NFO,08/05/2025,10:23:41,24482.9,24480.8,150,24483,375,375,13001025
NIFTY-I.NFO,08/05/2025,10:23:42,24480.5,24480,75,24482.9,75,300,13001025
NIFTY-I.NFO,08/05/2025,10:23:44,24478,24478,450,24482.9,75,150,13001025
NIFTY-I.NFO,08/05/2025,10:23:46,24483,24478,450,24482.9,900,150,13001025
NIFTY-I.NFO,08/05/2025,10:23:47,24483,24478,450,24480.5,225,0,13001025
NIFTY-I.NFO,08/05/2025,10:23:49,24480.5,24478,525,24480.5,150,75,13001025
NIFTY-I.NFO,08/05/2025,10:23:51,24482.2,24478,450,24482.2,675,300,13001025
NIFTY-I.NFO,08/05/2025,10:23:52,24482.2,24478,450,24482.2,675,0,13001025
NIFTY-I.NFO,08/05/2025,10:23:54,24481.9,24478,450,24481.5,975,225,13001025
NIFTY-I.NFO,08/05/2025,10:23:56,24481.9,24480.5,75,24481.5,975,0,13001025
NIFTY-I.NFO,08/05/2025,10:23:57,24480.5,24478,375,24481.5,825,300,13001025
NIFTY-I.NFO,08/05/2025,10:23:59,24481.5,24478,375,24480.5,225,75,13001025
NIFTY-I.NFO,08/05/2025,10:24:01,24481.5,24478,375,24480.5,225,0,13001025
NIFTY-I.NFO,08/05/2025,10:24:02,24480.7,24478,375,24480.7,1275,375,13001025
NIFTY-I.NFO,08/05/2025,10:24:04,24478,24478,150,24481.5,1800,225,13001025
NIFTY-I.NFO,08/05/2025,10:24:06,24481.9,24481.5,150,24482,675,225,13001025
NIFTY-I.NFO,08/05/2025,10:24:07,24481.5,24478,75,24482,675,150,13001025
NIFTY-I.NFO,08/05/2025,10:24:09,24482,24478,75,24480.9,75,150,13001025
NIFTY-I.NFO,08/05/2025,10:24:11,24480.9,24478,75,24481.5,75,75,13001025
NIFTY-I.NFO,08/05/2025,10:24:12,24480.9,24478,75,24481.5,75,0,13001025
NIFTY-I.NFO,08/05/2025,10:24:14,24478,24478.1,150,24481.5,75,75,13001025
NIFTY-I.NFO,08/05/2025,10:24:16,24482,24478.6,75,24482,150,150,13001025
NIFTY-I.NFO,08/05/2025,10:24:17,24482,24478.2,300,24482,150,0,13001025
NIFTY-I.NFO,08/05/2025,10:24:20,24482,24478.2,300,24482,225,0,13001025
NIFTY-I.NFO,08/05/2025,10:24:22,24482,24478.3,225,24482,225,0,13001025
NIFTY-I.NFO,08/05/2025,10:24:24,24482,24478.3,450,24482,225,0,13001025
NIFTY-I.NFO,08/05/2025,10:24:25,24482,24478.4,75,24482,300,0,13001025
NIFTY-I.NFO,08/05/2025,10:24:27,24482,24478.4,375,24482,225,150,13001025
NIFTY-I.NFO,08/05/2025,10:24:29,24482,24478.4,375,24482,300,0,13001025
NIFTY-I.NFO,08/05/2025,10:24:30,24482,24478.5,75,24482,375,0,13001025
NIFTY-I.NFO,08/05/2025,10:24:32,24482,24479.3,225,24482,375,0,13001025
NIFTY-I.NFO,08/05/2025,10:24:34,24482,24480,150,24482,375,75,13001025
NIFTY-I.NFO,08/05/2025,10:24:35,24480,24480,450,24482,675,75,12996075
NIFTY-I.NFO,08/05/2025,10:24:37,24482,24480,450,24482,75,600,12996075
NIFTY-I.NFO,08/05/2025,10:24:38,24482,24480,150,24482,75,0,12996075
NIFTY-I.NFO,08/05/2025,10:24:40,24482,24482,75,24482.1,75,75,12996075
NIFTY-I.NFO,08/05/2025,10:24:42,24482,24482,225,24482.1,75,150,12996075
NIFTY-I.NFO,08/05/2025,10:24:44,24482,24482,225,24482.1,75,0,12996075
NIFTY-I.NFO,08/05/2025,10:24:45,24483.9,24482,225,24483.9,525,1500,12996075
NIFTY-I.NFO,08/05/2025,10:24:47,24483.9,24482,225,24483.9,525,0,12996075
NIFTY-I.NFO,08/05/2025,10:24:48,24484,24482,150,24484,150,150,12996075
NIFTY-I.NFO,08/05/2025,10:24:50,24482.3,24482.3,150,24484,150,75,12996075
NIFTY-I.NFO,08/05/2025,10:24:52,24484.4,24482.3,300,24484.4,900,375,12996075
NIFTY-I.NFO,08/05/2025,10:24:53,24484.4,24482.3,300,24484.3,1200,0,12996075
NIFTY-I.NFO,08/05/2025,10:24:55,24482.3,24482.3,150,24483.9,900,375,12996075
NIFTY-I.NFO,08/05/2025,10:24:57,24482.3,24482.3,150,24483.8,1575,0,12996075
NIFTY-I.NFO,08/05/2025,10:24:58,24484.4,24482.3,150,24484.7,150,75,12996075
NIFTY-I.NFO,08/05/2025,10:25:00,24484.4,24483.8,75,24484.7,150,0,12996075
NIFTY-I.NFO,08/05/2025,10:25:02,24483.8,24483.8,150,24484.7,750,375,12996075
NIFTY-I.NFO,08/05/2025,10:25:03,24483.8,24483.8,300,24484.8,1350,450,12996075
NIFTY-I.NFO,08/05/2025,10:25:05,24485,24483.8,225,24485,2475,750,12996075
NIFTY-I.NFO,08/05/2025,10:25:06,24485,24483.8,300,24485,2475,0,12996075
NIFTY-I.NFO,08/05/2025,10:25:08,24485,24483.8,300,24485,1875,150,12996075
NIFTY-I.NFO,08/05/2025,10:25:10,24483.8,24483.8,225,24485,1875,75,12996075
NIFTY-I.NFO,08/05/2025,10:25:11,24485,24483.8,225,24485,1875,75,12996075
NIFTY-I.NFO,08/05/2025,10:25:13,24483.8,24483.8,75,24485,1800,300,12996075
NIFTY-I.NFO,08/05/2025,10:25:15,24485,24483.8,225,24485,1350,525,12996075
NIFTY-I.NFO,08/05/2025,10:25:16,24484.9,24484,75,24485,1275,150,12996075
NIFTY-I.NFO,08/05/2025,10:25:18,24485,24484,300,24485,900,375,12996075
NIFTY-I.NFO,08/05/2025,10:25:19,24485,24484.2,75,24485,825,150,12996075
NIFTY-I.NFO,08/05/2025,10:25:21,24485,24484.2,150,24485,675,525,12996075
NIFTY-I.NFO,08/05/2025,10:25:23,24485,24484.2,150,24484.9,825,0,12996075
NIFTY-I.NFO,08/05/2025,10:25:24,24485,24484.9,75,24485,1050,75,12996075
NIFTY-I.NFO,08/05/2025,10:25:26,24484.4,24484.2,600,24485,825,375,12996075
NIFTY-I.NFO,08/05/2025,10:25:28,24484.4,24484.2,600,24484.9,75,0,12996075
NIFTY-I.NFO,08/05/2025,10:25:29,24484.4,24484.2,600,24484.7,75,0,12996075
NIFTY-I.NFO,08/05/2025,10:25:31,24484.3,24484.3,75,24484.8,75,225,12996075
NIFTY-I.NFO,08/05/2025,10:25:33,24485,24484.3,150,24486,225,750,12996075
NIFTY-I.NFO,08/05/2025,10:25:34,24486,24484.3,75,24486.2,75,300,12996075
NIFTY-I.NFO,08/05/2025,10:25:36,24487,24485.7,75,24487,75,375,12996075
NIFTY-I.NFO,08/05/2025,10:25:38,24486.3,24486,150,24487,75,75,12996075
NIFTY-I.NFO,08/05/2025,10:25:39,24486,24486,300,24487,75,75,12996075
NIFTY-I.NFO,08/05/2025,10:25:41,24486,24486,375,24486.9,75,0,12996075
NIFTY-I.NFO,08/05/2025,10:25:43,24486,24486.2,150,24487,75,0,12996075
NIFTY-I.NFO,08/05/2025,10:25:44,24486,24486.2,375,24486.9,75,0,12996075
NIFTY-I.NFO,08/05/2025,10:25:46,24487.1,24487,675,24487.2,75,300,12996075
NIFTY-I.NFO,08/05/2025,10:25:48,24488,24487.3,75,24488,750,750,12996075
NIFTY-I.NFO,08/05/2025,10:25:49,24488,24487.4,75,24488,525,225,12996075
NIFTY-I.NFO,08/05/2025,10:25:51,24488,24487.4,300,24488,375,300,12996075
NIFTY-I.NFO,08/05/2025,10:25:53,24488,24487.4,300,24488,375,75,12996075
NIFTY-I.NFO,08/05/2025,10:25:54,24488,24487.4,150,24488,225,300,12996075
NIFTY-I.NFO,08/05/2025,10:25:56,24488.8,24487.4,150,24489,900,375,12996075
NIFTY-I.NFO,08/05/2025,10:25:58,24489,24487.4,150,24489,675,375,12996075
NIFTY-I.NFO,08/05/2025,10:25:59,24487,24487,150,24490.9,75,6675,12996075
NIFTY-I.NFO,08/05/2025,10:26:01,24491,24487,225,24490.9,600,450,12996075
NIFTY-I.NFO,08/05/2025,10:26:03,24490.9,24489,150,24490.9,375,225,12996075
NIFTY-I.NFO,08/05/2025,10:26:04,24489,24489,150,24490.7,900,375,12996075
NIFTY-I.NFO,08/05/2025,10:26:06,24489,24489,150,24490.7,900,0,12996075
NIFTY-I.NFO,08/05/2025,10:26:08,24489,24488.8,75,24490.2,600,375,12996075
NIFTY-I.NFO,08/05/2025,10:26:09,24488.9,24488.8,75,24488.9,75,225,12996075
NIFTY-I.NFO,08/05/2025,10:26:11,24490.2,24488.8,75,24490.2,150,2625,12996075
NIFTY-I.NFO,08/05/2025,10:26:13,24488,24488,825,24488.9,75,225,12996075
NIFTY-I.NFO,08/05/2025,10:26:14,24488,24488,600,24489.3,150,375,12996075
NIFTY-I.NFO,08/05/2025,10:26:16,24488,24487,75,24488,525,825,12996075
NIFTY-I.NFO,08/05/2025,10:26:18,24488,24486.3,75,24488,75,225,12996075
NIFTY-I.NFO,08/05/2025,10:26:19,24486.3,24486.2,675,24487,75,75,12996075
NIFTY-I.NFO,08/05/2025,10:26:21,24487,24486.2,675,24487,75,75,12996075
NIFTY-I.NFO,08/05/2025,10:26:23,24488,24487,75,24488,375,600,12996075
NIFTY-I.NFO,08/05/2025,10:26:24,24488,24486.2,675,24488,150,450,12996075
NIFTY-I.NFO,08/05/2025,10:26:26,24488.1,24486.2,675,24488.8,75,300,12996075
NIFTY-I.NFO,08/05/2025,10:26:28,24486.2,24488,75,24488.9,150,75,12996075
NIFTY-I.NFO,08/05/2025,10:26:29,24486.2,24486.2,375,24487.9,75,300,12996075
NIFTY-I.NFO,08/05/2025,10:26:31,24488,24486.2,375,24488.9,150,75,12996075
NIFTY-I.NFO,08/05/2025,10:26:33,24486.2,24486.2,225,24488.9,150,150,12996075
NIFTY-I.NFO,08/05/2025,10:26:34,24486.2,24486.2,225,24488.7,75,0,12996075
NIFTY-I.NFO,08/05/2025,10:26:36,24486.4,24486.2,300,24488.9,150,75,12996075
NIFTY-I.NFO,08/05/2025,10:26:38,24485.6,24485.1,150,24488.7,75,450,12996075
NIFTY-I.NFO,08/05/2025,10:26:39,24486.4,24486.4,75,24488,75,150,12996075
NIFTY-I.NFO,08/05/2025,10:26:41,24485.6,24485.1,150,24485.6,75,150,12996075
NIFTY-I.NFO,08/05/2025,10:26:42,24485.1,24485.1,75,24486.4,75,150,12996075
NIFTY-I.NFO,08/05/2025,10:26:44,24485.1,24485.6,75,24486.4,75,0,12996075
NIFTY-I.NFO,08/05/2025,10:26:46,24488,24485.6,75,24488.7,150,300,12996075
NIFTY-I.NFO,08/05/2025,10:26:47,24488,24487,450,24488.7,150,0,12996075
NIFTY-I.NFO,08/05/2025,10:26:49,24487,24487,375,24488.7,150,150,12996075
NIFTY-I.NFO,08/05/2025,10:26:51,24487,24487,375,24488.7,150,75,12996075
NIFTY-I.NFO,08/05/2025,10:26:52,24488,24487.2,75,24488,300,600,12996075
NIFTY-I.NFO,08/05/2025,10:26:54,24488,24487.2,75,24488,300,0,12996075
NIFTY-I.NFO,08/05/2025,10:26:56,24487.6,24487,300,24487.6,150,375,12996075
NIFTY-I.NFO,08/05/2025,10:26:57,24487,24487.1,75,24487.6,150,225,12996075
NIFTY-I.NFO,08/05/2025,10:26:59,24487.6,24487,75,24488,225,225,12996075
NIFTY-I.NFO,08/05/2025,10:27:01,24488,24487,75,24487.5,225,75,12996075
NIFTY-I.NFO,08/05/2025,10:27:02,24488,24487,75,24488,75,300,12996075
NIFTY-I.NFO,08/05/2025,10:27:04,24488,24487.2,75,24487.8,75,75,12996075
NIFTY-I.NFO,08/05/2025,10:27:05,24487.1,24487,300,24487.8,75,150,12996075
NIFTY-I.NFO,08/05/2025,10:27:07,24487.4,24487.1,75,24487.4,225,75,12996075
NIFTY-I.NFO,08/05/2025,10:27:09,24487.4,24487,300,24487.4,150,150,12996075
NIFTY-I.NFO,08/05/2025,10:27:10,24487.4,24487.2,75,24487.4,150,0,12996075
NIFTY-I.NFO,08/05/2025,10:27:12,24487,24487,225,24487.2,75,300,12996075
NIFTY-I.NFO,08/05/2025,10:27:13,24487,24487,150,24487.2,75,75,12996075
NIFTY-I.NFO,08/05/2025,10:27:15,24487.3,24487,150,24487.3,150,150,12996075
NIFTY-I.NFO,08/05/2025,10:27:17,24487,24486.4,75,24487.1,225,150,12996075
NIFTY-I.NFO,08/05/2025,10:27:18,24487.1,24486.5,75,24487,75,150,12996075
NIFTY-I.NFO,08/05/2025,10:27:20,24485.2,24485.1,75,24487,75,450,12996075
NIFTY-I.NFO,08/05/2025,10:27:21,24485.1,24485.1,225,24486,300,75,12996075
NIFTY-I.NFO,08/05/2025,10:27:23,24486,24485.1,225,24486,225,75,12996075
NIFTY-I.NFO,08/05/2025,10:27:25,24485.1,24485,1650,24486,75,600,12996075
NIFTY-I.NFO,08/05/2025,10:27:26,24485.5,24485,1650,24486.4,75,300,12996075
NIFTY-I.NFO,08/05/2025,10:27:28,24486.2,24486.1,300,24487,150,150,12996075
NIFTY-I.NFO,08/05/2025,10:27:30,24487,24486.3,75,24487,75,75,12996075
NIFTY-I.NFO,08/05/2025,10:27:31,24487,24486.3,75,24486.6,225,0,12996075
NIFTY-I.NFO,08/05/2025,10:27:33,24487,24486.3,75,24487.2,75,375,12996075
NIFTY-I.NFO,08/05/2025,10:27:35,24487.3,24487.2,75,24487.3,75,150,12997050
NIFTY-I.NFO,08/05/2025,10:27:36,24487.2,24486.4,75,24487.2,225,75,12997050
NIFTY-I.NFO,08/05/2025,10:27:38,24487.2,24486.5,75,24487.2,225,0,12997050
NIFTY-I.NFO,08/05/2025,10:27:40,24486.5,24486.4,75,24486.5,300,600,12997050
NIFTY-I.NFO,08/05/2025,10:27:41,24486.5,24486.3,75,24486.5,225,525,12997050
NIFTY-I.NFO,08/05/2025,10:27:43,24486.3,24485,1950,24486.5,225,75,12997050
NIFTY-I.NFO,08/05/2025,10:27:45,24486.5,24486.4,300,24486.5,75,150,12997050
NIFTY-I.NFO,08/05/2025,10:27:46,24487,24486.5,150,24486.8,225,225,12997050
NIFTY-I.NFO,08/05/2025,10:27:48,24487,24486.5,150,24486.8,225,0,12997050
NIFTY-I.NFO,08/05/2025,10:27:51,24486.5,24486.4,300,24486.5,75,225,12997050
NIFTY-I.NFO,08/05/2025,10:27:53,24486.4,24486.4,225,24486.5,75,75,12997050
NIFTY-I.NFO,08/05/2025,10:27:54,24486.6,24486.4,225,24486.6,225,150,12997050
NIFTY-I.NFO,08/05/2025,10:27:56,24486.4,24485,1950,24486.4,75,225,12997050
NIFTY-I.NFO,08/05/2025,10:27:58,24486.5,24486.4,300,24486.5,150,150,12997050
NIFTY-I.NFO,08/05/2025,10:27:59,24486.5,24486.4,300,24486.5,75,75,12997050
NIFTY-I.NFO,08/05/2025,10:28:01,24486.5,24486.4,300,24486.8,225,75,12997050
NIFTY-I.NFO,08/05/2025,10:28:03,24486.4,24486,75,24486.4,75,300,12997050
NIFTY-I.NFO,08/05/2025,10:28:04,24485,24485,1200,24486,75,825,12997050
NIFTY-I.NFO,08/05/2025,10:28:06,24485,24485,975,24485.5,300,225,12997050
NIFTY-I.NFO,08/05/2025,10:28:08,24485,24484.9,150,24485,1050,975,12997050
NIFTY-I.NFO,08/05/2025,10:28:09,24485,24483,75,24485,675,150,12997050
NIFTY-I.NFO,08/05/2025,10:28:11,24483.5,24481.1,600,24483.5,150,450,12997050
NIFTY-I.NFO,08/05/2025,10:28:12,24481,24481.1,300,24483.5,150,825,12997050
NIFTY-I.NFO,08/05/2025,10:28:14,24483.5,24481.1,300,24485,600,150,12997050
NIFTY-I.NFO,08/05/2025,10:28:16,24482.9,24480.7,600,24482.9,150,450,12997050
NIFTY-I.NFO,08/05/2025,10:28:17,24482.9,24480.6,600,24483,150,150,12997050
NIFTY-I.NFO,08/05/2025,10:28:19,24483,24480.9,300,24483,75,75,12997050
NIFTY-I.NFO,08/05/2025,10:28:21,24483,24482.9,75,24483.9,300,75,12997050
NIFTY-I.NFO,08/05/2025,10:28:22,24483,24482.9,75,24483.9,300,0,12997050
NIFTY-I.NFO,08/05/2025,10:28:24,24483,24481.3,300,24483,75,150,12997050
NIFTY-I.NFO,08/05/2025,10:28:25,24483,24482.1,300,24483,150,600,12997050
NIFTY-I.NFO,08/05/2025,10:28:27,24483,24482.2,300,24483,75,300,12997050
NIFTY-I.NFO,08/05/2025,10:28:29,24484,24482.2,300,24483,75,150,12997050
NIFTY-I.NFO,08/05/2025,10:28:30,24482.6,24482.5,300,24485,300,525,12997050
NIFTY-I.NFO,08/05/2025,10:28:32,24482.5,24482.6,300,24485,300,150,12997050
NIFTY-I.NFO,08/05/2025,10:28:34,24485,24482.6,150,24485,225,150,12997050
NIFTY-I.NFO,08/05/2025,10:28:35,24485,24483,150,24483.8,300,0,12997050
NIFTY-I.NFO,08/05/2025,10:28:37,24483.8,24483,1050,24483.8,150,150,12997050
NIFTY-I.NFO,08/05/2025,10:28:39,24483.1,24483.1,75,24483.8,150,75,12997050
NIFTY-I.NFO,08/05/2025,10:28:40,24483.1,24483.1,225,24483.4,225,375,12997050
NIFTY-I.NFO,08/05/2025,10:28:42,24483.1,24483.1,225,24483.4,225,0,12997050
NIFTY-I.NFO,08/05/2025,10:28:45,24483.1,24483.1,150,24483.4,225,75,12997050
NIFTY-I.NFO,08/05/2025,10:28:47,24483.1,24483,825,24483.1,75,225,12997050
NIFTY-I.NFO,08/05/2025,10:28:49,24483.1,24483,825,24483.2,225,75,12997050
NIFTY-I.NFO,08/05/2025,10:28:50,24483,24483,750,24483.2,225,75,12997050
NIFTY-I.NFO,08/05/2025,10:28:52,24483,24483,450,24483.1,300,375,12997050
NIFTY-I.NFO,08/05/2025,10:28:53,24483,24483,450,24483.1,300,0,12997050
NIFTY-I.NFO,08/05/2025,10:28:55,24483,24483,150,24483.1,300,300,12997050
NIFTY-I.NFO,08/05/2025,10:28:57,24483,24482.7,150,24483,225,225,12997050
NIFTY-I.NFO,08/05/2025,10:28:58,24483,24482.7,150,24483,150,75,12997050
NIFTY-I.NFO,08/05/2025,10:29:00,24483,24482.7,150,24483,75,75,12997050
NIFTY-I.NFO,08/05/2025,10:29:02,24482.7,24482.7,75,24482.8,225,75,12997050
NIFTY-I.NFO,08/05/2025,10:29:03,24482.7,24482.7,75,24482.8,225,0,12997050
NIFTY-I.NFO,08/05/2025,10:29:05,24482.7,24482.4,75,24482.8,225,75,12997050
NIFTY-I.NFO,08/05/2025,10:29:06,24482.4,24481.8,225,24482.4,75,150,12997050
NIFTY-I.NFO,08/05/2025,10:29:08,24481.9,24481.9,225,24482.4,75,75,12997050
NIFTY-I.NFO,08/05/2025,10:29:10,24481.9,24481.8,225,24485,525,750,12997050
NIFTY-I.NFO,08/05/2025,10:29:12,24481.8,24480.8,75,24481.8,75,225,12997050
NIFTY-I.NFO,08/05/2025,10:29:13,24480.9,24480.9,225,24481.8,75,75,12997050
NIFTY-I.NFO,08/05/2025,10:29:15,24485,24480.9,225,24484,75,525,12997050
NIFTY-I.NFO,08/05/2025,10:29:16,24485,24480.9,225,24482.4,225,0,12997050
NIFTY-I.NFO,08/05/2025,10:29:20,24480.9,24480.9,225,24484,75,525,12997050
NIFTY-I.NFO,08/05/2025,10:29:21,24480.9,24480.9,225,24482.4,300,0,12997050
NIFTY-I.NFO,08/05/2025,10:29:23,24482.4,24481.5,300,24484,150,300,12997050
NIFTY-I.NFO,08/05/2025,10:29:24,24482.4,24481.5,225,24484,150,0,12997050
NIFTY-I.NFO,08/05/2025,10:29:26,24482.7,24481.9,225,24484,150,450,12997050
NIFTY-I.NFO,08/05/2025,10:29:28,24484,24481.9,225,24484,75,75,12997050
NIFTY-I.NFO,08/05/2025,10:29:29,24484,24481.9,225,24484,75,0,12997050
NIFTY-I.NFO,08/05/2025,10:29:31,24484,24481.9,225,24482.9,225,75,12997050
NIFTY-I.NFO,08/05/2025,10:29:32,24484,24481.9,225,24482.9,225,0,12997050
NIFTY-I.NFO,08/05/2025,10:29:34,24482.9,24481.9,225,24482.9,150,75,12997050
NIFTY-I.NFO,08/05/2025,10:29:36,24481.7,24481.7,225,24482.3,300,225,12997050
NIFTY-I.NFO,08/05/2025,10:29:37,24481.7,24481,225,24482.3,300,0,12997050
NIFTY-I.NFO,08/05/2025,10:29:41,24481,24480.9,225,24481.6,225,450,12997050
NIFTY-I.NFO,08/05/2025,10:29:42,24480.9,24480.9,225,24481.6,225,75,12997050
NIFTY-I.NFO,08/05/2025,10:29:44,24480.9,24480.9,150,24481.6,75,300,12997050
NIFTY-I.NFO,08/05/2025,10:29:45,24481,24480,3075,24481,150,300,12997050
NIFTY-I.NFO,08/05/2025,10:29:47,24481,24480.1,150,24481.6,75,225,12997050
NIFTY-I.NFO,08/05/2025,10:29:49,24480.2,24480.3,450,24481.6,75,150,12997050
NIFTY-I.NFO,08/05/2025,10:29:50,24480.2,24480.3,450,24481.6,75,0,12997050
NIFTY-I.NFO,08/05/2025,10:29:52,24480.2,24480.3,150,24480.9,300,0,12997050
NIFTY-I.NFO,08/05/2025,10:29:53,24480.2,24480.1,225,24480.9,300,0,12997050
NIFTY-I.NFO,08/05/2025,10:29:55,24480.9,24480,3150,24480.9,225,225,12997050
NIFTY-I.NFO,08/05/2025,10:29:57,24480.1,24480.1,300,24480.5,225,300,12997050
NIFTY-I.NFO,08/05/2025,10:29:58,24483,24482.7,75,24483,75,300,12997050
NIFTY-I.NFO,08/05/2025,10:30:00,24482.7,24480,3450,24483,75,75,12997050
NIFTY-I.NFO,08/05/2025,10:30:02,24483,24482.7,75,24484,675,300,12997050
NIFTY-I.NFO,08/05/2025,10:30:03,24483,24482.7,75,24484,375,0,12997050
NIFTY-I.NFO,08/05/2025,10:30:05,24484.4,24482,75,24483,75,450,12997050
NIFTY-I.NFO,08/05/2025,10:30:07,24480,24480,2850,24482,75,525,12997050
NIFTY-I.NFO,08/05/2025,10:30:08,24482.5,24480,2850,24484.4,150,300,12997050
NIFTY-I.NFO,08/05/2025,10:30:10,24484,24483,75,24484,375,375,12997050
NIFTY-I.NFO,08/05/2025,10:30:11,24484,24483,75,24483.5,825,0,12997050
NIFTY-I.NFO,08/05/2025,10:30:13,24483,24481,300,24483.5,75,225,12997050
NIFTY-I.NFO,08/05/2025,10:30:15,24481,24481.1,75,24483.5,75,75,12997050
NIFTY-I.NFO,08/05/2025,10:30:16,24481.1,24481,225,24482.3,225,150,12997050
NIFTY-I.NFO,08/05/2025,10:30:18,24481.1,24481,225,24482.3,225,0,12997050
NIFTY-I.NFO,08/05/2025,10:30:20,24481,24481.1,75,24483,75,300,12997050
NIFTY-I.NFO,08/05/2025,10:30:21,24483,24482.3,75,24482.5,300,75,12997050
NIFTY-I.NFO,08/05/2025,10:30:23,24482.5,24482.3,75,24482.5,225,75,12997050
NIFTY-I.NFO,08/05/2025,10:30:26,24482.3,24481.1,75,24482.3,150,150,12997050
NIFTY-I.NFO,08/05/2025,10:30:28,24482.3,24481.1,75,24482,375,0,12997050
NIFTY-I.NFO,08/05/2025,10:30:29,24481.5,24481.1,75,24481.5,75,75,12997050
NIFTY-I.NFO,08/05/2025,10:30:31,24481,24481,75,24481.1,300,225,12997050
NIFTY-I.NFO,08/05/2025,10:30:33,24481.1,24481,150,24481.1,225,75,12997050
NIFTY-I.NFO,08/05/2025,10:30:34,24481,24480.1,300,24481,450,150,12997050
NIFTY-I.NFO,08/05/2025,10:30:36,24480.1,24480.1,75,24481,300,600,13005525
NIFTY-I.NFO,08/05/2025,10:30:38,24480.1,24481,150,24482.5,75,0,13005525
NIFTY-I.NFO,08/05/2025,10:30:39,24482.6,24481,75,24482.4,150,300,13005525
NIFTY-I.NFO,08/05/2025,10:30:41,24480.9,24480.1,150,24480.9,75,150,13005525
NIFTY-I.NFO,08/05/2025,10:30:43,24480.1,24480.1,75,24481.5,75,75,13005525
NIFTY-I.NFO,08/05/2025,10:30:44,24480,24478.8,75,24479.9,75,2325,13005525
NIFTY-I.NFO,08/05/2025,10:30:46,24478.8,24478.1,75,24478.8,150,75,13005525
NIFTY-I.NFO,08/05/2025,10:30:48,24478.1,24478,75,24478.1,375,75,13005525
NIFTY-I.NFO,08/05/2025,10:30:49,24478,24477,300,24478.1,375,150,13005525
NIFTY-I.NFO,08/05/2025,10:30:51,24477,24476.8,225,24478.8,75,150,13005525
NIFTY-I.NFO,08/05/2025,10:30:52,24476.8,24476.3,300,24478.8,75,225,13005525
NIFTY-I.NFO,08/05/2025,10:30:54,24477.5,24477,75,24477.5,150,150,13005525
NIFTY-I.NFO,08/05/2025,10:30:56,24477,24475.6,1500,24477,225,525,13005525
NIFTY-I.NFO,08/05/2025,10:30:57,24477,24475.6,1500,24477,150,75,13005525
NIFTY-I.NFO,08/05/2025,10:30:59,24475.6,24475.6,1425,24476.3,225,75,13005525
NIFTY-I.NFO,08/05/2025,10:31:01,24476.3,24475.6,1425,24476.2,75,75,13005525
NIFTY-I.NFO,08/05/2025,10:31:02,24476.2,24475.6,1425,24476.3,150,75,13005525
NIFTY-I.NFO,08/05/2025,10:31:04,24475.6,24475.6,1050,24475.9,225,375,13005525
NIFTY-I.NFO,08/05/2025,10:31:06,24475.9,24475.7,300,24477,150,225,13005525
NIFTY-I.NFO,08/05/2025,10:31:07,24477,24475.7,1200,24478.8,75,150,13005525
NIFTY-I.NFO,08/05/2025,10:31:09,24477.4,24477,75,24477.4,225,75,13005525
NIFTY-I.NFO,08/05/2025,10:31:11,24477.4,24477.1,300,24477.4,225,0,13005525
NIFTY-I.NFO,08/05/2025,10:31:12,24477,24476.4,300,24477.4,150,150,13005525
NIFTY-I.NFO,08/05/2025,10:31:14,24477.4,24475.8,300,24476.9,225,225,13005525
NIFTY-I.NFO,08/05/2025,10:31:16,24476.9,24476.8,75,24476.9,150,75,13005525
NIFTY-I.NFO,08/05/2025,10:31:17,24476.8,24476.8,75,24476.9,150,75,13005525
NIFTY-I.NFO,08/05/2025,10:31:19,24476.3,24475.8,900,24476.3,75,450,13005525
NIFTY-I.NFO,08/05/2025,10:31:21,24478,24476.3,300,24480,750,150,13005525
NIFTY-I.NFO,08/05/2025,10:31:23,24480,24476.3,75,24480,1575,150,13005525
NIFTY-I.NFO,08/05/2025,10:31:24,24480,24476.3,75,24478.1,300,0,13005525
NIFTY-I.NFO,08/05/2025,10:31:26,24476.3,24476.3,75,24478.1,300,75,13005525
NIFTY-I.NFO,08/05/2025,10:31:27,24476.3,24476.3,75,24478.1,300,0,13005525
NIFTY-I.NFO,08/05/2025,10:31:29,24476.3,24476,150,24476.3,300,75,13005525
NIFTY-I.NFO,08/05/2025,10:31:31,24476.3,24476,75,24476.2,75,150,13005525
NIFTY-I.NFO,08/05/2025,10:31:32,24476.3,24476,75,24476.2,75,0,13005525
NIFTY-I.NFO,08/05/2025,10:31:34,24476,24475.7,75,24476,525,75,13005525
NIFTY-I.NFO,08/05/2025,10:31:36,24476,24475.7,75,24476,525,0,13005525
NIFTY-I.NFO,08/05/2025,10:31:37,24476,24475.7,75,24476.3,75,75,13005525
NIFTY-I.NFO,08/05/2025,10:31:39,24475.7,24475.6,1125,24476,450,75,13005525
NIFTY-I.NFO,08/05/2025,10:31:41,24475.6,24475.6,975,24476,450,150,13005525
NIFTY-I.NFO,08/05/2025,10:31:42,24475.6,24475.6,975,24476,450,0,13005525
NIFTY-I.NFO,08/05/2025,10:31:44,24475.6,24475.6,150,24475.8,450,825,13005525
NIFTY-I.NFO,08/05/2025,10:31:46,24475.6,24475.6,150,24475.7,150,0,13005525
NIFTY-I.NFO,08/05/2025,10:31:47,24475.6,24475.6,75,24475.7,150,75,13005525
NIFTY-I.NFO,08/05/2025,10:31:49,24475.2,24475,525,24475.1,75,225,13005525
NIFTY-I.NFO,08/05/2025,10:31:51,24474.1,24474,75,24475,300,750,13005525
NIFTY-I.NFO,08/05/2025,10:31:52,24474.1,24474,75,24475,300,0,13005525
NIFTY-I.NFO,08/05/2025,10:31:54,24473.4,24473.4,75,24474,300,225,13005525
NIFTY-I.NFO,08/05/2025,10:31:55,24473.7,24473.9,600,24475,75,600,13005525
NIFTY-I.NFO,08/05/2025,10:31:57,24473.7,24474.1,150,24475,75,0,13005525
NIFTY-I.NFO,08/05/2025,10:31:59,24475,24473,225,24476,225,225,13005525
NIFTY-I.NFO,08/05/2025,10:32:00,24473,24473.8,150,24475,75,75,13005525
NIFTY-I.NFO,08/05/2025,10:32:02,24475,24473.4,150,24476,225,75,13005525
NIFTY-I.NFO,08/05/2025,10:32:04,24476,24476,450,24477,75,300,13005525
NIFTY-I.NFO,08/05/2025,10:32:05,24476,24476,375,24477,75,75,13005525
NIFTY-I.NFO,08/05/2025,10:32:07,24478.2,24476,375,24478,150,225,13005525
NIFTY-I.NFO,08/05/2025,10:32:08,24479,24476,375,24479,375,75,13005525
NIFTY-I.NFO,08/05/2025,10:32:10,24479,24476,375,24479,375,0,13005525
NIFTY-I.NFO,08/05/2025,10:32:12,24476,24476,300,24479,375,75,13005525
NIFTY-I.NFO,08/05/2025,10:32:13,24476,24475,75,24478.7,75,0,13005525
NIFTY-I.NFO,08/05/2025,10:32:17,24476,24475,75,24478,75,0,13005525
NIFTY-I.NFO,08/05/2025,10:32:18,24478,24475,75,24479.2,75,300,13005525
NIFTY-I.NFO,08/05/2025,10:32:20,24478,24476,300,24479.2,75,0,13005525
NIFTY-I.NFO,08/05/2025,10:32:21,24476,24476,300,24479.2,75,75,13005525
NIFTY-I.NFO,08/05/2025,10:32:23,24476,24476,300,24479.2,375,0,13005525
NIFTY-I.NFO,08/05/2025,10:32:25,24476,24476,300,24478,150,0,13005525
NIFTY-I.NFO,08/05/2025,10:32:26,24476,24476,150,24478,75,150,13005525
NIFTY-I.NFO,08/05/2025,10:32:28,24476,24476,75,24478,75,75,13005525
NIFTY-I.NFO,08/05/2025,10:32:30,24476,24475,75,24478,75,75,13005525
NIFTY-I.NFO,08/05/2025,10:32:31,24476,24475,75,24478,75,75,13005525
NIFTY-I.NFO,08/05/2025,10:32:33,24476,24475,75,24478,75,0,13005525
NIFTY-I.NFO,08/05/2025,10:32:38,24476,24475,75,24478,75,75,13005525
NIFTY-I.NFO,08/05/2025,10:32:40,24476,24475,75,24478,75,0,13005525
NIFTY-I.NFO,08/05/2025,10:32:41,24480,24475,75,24479.9,150,450,13005525
NIFTY-I.NFO,08/05/2025,10:32:43,24480,24475.2,150,24479.9,150,0,13005525
NIFTY-I.NFO,08/05/2025,10:32:45,24479.9,24475.6,150,24480,2025,75,13005525
NIFTY-I.NFO,08/05/2025,10:32:46,24479.9,24475.6,150,24480,2025,0,13005525
NIFTY-I.NFO,08/05/2025,10:32:50,24480,24475.8,150,24480,1950,75,13005525
NIFTY-I.NFO,08/05/2025,10:32:51,24480,24476,150,24480,1950,0,13005525
NIFTY-I.NFO,08/05/2025,10:32:53,24480,24475.1,600,24480,1275,225,13005525
NIFTY-I.NFO,08/05/2025,10:32:55,24480,24476.1,150,24480,1875,0,13005525
NIFTY-I.NFO,08/05/2025,10:32:56,24480,24476.3,150,24480,1125,150,13005525
NIFTY-I.NFO,08/05/2025,10:32:58,24480,24477,150,24480,1125,0,13005525
NIFTY-I.NFO,08/05/2025,10:33:00,24480,24476.9,150,24480,750,375,13005525
NIFTY-I.NFO,08/05/2025,10:33:01,24480,24477.2,150,24480,600,150,13005525
NIFTY-I.NFO,08/05/2025,10:33:03,24477.3,24477.4,450,24480,600,75,13005525
NIFTY-I.NFO,08/05/2025,10:33:05,24477.9,24477.9,225,24480,600,225,13005525
NIFTY-I.NFO,08/05/2025,10:33:06,24477.9,24478.2,300,24480,600,0,13005525
NIFTY-I.NFO,08/05/2025,10:33:08,24477.9,24477.8,600,24480,750,0,13005525
NIFTY-I.NFO,08/05/2025,10:33:10,24477.9,24477.9,75,24480,675,0,13005525
NIFTY-I.NFO,08/05/2025,10:33:11,24477.9,24478,300,24480,675,0,13005525
NIFTY-I.NFO,08/05/2025,10:33:13,24480,24478,825,24480,300,375,13005525
NIFTY-I.NFO,08/05/2025,10:33:15,24480,24478,375,24480,300,0,13005525
NIFTY-I.NFO,08/05/2025,10:33:16,24480,24478,375,24480,150,150,13005525
NIFTY-I.NFO,08/05/2025,10:33:18,24480,24478,375,24480,150,0,13005525
NIFTY-I.NFO,08/05/2025,10:33:20,24480,24478,375,24480,225,0,13005525
NIFTY-I.NFO,08/05/2025,10:33:25,24480,24478.2,75,24480,225,0,13005525
NIFTY-I.NFO,08/05/2025,10:33:26,24478.2,24478,375,24480,75,75,13005525
NIFTY-I.NFO,08/05/2025,10:33:28,24478.2,24478,375,24480,75,0,13005525
NIFTY-I.NFO,08/05/2025,10:33:30,24478,24478.2,75,24480,150,75,13005525
NIFTY-I.NFO,08/05/2025,10:33:31,24478.2,24478,300,24481.9,450,225,13005525
NIFTY-I.NFO,08/05/2025,10:33:33,24478.2,24478,300,24481.9,1050,0,13005525
NIFTY-I.NFO,08/05/2025,10:33:35,24478.2,24478,300,24481.9,750,0,13005525
NIFTY-I.NFO,08/05/2025,10:33:38,24481.9,24478,300,24481.9,375,75,13006425
NIFTY-I.NFO,08/05/2025,10:33:40,24481.9,24478,300,24481.9,225,150,13006425
NIFTY-I.NFO,08/05/2025,10:33:41,24481.9,24478,300,24481.9,150,75,13006425
NIFTY-I.NFO,08/05/2025,10:33:43,24483,24478.1,75,24483,675,225,13006425
NIFTY-I.NFO,08/05/2025,10:33:45,24483,24478.1,75,24483,375,0,13006425
NIFTY-I.NFO,08/05/2025,10:33:46,24478.1,24478,900,24481.5,75,75,13006425
NIFTY-I.NFO,08/05/2025,10:33:48,24481.5,24478.3,300,24483,75,75,13006425
NIFTY-I.NFO,08/05/2025,10:33:50,24481.5,24478.3,300,24483,375,0,13006425
NIFTY-I.NFO,08/05/2025,10:33:51,24481.5,24478.5,375,24483,75,0,13006425
NIFTY-I.NFO,08/05/2025,10:33:53,24481.5,24479.6,450,24483,75,0,13006425
NIFTY-I.NFO,08/05/2025,10:33:56,24481.5,24479.7,600,24483,75,0,13006425
NIFTY-I.NFO,08/05/2025,10:33:58,24481.5,24479.6,450,24483,75,0,13006425
NIFTY-I.NFO,08/05/2025,10:34:00,24481.5,24479.4,75,24483,75,0,13006425
NIFTY-I.NFO,08/05/2025,10:34:01,24481.5,24479.3,675,24483,75,0,13006425
NIFTY-I.NFO,08/05/2025,10:34:03,24483,24480.1,150,24483,75,75,13006425
NIFTY-I.NFO,08/05/2025,10:34:05,24483,24480.8,150,24483,75,0,13006425
NIFTY-I.NFO,08/05/2025,10:34:08,24483,24481.4,75,24483,75,0,13006425
NIFTY-I.NFO,08/05/2025,10:34:10,24483,24481.4,150,24484,75,75,13006425
NIFTY-I.NFO,08/05/2025,10:34:11,24483,24481.7,225,24484,75,0,13006425
NIFTY-I.NFO,08/05/2025,10:34:13,24484,24481.6,75,24485,1650,75,13006425
NIFTY-I.NFO,08/05/2025,10:34:15,24485,24481.6,150,24485,1275,375,13006425
NIFTY-I.NFO,08/05/2025,10:34:16,24485,24482.8,75,24483.8,75,75,13006425
NIFTY-I.NFO,08/05/2025,10:34:18,24487.9,24482.8,375,24487.9,150,1800,13006425
NIFTY-I.NFO,08/05/2025,10:34:20,24487.9,24483,150,24487.7,450,0,13006425
NIFTY-I.NFO,08/05/2025,10:34:21,24487.7,24484.4,75,24487,825,150,13006425
NIFTY-I.NFO,08/05/2025,10:34:25,24487.7,24484.4,150,24486.5,750,0,13006425
NIFTY-I.NFO,08/05/2025,10:34:26,24486.5,24484.4,150,24486.8,975,75,13006425
NIFTY-I.NFO,08/05/2025,10:34:28,24486.5,24485,150,24487.2,150,0,13006425
NIFTY-I.NFO,08/05/2025,10:34:30,24487,24485,150,24486.9,375,75,13006425
NIFTY-I.NFO,08/05/2025,10:34:31,24487,24485,225,24486.9,450,0,13006425
NIFTY-I.NFO,08/05/2025,10:34:33,24487,24485,225,24486,75,0,13006425
NIFTY-I.NFO,08/05/2025,10:34:35,24485,24485,150,24486,75,75,13006425
NIFTY-I.NFO,08/05/2025,10:34:36,24487.3,24485,150,24487.6,300,1050,13006425
NIFTY-I.NFO,08/05/2025,10:34:38,24485,24484.4,75,24485,75,150,13006425
NIFTY-I.NFO,08/05/2025,10:34:40,24485,24484.4,75,24485,300,0,13006425
NIFTY-I.NFO,08/05/2025,10:34:43,24485,24484.4,375,24485,300,0,13006425
NIFTY-I.NFO,08/05/2025,10:34:45,24488,24484.4,375,24488,150,1575,13006425
NIFTY-I.NFO,08/05/2025,10:34:46,24488.1,24484.4,450,24488.1,150,75,13006425
NIFTY-I.NFO,08/05/2025,10:34:48,24488.1,24484.4,450,24487.9,225,0,13006425
NIFTY-I.NFO,08/05/2025,10:34:50,24487.9,24484.4,450,24487.5,225,75,13006425
NIFTY-I.NFO,08/05/2025,10:34:51,24484.4,24484.4,375,24487.5,225,75,13006425
NIFTY-I.NFO,08/05/2025,10:34:53,24487.4,24484.4,375,24487.4,75,300,13006425
NIFTY-I.NFO,08/05/2025,10:34:54,24484.5,24484.8,75,24487.6,600,75,13006425
NIFTY-I.NFO,08/05/2025,10:34:56,24484.5,24484.8,300,24487.6,900,0,13006425
NIFTY-I.NFO,08/05/2025,10:34:58,24484.5,24484.8,300,24487.5,900,0,13006425
NIFTY-I.NFO,08/05/2025,10:34:59,24484.5,24484.8,300,24487,75,0,13006425
NIFTY-I.NFO,08/05/2025,10:35:01,24485.2,24485.2,150,24486.5,150,900,13006425
NIFTY-I.NFO,08/05/2025,10:35:03,24485.2,24485.2,150,24486.6,225,75,13006425
NIFTY-I.NFO,08/05/2025,10:35:04,24485.2,24485.2,150,24486.6,225,0,13006425
NIFTY-I.NFO,08/05/2025,10:35:06,24485.2,24485.2,150,24486.5,375,0,13006425
NIFTY-I.NFO,08/05/2025,10:35:08,24485.2,24486,225,24486.5,375,0,13006425
NIFTY-I.NFO,08/05/2025,10:35:09,24485.4,24485.2,225,24485.4,75,1500,13006425
NIFTY-I.NFO,08/05/2025,10:35:11,24485,24484.5,75,24484.9,75,300,13006425
NIFTY-I.NFO,08/05/2025,10:35:13,24484.5,24484,75,24485.9,900,150,13006425
NIFTY-I.NFO,08/05/2025,10:35:14,24484.5,24484,75,24485.6,675,0,13006425
NIFTY-I.NFO,08/05/2025,10:35:18,24480.6,24480.5,75,24485.1,675,600,13006425
NIFTY-I.NFO,08/05/2025,10:35:19,24480.6,24480.5,75,24485.1,675,0,13006425
NIFTY-I.NFO,08/05/2025,10:35:21,24480.6,24481,75,24485.1,75,0,13006425
NIFTY-I.NFO,08/05/2025,10:35:23,24481,24480.6,75,24485.1,75,75,13006425
NIFTY-I.NFO,08/05/2025,10:35:24,24481,24480.6,75,24483.9,75,0,13006425
NIFTY-I.NFO,08/05/2025,10:35:27,24481,24480.6,225,24483.9,75,0,13006425
NIFTY-I.NFO,08/05/2025,10:35:29,24480.6,24480.5,75,24480.6,375,375,13006425
NIFTY-I.NFO,08/05/2025,10:35:31,24480.6,24480.5,75,24484.5,75,375,13006425
NIFTY-I.NFO,08/05/2025,10:35:32,24480.5,24480,75,24484.5,675,75,13006425
NIFTY-I.NFO,08/05/2025,10:35:34,24483.7,24480,75,24482,75,75,13006425
NIFTY-I.NFO,08/05/2025,10:35:36,24483.7,24480,75,24482,75,0,13006425
NIFTY-I.NFO,08/05/2025,10:35:37,24484.1,24481,75,24483.6,675,525,13006425
NIFTY-I.NFO,08/05/2025,10:35:39,24483.6,24481,75,24483.6,375,225,13006425
NIFTY-I.NFO,08/05/2025,10:35:41,24483.6,24481,225,24483.6,75,0,13006425
NIFTY-I.NFO,08/05/2025,10:35:46,24483.6,24481,225,24483.6,675,0,13006425
NIFTY-I.NFO,08/05/2025,10:35:48,24483.6,24481,375,24483.4,375,0,13006425
NIFTY-I.NFO,08/05/2025,10:35:49,24483.6,24481,375,24483.2,675,0,13006425
NIFTY-I.NFO,08/05/2025,10:35:51,24481,24482,225,24482.9,675,75,13006425
NIFTY-I.NFO,08/05/2025,10:35:53,24482,24481.3,75,24482,750,525,13006425
NIFTY-I.NFO,08/05/2025,10:35:54,24482,24480.6,75,24481.8,675,0,13006425
NIFTY-I.NFO,08/05/2025,10:35:56,24478,24478,75,24481.1,750,150,13006425
NIFTY-I.NFO,08/05/2025,10:35:58,24479.7,24479.1,75,24480,300,75,13006425
NIFTY-I.NFO,08/05/2025,10:35:59,24480,24478,75,24480,75,225,13006425
NIFTY-I.NFO,08/05/2025,10:36:01,24475.5,24475.5,525,24480,525,225,13006425
NIFTY-I.NFO,08/05/2025,10:36:03,24475.5,24479.1,75,24480,675,0,13006425
NIFTY-I.NFO,08/05/2025,10:36:04,24479.2,24475.5,825,24480,75,75,13006425
NIFTY-I.NFO,08/05/2025,10:36:06,24479.2,24475.5,525,24480,225,0,13006425
NIFTY-I.NFO,08/05/2025,10:36:08,24479.2,24475.5,525,24480,375,0,13006425
NIFTY-I.NFO,08/05/2025,10:36:11,24475.4,24475.4,525,24480,525,75,13006425
NIFTY-I.NFO,08/05/2025,10:36:13,24475.4,24478,300,24480,375,75,13006425
NIFTY-I.NFO,08/05/2025,10:36:14,24477.4,24477.5,600,24483.4,750,900,13006425
NIFTY-I.NFO,08/05/2025,10:36:16,24477.4,24478.9,450,24479.8,75,0,13006425
NIFTY-I.NFO,08/05/2025,10:36:18,24477.4,24479.1,150,24479.8,75,0,13006425
NIFTY-I.NFO,08/05/2025,10:36:19,24478.3,24478.7,600,24479.8,75,900,13006425
NIFTY-I.NFO,08/05/2025,10:36:21,24478.7,24478.8,150,24479.8,75,75,13006425
NIFTY-I.NFO,08/05/2025,10:36:23,24478.7,24478.9,450,24479.8,75,0,13006425
NIFTY-I.NFO,08/05/2025,10:36:24,24479.8,24478.2,300,24480,450,75,13006425
NIFTY-I.NFO,08/05/2025,10:36:26,24480,24478.2,750,24480,375,75,13006425
NIFTY-I.NFO,08/05/2025,10:36:28,24480,24478.5,600,24480,150,225,13006425
NIFTY-I.NFO,08/05/2025,10:36:29,24480,24478.5,450,24480,150,0,13006425
NIFTY-I.NFO,08/05/2025,10:36:31,24480,24478.5,300,24480,75,225,13006425
NIFTY-I.NFO,08/05/2025,10:36:33,24478.4,24477.9,300,24480,75,75,13006425
NIFTY-I.NFO,08/05/2025,10:36:34,24481.9,24477.8,225,24481.9,75,150,13006425
NIFTY-I.NFO,08/05/2025,10:36:36,24481.9,24477.5,225,24481.9,75,0,13006425
NIFTY-I.NFO,08/05/2025,10:36:38,24481.9,24477.2,225,24481.9,450,75,13003725
NIFTY-I.NFO,08/05/2025,10:36:39,24481.9,24476.7,225,24481.9,750,0,13003725
NIFTY-I.NFO,08/05/2025,10:36:41,24481.9,24476.4,300,24481.7,750,0,13003725
NIFTY-I.NFO,08/05/2025,10:36:43,24481.9,24475.7,300,24480.7,750,0,13003725
NIFTY-I.NFO,08/05/2025,10:36:44,24481.9,24475.8,300,24480.7,750,0,13003725
NIFTY-I.NFO,08/05/2025,10:36:46,24481.9,24475.4,300,24480.7,750,0,13003725
NIFTY-I.NFO,08/05/2025,10:36:48,24481.9,24475.3,525,24479.9,150,0,13003725
NIFTY-I.NFO,08/05/2025,10:36:49,24476,24476,75,24479.9,750,150,13003725
NIFTY-I.NFO,08/05/2025,10:36:51,24476,24475,225,24479.9,450,75,13003725
NIFTY-I.NFO,08/05/2025,10:36:53,24476,24475.1,375,24479.9,450,0,13003725
NIFTY-I.NFO,08/05/2025,10:36:54,24475.1,24475,375,24479.4,150,225,13003725
NIFTY-I.NFO,08/05/2025,10:36:56,24479.4,24475.4,675,24479.4,75,225,13003725
NIFTY-I.NFO,08/05/2025,10:36:58,24479.4,24475.6,300,24479.4,75,0,13003725
NIFTY-I.NFO,08/05/2025,10:36:59,24479.4,24475.5,300,24479.4,75,0,13003725
NIFTY-I.NFO,08/05/2025,10:37:01,24479.4,24475.5,300,24479.4,150,0,13003725
NIFTY-I.NFO,08/05/2025,10:37:03,24479.4,24475.8,300,24479.4,150,225,13003725
NIFTY-I.NFO,08/05/2025,10:37:04,24479.4,24475.6,300,24479.4,150,0,13003725
NIFTY-I.NFO,08/05/2025,10:37:06,24479.4,24475.7,300,24479.4,150,0,13003725
NIFTY-I.NFO,08/05/2025,10:37:08,24475.8,24475.8,225,24477.9,150,75,13003725
NIFTY-I.NFO,08/05/2025,10:37:09,24475.8,24475.8,75,24477.9,150,0,13003725
NIFTY-I.NFO,08/05/2025,10:37:11,24477.9,24476.1,300,24478,75,150,13003725
NIFTY-I.NFO,08/05/2025,10:37:13,24478,24476,300,24478.9,75,75,13003725
NIFTY-I.NFO,08/05/2025,10:37:14,24478,24476.3,300,24478,75,0,13003725
NIFTY-I.NFO,08/05/2025,10:37:16,24476.4,24476.4,225,24478,75,75,13003725
NIFTY-I.NFO,08/05/2025,10:37:17,24476.4,24476.4,150,24478,75,0,13003725
NIFTY-I.NFO,08/05/2025,10:37:21,24476.4,24476.4,75,24478,75,75,13003725
NIFTY-I.NFO,08/05/2025,10:37:22,24478,24476.4,75,24479.3,75,75,13003725
NIFTY-I.NFO,08/05/2025,10:37:24,24478,24476.4,75,24478,150,0,13003725
NIFTY-I.NFO,08/05/2025,10:37:26,24476.4,24476.4,150,24478,150,75,13003725
NIFTY-I.NFO,08/05/2025,10:37:27,24476.4,24476.4,75,24478,150,225,13003725
NIFTY-I.NFO,08/05/2025,10:37:29,24476.4,24475,300,24476.4,75,225,13003725
NIFTY-I.NFO,08/05/2025,10:37:31,24476.4,24475.2,75,24476.4,75,0,13003725
NIFTY-I.NFO,08/05/2025,10:37:34,24475,24475,75,24475.8,75,300,13003725
NIFTY-I.NFO,08/05/2025,10:37:36,24475,24474.9,150,24475.8,75,75,13003725
NIFTY-I.NFO,08/05/2025,10:37:37,24475,24474.9,225,24475.7,75,0,13003725
NIFTY-I.NFO,08/05/2025,10:37:39,24474.9,24474.9,150,24475.7,75,75,13003725
NIFTY-I.NFO,08/05/2025,10:37:41,24474,24474,75,24475.7,75,225,13003725
NIFTY-I.NFO,08/05/2025,10:37:42,24475.7,24474,75,24475.7,150,75,13003725
NIFTY-I.NFO,08/05/2025,10:37:44,24475.7,24474.1,300,24475.7,150,0,13003725
NIFTY-I.NFO,08/05/2025,10:37:46,24475.7,24474,75,24475.7,150,0,13003725
NIFTY-I.NFO,08/05/2025,10:37:47,24475.7,24474.2,300,24475.7,150,0,13003725
NIFTY-I.NFO,08/05/2025,10:37:49,24475.7,24474,375,24475.7,75,150,13003725
NIFTY-I.NFO,08/05/2025,10:37:51,24474,24473.8,300,24475.7,150,75,13003725
NIFTY-I.NFO,08/05/2025,10:37:52,24475.7,24474.3,225,24475.7,150,450,13003725
NIFTY-I.NFO,08/05/2025,10:37:54,24475.7,24474.3,375,24475.7,150,0,13003725
NIFTY-I.NFO,08/05/2025,10:37:56,24475.8,24475.1,525,24476.4,75,225,13003725
NIFTY-I.NFO,08/05/2025,10:37:57,24475.3,24474.9,525,24477.9,150,300,13003725
NIFTY-I.NFO,08/05/2025,10:37:59,24475.3,24475.2,75,24477.9,150,0,13003725
NIFTY-I.NFO,08/05/2025,10:38:01,24477.9,24475.2,150,24477.9,75,75,13003725
NIFTY-I.NFO,08/05/2025,10:38:02,24475.2,24475.2,75,24477.9,75,75,13003725
NIFTY-I.NFO,08/05/2025,10:38:04,24475.2,24475.4,75,24477.9,75,0,13003725
NIFTY-I.NFO,08/05/2025,10:38:09,24475.2,24475.4,75,24477.9,150,0,13003725
NIFTY-I.NFO,08/05/2025,10:38:11,24475.4,24475.1,75,24477.9,150,75,13003725
NIFTY-I.NFO,08/05/2025,10:38:12,24475.4,24475.2,75,24477.9,150,0,13003725
NIFTY-I.NFO,08/05/2025,10:38:14,24475,24474.5,750,24476.9,75,75,13003725
NIFTY-I.NFO,08/05/2025,10:38:16,24474.5,24474.7,75,24476.9,75,75,13003725
NIFTY-I.NFO,08/05/2025,10:38:17,24474.5,24474.9,75,24476.9,75,0,13003725
NIFTY-I.NFO,08/05/2025,10:38:19,24476.9,24474.9,75,24476.9,150,75,13003725
NIFTY-I.NFO,08/05/2025,10:38:21,24474.5,24474.5,600,24476.9,75,225,13003725
NIFTY-I.NFO,08/05/2025,10:38:22,24474.5,24475.2,75,24476.9,75,0,13003725
NIFTY-I.NFO,08/05/2025,10:38:26,24476.9,24474.6,600,24476.9,150,150,13003725
NIFTY-I.NFO,08/05/2025,10:38:27,24474.6,24474.6,450,24476.9,150,150,13003725
NIFTY-I.NFO,08/05/2025,10:38:29,24474.6,24474.6,450,24477.8,150,0,13003725
NIFTY-I.NFO,08/05/2025,10:38:34,24476.8,24474.7,600,24477,150,900,13003725
NIFTY-I.NFO,08/05/2025,10:38:36,24477,24474.6,750,24477,225,375,13003725
NIFTY-I.NFO,08/05/2025,10:38:37,24477,24474.6,750,24477,225,0,13003725
NIFTY-I.NFO,08/05/2025,10:38:39,24477,24475.2,75,24477,225,0,13003725
NIFTY-I.NFO,08/05/2025,10:38:41,24477,24475.3,675,24477,75,0,13003725
NIFTY-I.NFO,08/05/2025,10:38:42,24475.4,24475.3,525,24477.9,150,450,13003725
NIFTY-I.NFO,08/05/2025,10:38:44,24475.4,24475.3,525,24477.9,150,0,13003725
NIFTY-I.NFO,08/05/2025,10:38:46,24475.4,24476.4,75,24477.9,150,0,13003725
NIFTY-I.NFO,08/05/2025,10:38:49,24476.5,24476.5,225,24477.9,150,150,13003725
NIFTY-I.NFO,08/05/2025,10:38:51,24476.5,24476.5,450,24477.9,150,0,13003725
NIFTY-I.NFO,08/05/2025,10:38:52,24476.5,24476.5,150,24477.9,150,300,13003725
NIFTY-I.NFO,08/05/2025,10:38:54,24477.9,24476.5,150,24477.9,150,150,13003725
NIFTY-I.NFO,08/05/2025,10:38:56,24477.9,24476.5,150,24477.9,150,0,13003725
NIFTY-I.NFO,08/05/2025,10:39:02,24476.5,24476.5,75,24477.9,150,75,13003725
NIFTY-I.NFO,08/05/2025,10:39:04,24476.5,24477,75,24477.9,150,75,13003725
NIFTY-I.NFO,08/05/2025,10:39:06,24476.5,24477,75,24477.9,150,0,13003725
NIFTY-I.NFO,08/05/2025,10:39:07,24476.5,24477,150,24477.9,150,0,13003725
NIFTY-I.NFO,08/05/2025,10:39:09,24475.4,24475.3,75,24477.9,75,1125,13003725
NIFTY-I.NFO,08/05/2025,10:39:11,24479,24476.1,750,24479.8,150,375,13003725
NIFTY-I.NFO,08/05/2025,10:39:12,24479.8,24476.2,825,24479.9,75,150,13003725
NIFTY-I.NFO,08/05/2025,10:39:14,24479,24476.2,75,24479.8,150,675,13003725
NIFTY-I.NFO,08/05/2025,10:39:15,24476,24475.6,225,24479.8,150,150,13003725
NIFTY-I.NFO,08/05/2025,10:39:17,24476,24477.5,225,24479.8,825,0,13003725
NIFTY-I.NFO,08/05/2025,10:39:19,24479.8,24479.8,375,24479.9,75,1200,13003725
NIFTY-I.NFO,08/05/2025,10:39:20,24477.8,24476.1,750,24479.7,150,600,13003725
NIFTY-I.NFO,08/05/2025,10:39:22,24476.9,24477.2,150,24479.7,150,525,13003725
NIFTY-I.NFO,08/05/2025,10:39:24,24476.9,24477.2,150,24479.7,150,0,13003725
NIFTY-I.NFO,08/05/2025,10:39:25,24476.9,24477.2,150,24479.2,150,0,13003725
NIFTY-I.NFO,08/05/2025,10:39:27,24477.2,24476,225,24478.9,150,150,13003725
NIFTY-I.NFO,08/05/2025,10:39:29,24478.9,24476.1,750,24479,525,150,13003725
NIFTY-I.NFO,08/05/2025,10:39:30,24478.9,24476.1,750,24479,525,0,13003725
NIFTY-I.NFO,08/05/2025,10:39:32,24478.9,24477,75,24479,525,0,13003725
NIFTY-I.NFO,08/05/2025,10:39:34,24477,24476.1,750,24479,525,75,13003725
NIFTY-I.NFO,08/05/2025,10:39:35,24477,24476.2,150,24478.9,150,0,13003725
NIFTY-I.NFO,08/05/2025,10:39:37,24478.9,24476.2,150,24478.9,75,225,13004025
NIFTY-I.NFO,08/05/2025,10:39:39,24478.9,24476.2,150,24478.9,150,75,13004025
NIFTY-I.NFO,08/05/2025,10:39:40,24477,24476.2,150,24481.4,675,1125,13004025
NIFTY-I.NFO,08/05/2025,10:39:42,24476.2,24476.3,75,24480,150,75,13004025
NIFTY-I.NFO,08/05/2025,10:39:44,24478.9,24476.3,75,24480,150,75,13004025
NIFTY-I.NFO,08/05/2025,10:39:45,24478.9,24476.3,225,24479.9,150,0,13004025
NIFTY-I.NFO,08/05/2025,10:39:47,24476,24476,150,24479.9,750,450,13004025
NIFTY-I.NFO,08/05/2025,10:39:49,24476,24476,225,24478.9,150,0,13004025
NIFTY-I.NFO,08/05/2025,10:39:50,24476,24476,150,24478,150,75,13004025
NIFTY-I.NFO,08/05/2025,10:39:52,24478,24476,150,24478.9,150,150,13004025
NIFTY-I.NFO,08/05/2025,10:39:54,24478.9,24476,225,24478.9,75,75,13004025
NIFTY-I.NFO,08/05/2025,10:39:55,24478.9,24476,150,24478.9,75,0,13004025
NIFTY-I.NFO,08/05/2025,10:39:59,24476,24476,75,24477.9,75,75,13004025
NIFTY-I.NFO,08/05/2025,10:40:00,24476,24476,75,24477.9,75,0,13004025
NIFTY-I.NFO,08/05/2025,10:40:02,24476,24475.1,750,24477.9,75,225,13004025
NIFTY-I.NFO,08/05/2025,10:40:04,24475.1,24475.1,675,24477.9,150,225,13004025
NIFTY-I.NFO,08/05/2025,10:40:05,24478,24475.1,675,24478.9,150,525,13004025
NIFTY-I.NFO,08/05/2025,10:40:07,24478,24475.1,675,24478.9,150,0,13004025
NIFTY-I.NFO,08/05/2025,10:40:08,24475.1,24475.1,600,24478.9,150,75,13004025
NIFTY-I.NFO,08/05/2025,10:40:10,24475.1,24475.1,600,24478.9,150,0,13004025
NIFTY-I.NFO,08/05/2025,10:40:13,24475,24475,900,24478.9,150,75,13004025
NIFTY-I.NFO,08/05/2025,10:40:15,24475,24475,900,24477.9,150,0,13004025
NIFTY-I.NFO,08/05/2025,10:40:23,24475,24475,600,24477.9,150,300,13004025
NIFTY-I.NFO,08/05/2025,10:40:25,24475,24475,600,24477.9,150,75,13004025
NIFTY-I.NFO,08/05/2025,10:40:27,24475,24475,525,24476.9,150,75,13004025
NIFTY-I.NFO,08/05/2025,10:40:28,24474,24474,75,24476.9,150,1125,13004025
NIFTY-I.NFO,08/05/2025,10:40:30,24474,24473.9,75,24476.9,150,75,13004025
NIFTY-I.NFO,08/05/2025,10:40:31,24474,24473.9,225,24476.9,150,0,13004025
NIFTY-I.NFO,08/05/2025,10:40:35,24475,24473.9,225,24476.9,150,300,13004025
NIFTY-I.NFO,08/05/2025,10:40:36,24476.9,24473.9,225,24476.9,75,75,13004025
NIFTY-I.NFO,08/05/2025,10:40:38,24476.9,24473.9,225,24476.9,75,0,13004025
NIFTY-I.NFO,08/05/2025,10:40:43,24476.9,24474,75,24476,525,75,13004025
NIFTY-I.NFO,08/05/2025,10:40:44,24476,24475,75,24477.9,150,525,13004025
NIFTY-I.NFO,08/05/2025,10:40:46,24476,24475,225,24477.9,150,0,13004025
NIFTY-I.NFO,08/05/2025,10:40:48,24477.9,24475,225,24477.9,75,75,13004025
NIFTY-I.NFO,08/05/2025,10:40:49,24475,24475,150,24477.9,75,225,13004025
NIFTY-I.NFO,08/05/2025,10:40:51,24475,24475,150,24476,525,300,13004025
NIFTY-I.NFO,08/05/2025,10:40:52,24475,24475.1,150,24476,525,0,13004025
NIFTY-I.NFO,08/05/2025,10:40:56,24476,24475.1,150,24476,450,75,13004025
NIFTY-I.NFO,08/05/2025,10:40:57,24476,24475.1,300,24477,300,450,13004025
NIFTY-I.NFO,08/05/2025,10:40:59,24476,24475.2,150,24477,300,0,13004025
NIFTY-I.NFO,08/05/2025,10:41:00,24476,24475.2,150,24476,75,0,13004025
NIFTY-I.NFO,08/05/2025,10:41:02,24476,24475.3,150,24477,300,75,13004025
NIFTY-I.NFO,08/05/2025,10:41:04,24476,24475.3,300,24477,300,0,13004025
NIFTY-I.NFO,08/05/2025,10:41:07,24475.3,24475.3,75,24477,300,75,13004025
NIFTY-I.NFO,08/05/2025,10:41:09,24475.3,24475.2,150,24477,300,75,13004025
NIFTY-I.NFO,08/05/2025,10:41:10,24477,24475.2,150,24477,225,150,13004025
NIFTY-I.NFO,08/05/2025,10:41:12,24477,24475.3,150,24477,300,0,13004025
NIFTY-I.NFO,08/05/2025,10:41:15,24475.3,24475.3,750,24478.9,75,375,13004025
NIFTY-I.NFO,08/05/2025,10:41:17,24475.4,24475.4,675,24478.9,75,150,13004025
NIFTY-I.NFO,08/05/2025,10:41:18,24478.9,24475.9,525,24479,75,225,13004025
NIFTY-I.NFO,08/05/2025,10:41:20,24478.9,24475.9,525,24479,75,0,13004025
NIFTY-I.NFO,08/05/2025,10:41:22,24475.9,24476.1,675,24479,75,75,13004025
NIFTY-I.NFO,08/05/2025,10:41:23,24475.9,24476.1,675,24479,75,0,13004025
NIFTY-I.NFO,08/05/2025,10:41:26,24478,24476.2,525,24478,75,225,13004025
NIFTY-I.NFO,08/05/2025,10:41:28,24478,24476,75,24478,75,0,13004025
NIFTY-I.NFO,08/05/2025,10:41:35,24478,24476,75,24477,75,0,13004025
NIFTY-I.NFO,08/05/2025,10:41:38,24478,24476,75,24476.5,75,0,13004025
NIFTY-I.NFO,08/05/2025,10:41:40,24476.5,24476,150,24478,150,75,13004025
NIFTY-I.NFO,08/05/2025,10:41:41,24476.5,24476,150,24478,150,0,13004025
NIFTY-I.NFO,08/05/2025,10:41:43,24478,24476,150,24478,75,75,13004025
NIFTY-I.NFO,08/05/2025,10:41:45,24478,24476.1,75,24478,75,0,13004025
NIFTY-I.NFO,08/05/2025,10:41:48,24479.9,24476.1,150,24479.9,375,300,13004025
NIFTY-I.NFO,08/05/2025,10:41:51,24479.9,24476.1,150,24479.9,900,75,13004025
NIFTY-I.NFO,08/05/2025,10:41:53,24479.9,24476.1,150,24479.8,1200,0,13004025
NIFTY-I.NFO,08/05/2025,10:41:55,24479.8,24476.1,150,24479.7,75,75,13004025
NIFTY-I.NFO,08/05/2025,10:41:56,24479.8,24476.1,150,24478,75,75,13004025
NIFTY-I.NFO,08/05/2025,10:41:58,24479.8,24476.1,150,24478,75,0,13004025
NIFTY-I.NFO,08/05/2025,10:41:59,24478,24476.1,150,24479.8,150,75,13004025
NIFTY-I.NFO,08/05/2025,10:42:01,24478,24476.1,150,24479.8,150,0,13004025
NIFTY-I.NFO,08/05/2025,10:42:06,24478,24476.1,150,24479.8,450,0,13004025
NIFTY-I.NFO,08/05/2025,10:42:09,24476.1,24476.1,375,24479.8,150,75,13004025
NIFTY-I.NFO,08/05/2025,10:42:11,24476.1,24476.1,375,24479.7,75,0,13004025
NIFTY-I.NFO,08/05/2025,10:42:16,24476.1,24476.1,375,24478,525,0,13004025
NIFTY-I.NFO,08/05/2025,10:42:18,24478,24476.3,300,24479.8,150,525,13004025
NIFTY-I.NFO,08/05/2025,10:42:19,24476.3,24476.3,150,24479.8,975,150,13004025
NIFTY-I.NFO,08/05/2025,10:42:21,24476.3,24476.3,225,24479.8,975,0,13004025
NIFTY-I.NFO,08/05/2025,10:42:22,24476.3,24476.3,225,24479.7,525,0,13004025
NIFTY-I.NFO,08/05/2025,10:42:24,24476.3,24476.3,375,24479.7,225,150,13004025
NIFTY-I.NFO,08/05/2025,10:42:26,24476.3,24476.3,375,24479.4,300,0,13004025
NIFTY-I.NFO,08/05/2025,10:42:27,24479.4,24476.3,375,24479.4,225,150,13004025
NIFTY-I.NFO,08/05/2025,10:42:29,24479.4,24476.3,375,24479,675,0,13004025
NIFTY-I.NFO,08/05/2025,10:42:36,24479,24476.3,375,24479,450,225,13004025
NIFTY-I.NFO,08/05/2025,10:42:38,24479,24476.3,375,24479,300,150,13005300
NIFTY-I.NFO,08/05/2025,10:42:39,24479,24476.3,375,24479,300,0,13005300
NIFTY-I.NFO,08/05/2025,10:42:41,24479,24476.3,375,24479,300,75,13005300
NIFTY-I.NFO,08/05/2025,10:42:43,24479,24476.3,375,24479,300,0,13005300
NIFTY-I.NFO,08/05/2025,10:42:48,24479,24476.3,375,24479,225,75,13005300
NIFTY-I.NFO,08/05/2025,10:42:51,24476.3,24476.3,300,24479,300,75,13005300
NIFTY-I.NFO,08/05/2025,10:42:53,24476.3,24476.3,225,24479,300,75,13005300
NIFTY-I.NFO,08/05/2025,10:42:54,24476.3,24476.3,225,24479,300,0,13005300
NIFTY-I.NFO,08/05/2025,10:42:56,24476.3,24476.3,225,24479,1350,0,13005300
NIFTY-I.NFO,08/05/2025,10:42:58,24476.3,24476.3,225,24478.9,600,0,13005300
NIFTY-I.NFO,08/05/2025,10:43:02,24476.3,24476.3,150,24478.9,600,75,13005300
NIFTY-I.NFO,08/05/2025,10:43:04,24476.3,24476.3,150,24478.9,900,0,13005300
NIFTY-I.NFO,08/05/2025,10:43:06,24478.9,24476.3,150,24478.9,525,75,13005300
NIFTY-I.NFO,08/05/2025,10:43:07,24478.8,24476.3,150,24478.8,750,75,13005300
NIFTY-I.NFO,08/05/2025,10:43:09,24478.8,24476.3,150,24478.8,750,0,13005300
NIFTY-I.NFO,08/05/2025,10:43:11,24478.8,24476.3,150,24478.8,1050,0,13005300
NIFTY-I.NFO,08/05/2025,10:43:12,24478.8,24476.3,150,24478.8,975,75,13005300
NIFTY-I.NFO,08/05/2025,10:43:14,24478.8,24476.3,150,24478.8,975,0,13005300
NIFTY-I.NFO,08/05/2025,10:43:15,24478.8,24476.3,300,24478.8,975,0,13005300
NIFTY-I.NFO,08/05/2025,10:43:17,24478.8,24476.3,300,24478.8,675,0,13005300
NIFTY-I.NFO,08/05/2025,10:43:20,24478.8,24476.3,300,24478.8,1050,0,13005300
NIFTY-I.NFO,08/05/2025,10:43:22,24478.8,24476.3,300,24478.7,450,0,13005300
NIFTY-I.NFO,08/05/2025,10:43:23,24478.7,24476.3,300,24478.7,75,75,13005300
NIFTY-I.NFO,08/05/2025,10:43:25,24478.7,24476.3,300,24478.7,75,0,13005300
NIFTY-I.NFO,08/05/2025,10:43:27,24476.3,24476.3,225,24478.7,75,75,13005300
NIFTY-I.NFO,08/05/2025,10:43:28,24476.3,24476.3,375,24478.7,150,150,13005300
NIFTY-I.NFO,08/05/2025,10:43:30,24476.3,24476.3,375,24478.7,75,0,13005300
NIFTY-I.NFO,08/05/2025,10:43:31,24476.3,24476.3,300,24478.5,300,75,13005300
NIFTY-I.NFO,08/05/2025,10:43:33,24476.3,24477.5,75,24478.5,300,0,13005300
NIFTY-I.NFO,08/05/2025,10:43:35,24477.5,24477.5,300,24478.5,300,75,13005300
NIFTY-I.NFO,08/05/2025,10:43:36,24477.5,24478,75,24478.5,300,0,13005300
NIFTY-I.NFO,08/05/2025,10:43:38,24478,24478,225,24478.1,750,150,13005300
NIFTY-I.NFO,08/05/2025,10:43:39,24478,24478,300,24478.1,675,225,13005300
NIFTY-I.NFO,08/05/2025,10:43:41,24478,24478,300,24478.1,975,300,13005300
NIFTY-I.NFO,08/05/2025,10:43:43,24478,24475.1,525,24478.1,150,300,13005300
NIFTY-I.NFO,08/05/2025,10:43:44,24478,24475.1,525,24477.7,300,0,13005300
NIFTY-I.NFO,08/05/2025,10:43:46,24477.7,24475.1,525,24477.7,75,75,13005300
NIFTY-I.NFO,08/05/2025,10:43:48,24477.7,24475.1,525,24477.7,75,0,13005300
NIFTY-I.NFO,08/05/2025,10:43:51,24477.8,24475.1,525,24477.9,300,150,13005300
NIFTY-I.NFO,08/05/2025,10:43:53,24477.8,24475.1,525,24477.9,300,0,13005300
NIFTY-I.NFO,08/05/2025,10:43:54,24475.1,24475.1,225,24477.9,300,300,13005300
NIFTY-I.NFO,08/05/2025,10:43:56,24475.1,24475.1,150,24477,525,75,13005300
NIFTY-I.NFO,08/05/2025,10:43:58,24475.1,24475.1,150,24477,525,0,13005300
NIFTY-I.NFO,08/05/2025,10:44:04,24477,24475.1,300,24477,525,75,13005300
NIFTY-I.NFO,08/05/2025,10:44:06,24477,24475.1,300,24477,525,0,13005300
NIFTY-I.NFO,08/05/2025,10:44:14,24475.1,24475.1,225,24477.9,300,75,13005300
NIFTY-I.NFO,08/05/2025,10:44:16,24475.1,24475.1,225,24477.9,75,0,13005300
NIFTY-I.NFO,08/05/2025,10:44:19,24475.1,24475.1,225,24477,75,0,13005300
NIFTY-I.NFO,08/05/2025,10:44:22,24477.9,24475.1,225,24478,600,150,13005300
NIFTY-I.NFO,08/05/2025,10:44:24,24475.1,24475.1,150,24476.9,375,75,13005300
NIFTY-I.NFO,08/05/2025,10:44:26,24475.1,24475.1,150,24476.9,375,0,13005300
NIFTY-I.NFO,08/05/2025,10:44:27,24475.1,24475.1,75,24476.9,375,75,13005300
NIFTY-I.NFO,08/05/2025,10:44:29,24475.1,24475.1,75,24476.9,375,0,13005300
NIFTY-I.NFO,08/05/2025,10:44:37,24475.1,24475,525,24476.9,375,75,13005300
NIFTY-I.NFO,08/05/2025,10:44:39,24475.1,24475,675,24475.1,75,0,13005300
NIFTY-I.NFO,08/05/2025,10:44:41,24475,24475,525,24475.1,75,75,13005300
NIFTY-I.NFO,08/05/2025,10:44:42,24475,24475,750,24475.1,75,0,13005300
NIFTY-I.NFO,08/05/2025,10:44:44,24475.1,24476.8,225,24476.9,375,75,13005300
NIFTY-I.NFO,08/05/2025,10:44:45,24476.8,24476.8,225,24476.9,300,150,13005300
NIFTY-I.NFO,08/05/2025,10:44:47,24476.8,24476.8,225,24476.9,300,0,13005300
NIFTY-I.NFO,08/05/2025,10:44:52,24476.8,24476.8,75,24476.9,300,150,13005300
NIFTY-I.NFO,08/05/2025,10:44:54,24476.8,24476.8,75,24476.9,300,0,13005300
NIFTY-I.NFO,08/05/2025,10:44:55,24475,24475,825,24476.9,225,225,13005300
NIFTY-I.NFO,08/05/2025,10:44:57,24475,24475,525,24476.9,225,300,13005300
NIFTY-I.NFO,08/05/2025,10:44:59,24476.9,24475,600,24476.9,150,75,13005300
NIFTY-I.NFO,08/05/2025,10:45:00,24476.9,24475,600,24476.8,75,0,13005300
NIFTY-I.NFO,08/05/2025,10:45:05,24476.8,24475,600,24476.9,150,75,13005300
NIFTY-I.NFO,08/05/2025,10:45:07,24476.9,24475.1,525,24478,525,150,13005300
NIFTY-I.NFO,08/05/2025,10:45:09,24476.9,24475.1,525,24478,525,0,13005300
NIFTY-I.NFO,08/05/2025,10:45:13,24475.1,24475.1,300,24478.2,225,1200,13005300
NIFTY-I.NFO,08/05/2025,10:45:15,24475.1,24475.1,300,24478.2,225,0,13005300
NIFTY-I.NFO,08/05/2025,10:45:17,24478.2,24475.1,300,24478.2,75,150,13005300
NIFTY-I.NFO,08/05/2025,10:45:18,24478.2,24475.1,825,24478,525,0,13005300
NIFTY-I.NFO,08/05/2025,10:45:20,24478.2,24475.6,525,24478,525,0,13005300
NIFTY-I.NFO,08/05/2025,10:45:23,24478.2,24476.2,150,24479,525,0,13005300
NIFTY-I.NFO,08/05/2025,10:45:25,24478.2,24476.4,150,24479,525,0,13005300
NIFTY-I.NFO,08/05/2025,10:45:26,24478.2,24476.5,150,24479,525,0,13005300
NIFTY-I.NFO,08/05/2025,10:45:28,24479,24476.5,75,24479.8,150,600,13005300
NIFTY-I.NFO,08/05/2025,10:45:30,24479.4,24476.8,150,24479.8,150,75,13005300
NIFTY-I.NFO,08/05/2025,10:45:31,24479.8,24476.8,150,24479.8,75,75,13005300
NIFTY-I.NFO,08/05/2025,10:45:33,24479.8,24476.7,150,24479.8,75,0,13005300
NIFTY-I.NFO,08/05/2025,10:45:35,24479.8,24477,225,24479.8,75,0,13005300
NIFTY-I.NFO,08/05/2025,10:45:36,24477,24477,150,24479.4,75,75,13005300
NIFTY-I.NFO,08/05/2025,10:45:38,24478.2,24478.2,375,24479.4,75,75,13006875
NIFTY-I.NFO,08/05/2025,10:45:40,24478.2,24478.2,375,24479.4,75,0,13006875
NIFTY-I.NFO,08/05/2025,10:45:43,24478.2,24478.2,300,24479.4,75,75,13006875
NIFTY-I.NFO,08/05/2025,10:45:45,24478.2,24478.2,225,24480,225,300,13006875
NIFTY-I.NFO,08/05/2025,10:45:46,24478.2,24478.2,300,24480,225,0,13006875
NIFTY-I.NFO,08/05/2025,10:45:50,24478.2,24478.2,225,24479.9,450,75,13006875
NIFTY-I.NFO,08/05/2025,10:45:51,24479.4,24478.2,75,24479.9,450,225,13006875
NIFTY-I.NFO,08/05/2025,10:45:53,24479.4,24478.2,75,24479.9,450,0,13006875
NIFTY-I.NFO,08/05/2025,10:46:01,24479.4,24478.2,75,24479.8,75,0,13006875
NIFTY-I.NFO,08/05/2025,10:46:04,24479.8,24478.2,75,24479.9,450,75,13006875
NIFTY-I.NFO,08/05/2025,10:46:06,24479.8,24478.2,75,24479.9,450,0,13006875
NIFTY-I.NFO,08/05/2025,10:46:08,24478.2,24476.2,150,24479.9,450,75,13006875
NIFTY-I.NFO,08/05/2025,10:46:09,24478.2,24476,75,24479.9,450,0,13006875
NIFTY-I.NFO,08/05/2025,10:46:11,24478.2,24476,75,24479.9,750,0,13006875
NIFTY-I.NFO,08/05/2025,10:46:13,24478.2,24476,75,24479.9,1050,0,13006875
NIFTY-I.NFO,08/05/2025,10:46:14,24478.2,24476,75,24479,450,0,13006875
NIFTY-I.NFO,08/05/2025,10:46:16,24478.2,24476,75,24479,750,0,13006875
NIFTY-I.NFO,08/05/2025,10:46:19,24478.2,24476,75,24479,450,0,13006875
NIFTY-I.NFO,08/05/2025,10:46:21,24478.2,24476,75,24478.2,75,0,13006875
NIFTY-I.NFO,08/05/2025,10:46:26,24478.2,24475.1,450,24478.2,75,0,13006875
NIFTY-I.NFO,08/05/2025,10:46:28,24475.1,24475.1,375,24479,450,150,13006875
NIFTY-I.NFO,08/05/2025,10:46:29,24475.1,24475.1,375,24479,450,0,13006875
NIFTY-I.NFO,08/05/2025,10:46:34,24475.1,24475.1,375,24477,450,0,13006875
NIFTY-I.NFO,08/05/2025,10:46:36,24475.1,24475.1,225,24477,450,150,13006875
NIFTY-I.NFO,08/05/2025,10:46:37,24475.1,24475.1,225,24477,450,0,13006875
NIFTY-I.NFO,08/05/2025,10:46:46,24477,24475.1,225,24477,375,75,13006875
NIFTY-I.NFO,08/05/2025,10:46:47,24477,24475.1,225,24477,375,0,13006875
NIFTY-I.NFO,08/05/2025,10:46:53,24477,24475.1,225,24476,75,0,13006875
NIFTY-I.NFO,08/05/2025,10:46:54,24476,24475.1,375,24477,375,75,13006875
NIFTY-I.NFO,08/05/2025,10:46:56,24476,24475.1,375,24477,375,0,13006875
NIFTY-I.NFO,08/05/2025,10:46:57,24477,24475.1,375,24477,300,75,13006875
NIFTY-I.NFO,08/05/2025,10:46:59,24477,24475.1,375,24477,225,75,13006875
NIFTY-I.NFO,08/05/2025,10:47:01,24475.1,24475.1,225,24476,75,150,13006875
NIFTY-I.NFO,08/05/2025,10:47:02,24477.8,24475.2,150,24477.8,300,600,13006875
NIFTY-I.NFO,08/05/2025,10:47:04,24477.8,24475.2,150,24477.8,300,0,13006875
NIFTY-I.NFO,08/05/2025,10:47:09,24477.8,24475.2,150,24476.9,75,0,13006875
NIFTY-I.NFO,08/05/2025,10:47:12,24477.8,24475.2,150,24476.8,150,0,13006875
NIFTY-I.NFO,08/05/2025,10:47:14,24475.2,24475.2,75,24476.5,75,225,13006875
NIFTY-I.NFO,08/05/2025,10:47:16,24474.4,24473,75,24475,300,825,13006875
NIFTY-I.NFO,08/05/2025,10:47:17,24473,24472.6,75,24475,75,75,13006875
NIFTY-I.NFO,08/05/2025,10:47:19,24475,24472.6,75,24475,150,75,13006875
NIFTY-I.NFO,08/05/2025,10:47:20,24472,24471.1,75,24474.8,225,300,13006875
NIFTY-I.NFO,08/05/2025,10:47:22,24472,24471.1,75,24472,75,0,13006875
NIFTY-I.NFO,08/05/2025,10:47:25,24471,24471,300,24472,75,450,13006875
NIFTY-I.NFO,08/05/2025,10:47:27,24470,24470,300,24472,150,1050,13006875
NIFTY-I.NFO,08/05/2025,10:47:29,24470,24470,150,24472,150,150,13006875
NIFTY-I.NFO,08/05/2025,10:47:30,24470,24470,75,24472,75,75,13006875
NIFTY-I.NFO,08/05/2025,10:47:32,24470,24469,75,24472.5,75,225,13006875
NIFTY-I.NFO,08/05/2025,10:47:34,24472.5,24468.5,150,24472.5,150,150,13006875
NIFTY-I.NFO,08/05/2025,10:47:35,24468.9,24468.3,150,24471.9,150,75,13006875
NIFTY-I.NFO,08/05/2025,10:47:37,24471.9,24468.9,150,24472,525,150,13006875
NIFTY-I.NFO,08/05/2025,10:47:39,24474,24469.6,150,24473.8,525,2100,13006875
NIFTY-I.NFO,08/05/2025,10:47:40,24470,24468.3,300,24470,75,825,13006875
NIFTY-I.NFO,08/05/2025,10:47:42,24470,24469.2,150,24473,150,675,13006875
NIFTY-I.NFO,08/05/2025,10:47:44,24470,24469.2,300,24473.4,75,0,13006875
NIFTY-I.NFO,08/05/2025,10:47:45,24470,24469.2,150,24472.8,75,0,13006875
NIFTY-I.NFO,08/05/2025,10:47:47,24470,24469.9,150,24472.8,225,75,13006875
NIFTY-I.NFO,08/05/2025,10:47:50,24470,24470,675,24472,525,150,13006875
NIFTY-I.NFO,08/05/2025,10:47:52,24470,24470,975,24472,525,75,13006875
NIFTY-I.NFO,08/05/2025,10:47:54,24470,24470,900,24471,450,75,13006875
NIFTY-I.NFO,08/05/2025,10:47:55,24472,24470,1050,24473.5,75,525,13006875
NIFTY-I.NFO,08/05/2025,10:47:57,24472,24470.4,225,24472,75,0,13006875
NIFTY-I.NFO,08/05/2025,10:47:59,24470.4,24470.7,150,24472,75,75,13006875
NIFTY-I.NFO,08/05/2025,10:48:00,24470.4,24470.7,150,24472,75,0,13006875
NIFTY-I.NFO,08/05/2025,10:48:04,24470.4,24470.7,150,24472,675,0,13006875
NIFTY-I.NFO,08/05/2025,10:48:05,24470.4,24470.7,150,24471.9,75,0,13006875
NIFTY-I.NFO,08/05/2025,10:48:07,24470.7,24470.7,75,24471.9,75,75,13006875
NIFTY-I.NFO,08/05/2025,10:48:09,24470.7,24470.8,150,24471.9,75,75,13006875
NIFTY-I.NFO,08/05/2025,10:48:10,24472,24470.8,75,24471.9,150,225,13006875
NIFTY-I.NFO,08/05/2025,10:48:12,24471.9,24470.8,75,24471.9,75,75,13006875
NIFTY-I.NFO,08/05/2025,10:48:14,24471.5,24471.1,150,24471.9,75,75,13006875
NIFTY-I.NFO,08/05/2025,10:48:15,24472,24471.5,150,24473.8,150,750,13006875
NIFTY-I.NFO,08/05/2025,10:48:17,24473.8,24471.6,150,24473.8,150,225,13006875
NIFTY-I.NFO,08/05/2025,10:48:19,24474,24472.3,150,24474.4,150,300,13006875
NIFTY-I.NFO,08/05/2025,10:48:20,24474,24472.2,150,24474.5,75,1275,13006875
NIFTY-I.NFO,08/05/2025,10:48:22,24475,24473.3,150,24475.2,75,525,13006875
NIFTY-I.NFO,08/05/2025,10:48:24,24475,24473.6,150,24475.2,75,0,13006875
NIFTY-I.NFO,08/05/2025,10:48:25,24475.2,24473.6,150,24475.9,150,75,13006875
NIFTY-I.NFO,08/05/2025,10:48:27,24473,24475,75,24476,150,1275,13006875
NIFTY-I.NFO,08/05/2025,10:48:29,24476,24475.4,300,24476,75,75,13006875
NIFTY-I.NFO,08/05/2025,10:48:30,24475.4,24475.4,225,24476,75,75,13006875
NIFTY-I.NFO,08/05/2025,10:48:32,24475.4,24475.1,150,24476,75,225,13006875
NIFTY-I.NFO,08/05/2025,10:48:34,24475.4,24475.1,150,24476,75,0,13006875
NIFTY-I.NFO,08/05/2025,10:48:37,24475,24474.5,75,24476,75,300,13006875
NIFTY-I.NFO,08/05/2025,10:48:39,24474.5,24473,150,24476,225,75,13007175
NIFTY-I.NFO,08/05/2025,10:48:40,24476,24473.2,150,24476.9,600,75,13007175
NIFTY-I.NFO,08/05/2025,10:48:42,24476,24473.3,150,24476.7,150,0,13007175
NIFTY-I.NFO,08/05/2025,10:48:43,24476,24473.3,150,24476.7,525,0,13007175
NIFTY-I.NFO,08/05/2025,10:48:45,24476,24473.1,150,24476.7,675,0,13007175
NIFTY-I.NFO,08/05/2025,10:48:47,24477.1,24473.6,150,24477.1,75,75,13007175
NIFTY-I.NFO,08/05/2025,10:48:48,24477.1,24473.5,150,24476.7,75,0,13007175
NIFTY-I.NFO,08/05/2025,10:48:50,24473.1,24472.6,600,24473.1,225,375,13007175
NIFTY-I.NFO,08/05/2025,10:48:52,24472.7,24472.6,600,24476.7,300,300,13007175
NIFTY-I.NFO,08/05/2025,10:48:53,24472.7,24472.6,750,24476.7,225,0,13007175
NIFTY-I.NFO,08/05/2025,10:48:55,24472.7,24472.6,600,24475.9,75,0,13007175
NIFTY-I.NFO,08/05/2025,10:48:56,24472.2,24471.6,600,24475.4,150,75,13007175
NIFTY-I.NFO,08/05/2025,10:48:58,24472.2,24474,75,24475.8,525,0,13007175
NIFTY-I.NFO,08/05/2025,10:49:00,24471.8,24473,750,24475,525,150,13007175
NIFTY-I.NFO,08/05/2025,10:49:02,24471.8,24473,750,24475,525,0,13007175
NIFTY-I.NFO,08/05/2025,10:49:05,24473,24471.8,1050,24475,525,525,13007175
NIFTY-I.NFO,08/05/2025,10:49:06,24475,24472,150,24475,300,225,13007175
NIFTY-I.NFO,08/05/2025,10:49:08,24475,24472.5,150,24475,375,0,13007175
NIFTY-I.NFO,08/05/2025,10:49:10,24475,24472.5,150,24475,525,0,13007175
NIFTY-I.NFO,08/05/2025,10:49:11,24475,24472.4,300,24476.5,375,750,13007175
NIFTY-I.NFO,08/05/2025,10:49:13,24475,24472.6,150,24475,225,0,13007175
NIFTY-I.NFO,08/05/2025,10:49:16,24472.8,24472.8,75,24473.7,75,75,13007175
NIFTY-I.NFO,08/05/2025,10:49:18,24472.6,24472.6,300,24475,300,150,13007175
NIFTY-I.NFO,08/05/2025,10:49:19,24472.6,24472.8,300,24475,300,0,13007175
NIFTY-I.NFO,08/05/2025,10:49:23,24472.8,24472.8,900,24475,300,150,13007175
NIFTY-I.NFO,08/05/2025,10:49:24,24472.8,24473.5,225,24475,300,0,13007175
NIFTY-I.NFO,08/05/2025,10:49:26,24472.8,24473.5,225,24475,375,0,13007175
NIFTY-I.NFO,08/05/2025,10:49:28,24475,24475.2,225,24477.8,300,375,13007175
NIFTY-I.NFO,08/05/2025,10:49:29,24475.2,24474.9,75,24477,525,150,13007175
NIFTY-I.NFO,08/05/2025,10:49:31,24475.2,24474.9,75,24477,525,0,13007175
NIFTY-I.NFO,08/05/2025,10:49:33,24474.6,24474.4,300,24477,525,525,13007175
NIFTY-I.NFO,08/05/2025,10:49:34,24474.6,24474.5,300,24477,525,0,13007175
NIFTY-I.NFO,08/05/2025,10:49:36,24474.6,24474.4,75,24477,525,0,13007175
NIFTY-I.NFO,08/05/2025,10:49:37,24474.6,24474.6,225,24477,525,0,13007175
NIFTY-I.NFO,08/05/2025,10:49:41,24474,24473.5,225,24475,75,675,13007175
NIFTY-I.NFO,08/05/2025,10:49:42,24475,24473.9,150,24477,525,75,13007175
NIFTY-I.NFO,08/05/2025,10:49:44,24475,24473.9,75,24477,525,0,13007175
NIFTY-I.NFO,08/05/2025,10:49:46,24475,24473.8,150,24477,525,0,13007175
NIFTY-I.NFO,08/05/2025,10:49:47,24475,24473.6,150,24477,525,0,13007175
NIFTY-I.NFO,08/05/2025,10:49:49,24475,24473.6,300,24477,525,0,13007175
NIFTY-I.NFO,08/05/2025,10:49:50,24475,24473.9,150,24477,525,0,13007175
NIFTY-I.NFO,08/05/2025,10:50:03,24475,24474,150,24477,525,225,13007175
NIFTY-I.NFO,08/05/2025,10:50:05,24475,24474,150,24477,525,0,13007175
NIFTY-I.NFO,08/05/2025,10:50:07,24475,24473.7,150,24477,525,0,13007175
NIFTY-I.NFO,08/05/2025,10:50:08,24475,24473.7,150,24476.1,75,0,13007175
NIFTY-I.NFO,08/05/2025,10:50:10,24475,24473.6,150,24476.1,75,0,13007175
NIFTY-I.NFO,08/05/2025,10:50:11,24475,24473.5,300,24476.1,75,0,13007175
NIFTY-I.NFO,08/05/2025,10:50:13,24475,24475,75,24476,600,75,13007175
NIFTY-I.NFO,08/05/2025,10:50:14,24475,24475,75,24476,525,0,13007175
NIFTY-I.NFO,08/05/2025,10:50:16,24475,24475,75,24476,600,0,13007175
NIFTY-I.NFO,08/05/2025,10:50:19,24476,24475,75,24476,525,75,13007175
NIFTY-I.NFO,08/05/2025,10:50:21,24476,24475,75,24476,525,0,13007175
NIFTY-I.NFO,08/05/2025,10:50:22,24474.1,24474.2,150,24476,375,300,13007175
NIFTY-I.NFO,08/05/2025,10:50:24,24474.1,24474.3,150,24476,375,0,13007175
NIFTY-I.NFO,08/05/2025,10:50:26,24476,24474.5,150,24476,225,150,13007175
NIFTY-I.NFO,08/05/2025,10:50:27,24476,24474.6,75,24476,225,0,13007175
NIFTY-I.NFO,08/05/2025,10:50:29,24476,24474.2,150,24476,150,75,13007175
NIFTY-I.NFO,08/05/2025,10:50:31,24476,24474.2,150,24476,150,0,13007175
NIFTY-I.NFO,08/05/2025,10:50:32,24476,24474.3,150,24476,150,0,13007175
NIFTY-I.NFO,08/05/2025,10:50:35,24476,24474,150,24476,150,0,13007175
NIFTY-I.NFO,08/05/2025,10:50:37,24476,24473.9,150,24476,150,0,13007175
NIFTY-I.NFO,08/05/2025,10:50:39,24476,24473.8,150,24476,150,0,13007175
NIFTY-I.NFO,08/05/2025,10:50:40,24473.8,24474.2,150,24476,150,75,13007175
NIFTY-I.NFO,08/05/2025,10:50:42,24474.3,24474,150,24476,150,75,13007175
NIFTY-I.NFO,08/05/2025,10:50:44,24474.3,24474.3,150,24476,150,0,13007175
NIFTY-I.NFO,08/05/2025,10:50:45,24474.3,24474.4,150,24476,150,0,13007175
NIFTY-I.NFO,08/05/2025,10:50:47,24474.3,24474.3,150,24476,150,0,13007175
NIFTY-I.NFO,08/05/2025,10:50:49,24474.3,24474.2,150,24476,150,0,13007175
NIFTY-I.NFO,08/05/2025,10:50:50,24474.2,24474.4,150,24476,150,75,13007175
NIFTY-I.NFO,08/05/2025,10:50:52,24474.2,24474.4,150,24476,150,0,13007175
NIFTY-I.NFO,08/05/2025,10:50:54,24474.9,24474.6,150,24476,150,75,13007175
NIFTY-I.NFO,08/05/2025,10:50:55,24476,24476,300,24476.1,75,150,13007175
NIFTY-I.NFO,08/05/2025,10:50:57,24476,24476,600,24476.1,75,0,13007175
NIFTY-I.NFO,08/05/2025,10:51:02,24476,24476,525,24476.1,75,75,13007175
NIFTY-I.NFO,08/05/2025,10:51:04,24477,24476.4,225,24477.8,300,225,13007175
NIFTY-I.NFO,08/05/2025,10:51:05,24477,24476.4,225,24477.8,300,0,13007175
NIFTY-I.NFO,08/05/2025,10:51:10,24477,24476.4,150,24477,375,150,13007175
NIFTY-I.NFO,08/05/2025,10:51:12,24477,24476.4,75,24477.8,300,450,13007175
NIFTY-I.NFO,08/05/2025,10:51:14,24476.4,24476.4,300,24477.8,300,75,13007175
NIFTY-I.NFO,08/05/2025,10:51:15,24476.4,24476.4,300,24477.8,300,0,13007175
NIFTY-I.NFO,08/05/2025,10:51:17,24477.8,24476.4,300,24477.8,225,75,13007175
NIFTY-I.NFO,08/05/2025,10:51:19,24477.8,24476.4,300,24477.8,225,0,13007175
NIFTY-I.NFO,08/05/2025,10:51:21,24477.8,24476.4,375,24477,600,0,13007175
NIFTY-I.NFO,08/05/2025,10:51:22,24477,24476.8,300,24477,525,75,13007175
NIFTY-I.NFO,08/05/2025,10:51:24,24476.8,24476.8,225,24477,525,75,13007175
NIFTY-I.NFO,08/05/2025,10:51:26,24477,24476.8,225,24477,450,75,13007175
NIFTY-I.NFO,08/05/2025,10:51:27,24477,24476.8,225,24477,375,75,13007175
NIFTY-I.NFO,08/05/2025,10:51:29,24476.8,24476.8,150,24477,300,150,13007175
NIFTY-I.NFO,08/05/2025,10:51:31,24476.8,24476.8,225,24477,75,225,13007175
NIFTY-I.NFO,08/05/2025,10:51:32,24476.8,24476.8,300,24477,75,525,13007175
NIFTY-I.NFO,08/05/2025,10:51:34,24476.8,24476.8,300,24477,75,0,13007175
NIFTY-I.NFO,08/05/2025,10:51:37,24476.8,24476.8,225,24477,75,75,13007175
NIFTY-I.NFO,08/05/2025,10:51:39,24477,24477,75,24477.8,300,75,13008300
NIFTY-I.NFO,08/05/2025,10:51:40,24477,24476.1,75,24476.8,225,300,13008300
NIFTY-I.NFO,08/05/2025,10:51:42,24477,24476.1,75,24476.8,225,0,13008300
NIFTY-I.NFO,08/05/2025,10:51:44,24476.8,24476.1,75,24477.8,300,225,13008300
NIFTY-I.NFO,08/05/2025,10:51:45,24476.8,24476.1,75,24477.8,300,0,13008300
NIFTY-I.NFO,08/05/2025,10:51:49,24477,24476,225,24477.8,300,150,13008300
NIFTY-I.NFO,08/05/2025,10:51:50,24477,24476,225,24477,525,0,13008300
NIFTY-I.NFO,08/05/2025,10:51:54,24477,24476,225,24477,450,75,13008300
NIFTY-I.NFO,08/05/2025,10:51:55,24477,24476,225,24477,375,75,13008300
NIFTY-I.NFO,08/05/2025,10:51:57,24475,24475,75,24476,150,300,13008300
NIFTY-I.NFO,08/05/2025,10:51:58,24475,24475,75,24476,150,0,13008300
NIFTY-I.NFO,08/05/2025,10:52:03,24475,24475,75,24476,225,0,13008300
NIFTY-I.NFO,08/05/2025,10:52:05,24476,24475,75,24476,150,75,13008300
NIFTY-I.NFO,08/05/2025,10:52:07,24476,24475,75,24476,75,75,13008300
NIFTY-I.NFO,08/05/2025,10:52:08,24476,24475,75,24476,75,0,13008300
NIFTY-I.NFO,08/05/2025,10:52:12,24476,24475,75,24475.5,75,0,13008300
NIFTY-I.NFO,08/05/2025,10:52:15,24475,24472.5,150,24475.5,75,75,13008300
NIFTY-I.NFO,08/05/2025,10:52:16,24475,24472.5,150,24474,75,0,13008300
NIFTY-I.NFO,08/05/2025,10:52:18,24475,24472,150,24474,75,0,13008300
NIFTY-I.NFO,08/05/2025,10:52:20,24475,24472,150,24476.3,150,1050,13008300
NIFTY-I.NFO,08/05/2025,10:52:21,24475,24472,150,24475.5,825,0,13008300
NIFTY-I.NFO,08/05/2025,10:52:23,24475,24472,150,24475.5,150,0,13008300
NIFTY-I.NFO,08/05/2025,10:52:25,24475,24472,150,24475,525,0,13008300
NIFTY-I.NFO,08/05/2025,10:52:28,24475,24471.1,75,24475,450,225,13008300
NIFTY-I.NFO,08/05/2025,10:52:29,24475,24472,75,24475,450,0,13008300
NIFTY-I.NFO,08/05/2025,10:52:31,24471.1,24471,75,24475,750,150,13008300
NIFTY-I.NFO,08/05/2025,10:52:33,24471.1,24471,75,24475,450,0,13008300
NIFTY-I.NFO,08/05/2025,10:52:34,24475,24471,75,24474,225,225,13008300
NIFTY-I.NFO,08/05/2025,10:52:36,24474,24472,75,24474,150,75,13008300
NIFTY-I.NFO,08/05/2025,10:52:38,24471,24470.9,150,24474,150,150,13008300
NIFTY-I.NFO,08/05/2025,10:52:39,24470.9,24471.4,150,24474,150,150,13008300
NIFTY-I.NFO,08/05/2025,10:52:41,24470.9,24471.8,150,24474,150,0,13008300
NIFTY-I.NFO,08/05/2025,10:52:43,24472,24471.6,150,24474,150,75,13008300
NIFTY-I.NFO,08/05/2025,10:52:44,24472,24472.1,150,24474,150,0,13008300
NIFTY-I.NFO,08/05/2025,10:52:46,24472,24471.9,150,24474,150,0,13008300
NIFTY-I.NFO,08/05/2025,10:52:47,24472,24471.6,150,24474,150,0,13008300
NIFTY-I.NFO,08/05/2025,10:52:49,24472,24471.9,150,24474,150,0,13008300
NIFTY-I.NFO,08/05/2025,10:52:51,24472,24472.2,150,24474,150,0,13008300
NIFTY-I.NFO,08/05/2025,10:52:52,24472,24472.1,150,24474,150,0,13008300
NIFTY-I.NFO,08/05/2025,10:52:56,24474,24472.1,150,24474,75,75,13008300
NIFTY-I.NFO,08/05/2025,10:52:57,24474,24472.1,150,24474,75,0,13008300
NIFTY-I.NFO,08/05/2025,10:52:59,24474,24472.2,150,24474,75,0,13008300
NIFTY-I.NFO,08/05/2025,10:53:00,24474,24472.4,150,24474,75,0,13008300
NIFTY-I.NFO,08/05/2025,10:53:02,24474,24472.3,150,24474,75,0,13008300
NIFTY-I.NFO,08/05/2025,10:53:05,24474,24473.8,75,24474,75,0,13008300
NIFTY-I.NFO,08/05/2025,10:53:06,24474,24473.8,75,24474,75,75,13008300
NIFTY-I.NFO,08/05/2025,10:53:08,24474,24473.8,75,24474,75,0,13008300
NIFTY-I.NFO,08/05/2025,10:53:11,24474,24473.8,75,24475,150,75,13008300
NIFTY-I.NFO,08/05/2025,10:53:13,24474,24473.8,75,24475,150,0,13008300
NIFTY-I.NFO,08/05/2025,10:53:16,24474,24473.8,75,24475,675,0,13008300
NIFTY-I.NFO,08/05/2025,10:53:19,24474,24471.9,150,24475,150,600,13008300
NIFTY-I.NFO,08/05/2025,10:53:21,24472.2,24472.3,150,24475,150,75,13008300
NIFTY-I.NFO,08/05/2025,10:53:23,24472.2,24474,75,24475,150,0,13008300
NIFTY-I.NFO,08/05/2025,10:53:26,24472.2,24474,75,24475,675,0,13008300
NIFTY-I.NFO,08/05/2025,10:53:28,24474.9,24472.5,150,24474.9,450,75,13008300
NIFTY-I.NFO,08/05/2025,10:53:29,24474.9,24472.4,150,24474.9,375,75,13008300
NIFTY-I.NFO,08/05/2025,10:53:31,24474.9,24472.7,150,24474.9,375,0,13008300
NIFTY-I.NFO,08/05/2025,10:53:33,24474.9,24472.6,150,24474.9,375,0,13008300
NIFTY-I.NFO,08/05/2025,10:53:34,24474.9,24472.7,150,24474.9,375,0,13008300
NIFTY-I.NFO,08/05/2025,10:53:36,24474.9,24472.9,150,24474.9,2250,0,13008300
NIFTY-I.NFO,08/05/2025,10:53:41,24474.9,24472.9,75,24474.8,375,0,13008300
NIFTY-I.NFO,08/05/2025,10:53:46,24472.9,24472.1,150,24474.8,375,75,13008300
NIFTY-I.NFO,08/05/2025,10:53:47,24472.9,24472.3,150,24474.8,375,0,13008300
NIFTY-I.NFO,08/05/2025,10:53:49,24472.3,24472.5,150,24474.8,375,375,13008300
NIFTY-I.NFO,08/05/2025,10:53:51,24473,24472.9,150,24474.7,75,1800,13008300
NIFTY-I.NFO,08/05/2025,10:53:52,24472.9,24472.8,150,24474.7,75,150,13008300
NIFTY-I.NFO,08/05/2025,10:53:54,24472.9,24473.2,150,24474.7,75,0,13008300
NIFTY-I.NFO,08/05/2025,10:53:56,24473,24473.1,150,24474.7,75,75,13008300
NIFTY-I.NFO,08/05/2025,10:53:57,24473,24472.8,150,24474.6,75,0,13008300
NIFTY-I.NFO,08/05/2025,10:53:59,24473,24472.7,150,24474.6,75,0,13008300
NIFTY-I.NFO,08/05/2025,10:54:00,24473,24472.6,150,24474.6,75,0,13008300
NIFTY-I.NFO,08/05/2025,10:54:02,24473,24472.5,150,24474,75,0,13008300
NIFTY-I.NFO,08/05/2025,10:54:04,24473,24472.2,150,24474,75,0,13008300
NIFTY-I.NFO,08/05/2025,10:54:05,24473,24472.3,150,24474,75,0,13008300
NIFTY-I.NFO,08/05/2025,10:54:07,24473,24472.7,150,24474,75,0,13008300
NIFTY-I.NFO,08/05/2025,10:54:09,24473,24472.6,150,24474,75,0,13008300
NIFTY-I.NFO,08/05/2025,10:54:10,24474,24473,150,24474.6,75,75,13008300
NIFTY-I.NFO,08/05/2025,10:54:12,24474,24472.7,150,24474.5,75,0,13008300
NIFTY-I.NFO,08/05/2025,10:54:15,24474,24472.6,150,24474,75,0,13008300
NIFTY-I.NFO,08/05/2025,10:54:17,24474,24472.8,150,24473.9,75,0,13008300
NIFTY-I.NFO,08/05/2025,10:54:19,24473.9,24472.9,150,24474,75,75,13008300
NIFTY-I.NFO,08/05/2025,10:54:20,24472.5,24473.3,75,24474,1875,150,13008300
NIFTY-I.NFO,08/05/2025,10:54:22,24472.5,24473.3,300,24474,1875,0,13008300
NIFTY-I.NFO,08/05/2025,10:54:23,24472.5,24473.7,150,24474,1875,0,13008300
NIFTY-I.NFO,08/05/2025,10:54:27,24473.7,24473.7,75,24474,1950,75,13008300
NIFTY-I.NFO,08/05/2025,10:54:28,24473.7,24473.7,75,24473.9,75,0,13008300
NIFTY-I.NFO,08/05/2025,10:54:32,24473.7,24473.1,150,24473.7,375,150,13008300
NIFTY-I.NFO,08/05/2025,10:54:33,24473.7,24473.5,300,24473.7,375,0,13008300
NIFTY-I.NFO,08/05/2025,10:54:35,24473.7,24473.6,150,24473.7,375,0,13008300
NIFTY-I.NFO,08/05/2025,10:54:37,24473.7,24473.6,150,24473.7,150,225,13008300
NIFTY-I.NFO,08/05/2025,10:54:38,24474,24474.3,225,24474.9,150,2325,13008300
NIFTY-I.NFO,08/05/2025,10:54:40,24474.3,24474.3,75,24474.9,75,75,13009875
NIFTY-I.NFO,08/05/2025,10:54:42,24475,24474,225,24475,300,450,13009875
NIFTY-I.NFO,08/05/2025,10:54:43,24475,24474.2,150,24474.3,75,0,13009875
NIFTY-I.NFO,08/05/2025,10:54:45,24474.3,24474.2,150,24475,300,75,13009875
NIFTY-I.NFO,08/05/2025,10:54:47,24474.3,24474.2,150,24475,300,0,13009875
NIFTY-I.NFO,08/05/2025,10:54:56,24474.3,24474.5,225,24475,300,0,13009875
NIFTY-I.NFO,08/05/2025,10:55:00,24475,24474.5,225,24475,225,75,13009875
NIFTY-I.NFO,08/05/2025,10:55:03,24475,24474.5,300,24475,150,75,13009875
NIFTY-I.NFO,08/05/2025,10:55:05,24475,24474.5,300,24475,75,75,13009875
NIFTY-I.NFO,08/05/2025,10:55:06,24475,24474.5,375,24477.8,450,75,13009875
NIFTY-I.NFO,08/05/2025,10:55:08,24475,24474.5,375,24477.7,75,0,13009875
NIFTY-I.NFO,08/05/2025,10:55:10,24475,24474.5,375,24477,525,0,13009875
NIFTY-I.NFO,08/05/2025,10:55:15,24475,24475,225,24477,525,0,13009875
NIFTY-I.NFO,08/05/2025,10:55:18,24477,24475,225,24477,450,75,13009875
NIFTY-I.NFO,08/05/2025,10:55:20,24475,24475,225,24477,375,450,13009875
NIFTY-I.NFO,08/05/2025,10:55:21,24475,24475,225,24477,375,0,13009875
NIFTY-I.NFO,08/05/2025,10:55:23,24475,24475,300,24477,375,0,13009875
NIFTY-I.NFO,08/05/2025,10:55:24,24475,24475,450,24477,375,0,13009875
NIFTY-I.NFO,08/05/2025,10:55:26,24475,24475,450,24476,450,0,13009875
NIFTY-I.NFO,08/05/2025,10:55:34,24476,24475,75,24477,375,975,13009875
NIFTY-I.NFO,08/05/2025,10:55:36,24475,24473.7,225,24477,375,75,13009875
NIFTY-I.NFO,08/05/2025,10:55:37,24475,24473.7,225,24477,375,0,13009875
NIFTY-I.NFO,08/05/2025,10:55:41,24477,24475,675,24477,150,225,13009875
NIFTY-I.NFO,08/05/2025,10:55:42,24477,24475,675,24477,150,0,13009875
NIFTY-I.NFO,08/05/2025,10:55:45,24477,24475,675,24477,75,75,13009875
NIFTY-I.NFO,08/05/2025,10:55:47,24477,24477,225,24477.8,225,75,13009875
NIFTY-I.NFO,08/05/2025,10:55:49,24477,24477,75,24477.8,225,150,13009875
NIFTY-I.NFO,08/05/2025,10:55:50,24477,24475,675,24477.8,225,75,13009875
NIFTY-I.NFO,08/05/2025,10:55:52,24477,24475,675,24477.8,225,0,13009875
NIFTY-I.NFO,08/05/2025,10:55:53,24477.8,24475,900,24477.8,150,75,13009875
NIFTY-I.NFO,08/05/2025,10:55:55,24477.5,24475,900,24477.8,150,75,13009875
NIFTY-I.NFO,08/05/2025,10:55:57,24475,24475,750,24477,150,150,13009875
NIFTY-I.NFO,08/05/2025,10:55:58,24475,24475,675,24477,150,75,13009875
NIFTY-I.NFO,08/05/2025,10:56:00,24477.8,24475,675,24477.8,75,225,13009875
NIFTY-I.NFO,08/05/2025,10:56:01,24477.8,24475,675,24477.8,75,0,13009875
NIFTY-I.NFO,08/05/2025,10:56:03,24477.8,24475,675,24477,525,0,13009875
NIFTY-I.NFO,08/05/2025,10:56:06,24477,24475,1050,24477,450,75,13009875
NIFTY-I.NFO,08/05/2025,10:56:08,24477,24475,1050,24477,450,0,13009875
NIFTY-I.NFO,08/05/2025,10:56:09,24477,24475,1050,24477,375,75,13009875
NIFTY-I.NFO,08/05/2025,10:56:11,24477,24475,1050,24477,300,75,13009875
NIFTY-I.NFO,08/05/2025,10:56:12,24476.6,24475,1050,24476.6,225,75,13009875
NIFTY-I.NFO,08/05/2025,10:56:14,24476.6,24475,825,24476.7,75,225,13009875
NIFTY-I.NFO,08/05/2025,10:56:16,24476.6,24475,825,24476.7,75,0,13009875
NIFTY-I.NFO,08/05/2025,10:56:17,24476.6,24475,825,24477,300,0,13009875
NIFTY-I.NFO,08/05/2025,10:56:19,24476,24475,825,24476,150,150,13009875
NIFTY-I.NFO,08/05/2025,10:56:20,24476,24475,825,24476,75,75,13009875
NIFTY-I.NFO,08/05/2025,10:56:22,24476,24475,825,24476,75,0,13009875
NIFTY-I.NFO,08/05/2025,10:56:30,24476,24475,825,24477.6,150,75,13009875
NIFTY-I.NFO,08/05/2025,10:56:32,24476,24475,825,24477,300,0,13009875
NIFTY-I.NFO,08/05/2025,10:56:34,24476,24475,825,24476.9,150,0,13009875
NIFTY-I.NFO,08/05/2025,10:56:35,24475,24475,675,24476.6,75,150,13009875
NIFTY-I.NFO,08/05/2025,10:56:37,24475,24475,675,24476,75,0,13009875
NIFTY-I.NFO,08/05/2025,10:56:39,24475,24475,675,24476,75,75,13009875
NIFTY-I.NFO,08/05/2025,10:56:40,24475,24475,675,24476,75,0,13009875
NIFTY-I.NFO,08/05/2025,10:56:42,24475,24475,675,24476,150,0,13009875
NIFTY-I.NFO,08/05/2025,10:56:44,24475,24475.1,300,24476,150,1275,13009875
NIFTY-I.NFO,08/05/2025,10:56:45,24475,24475.1,300,24476,150,0,13009875
NIFTY-I.NFO,08/05/2025,10:56:47,24475.1,24475.1,150,24476,150,900,13009875
NIFTY-I.NFO,08/05/2025,10:56:49,24475.1,24472.7,75,24475.1,375,375,13009875
NIFTY-I.NFO,08/05/2025,10:56:50,24475.1,24473.2,75,24475,525,0,13009875
NIFTY-I.NFO,08/05/2025,10:56:52,24474.9,24473,75,24475,525,75,13009875
NIFTY-I.NFO,08/05/2025,10:56:54,24474.9,24473,75,24475,525,0,13009875
NIFTY-I.NFO,08/05/2025,10:56:55,24475,24472.8,150,24475,450,150,13009875
NIFTY-I.NFO,08/05/2025,10:56:57,24475,24472.6,150,24475,450,0,13009875
NIFTY-I.NFO,08/05/2025,10:56:59,24475,24472.7,75,24475,450,0,13009875
NIFTY-I.NFO,08/05/2025,10:57:02,24475,24472.7,75,24475,375,75,13009875
NIFTY-I.NFO,08/05/2025,10:57:04,24472.7,24471.1,150,24472.7,1725,75,13009875
NIFTY-I.NFO,08/05/2025,10:57:05,24472.7,24470.7,150,24472.7,1575,150,13009875
NIFTY-I.NFO,08/05/2025,10:57:07,24472.7,24470.5,150,24472.7,1575,0,13009875
NIFTY-I.NFO,08/05/2025,10:57:09,24470,24470.5,300,24472.7,1575,1500,13009875
NIFTY-I.NFO,08/05/2025,10:57:10,24470,24470.7,75,24472.7,1575,0,13009875
NIFTY-I.NFO,08/05/2025,10:57:12,24470.7,24470.6,150,24472.7,1575,75,13009875
NIFTY-I.NFO,08/05/2025,10:57:14,24472.7,24470.4,150,24472.7,1350,900,13009875
NIFTY-I.NFO,08/05/2025,10:57:15,24471.5,24470.7,300,24472,525,75,13009875
NIFTY-I.NFO,08/05/2025,10:57:17,24471.5,24471.2,150,24472,525,0,13009875
NIFTY-I.NFO,08/05/2025,10:57:19,24471.5,24471.5,300,24472,525,0,13009875
NIFTY-I.NFO,08/05/2025,10:57:20,24472,24471.6,75,24472.7,3150,600,13009875
NIFTY-I.NFO,08/05/2025,10:57:22,24472,24471.4,75,24472.7,3150,0,13009875
NIFTY-I.NFO,08/05/2025,10:57:24,24472,24471.2,225,24472.7,3150,0,13009875
NIFTY-I.NFO,08/05/2025,10:57:25,24472,24471.2,75,24472.7,3150,0,13009875
NIFTY-I.NFO,08/05/2025,10:57:27,24472,24471.1,225,24472.7,3150,0,13009875
NIFTY-I.NFO,08/05/2025,10:57:29,24472,24471,225,24472.7,3825,0,13009875
NIFTY-I.NFO,08/05/2025,10:57:30,24472,24471.4,150,24471.9,75,0,13009875
NIFTY-I.NFO,08/05/2025,10:57:32,24472,24471.8,150,24471.9,75,0,13009875
NIFTY-I.NFO,08/05/2025,10:57:34,24472.7,24471.9,150,24472.7,3750,150,13009875
NIFTY-I.NFO,08/05/2025,10:57:35,24471.7,24472.1,150,24472.7,3750,150,13009875
NIFTY-I.NFO,08/05/2025,10:57:37,24471.7,24472.3,150,24472.7,3750,0,13009875
NIFTY-I.NFO,08/05/2025,10:57:39,24474.9,24472.6,600,24475,525,3825,13009875
NIFTY-I.NFO,08/05/2025,10:57:40,24474.9,24472.3,150,24475,525,0,13012650
NIFTY-I.NFO,08/05/2025,10:57:42,24474.9,24472.2,150,24475,525,0,13012650
NIFTY-I.NFO,08/05/2025,10:57:44,24474.9,24472.4,150,24475,525,0,13012650
NIFTY-I.NFO,08/05/2025,10:57:45,24475,24472.7,150,24475,450,150,13012650
NIFTY-I.NFO,08/05/2025,10:57:47,24475,24471.8,225,24475,375,225,13012650
NIFTY-I.NFO,08/05/2025,10:57:49,24475,24471.9,75,24475,375,0,13012650
NIFTY-I.NFO,08/05/2025,10:57:52,24475,24471.7,75,24475,375,0,13012650
NIFTY-I.NFO,08/05/2025,10:57:54,24475,24471.8,75,24475,300,0,13012650
NIFTY-I.NFO,08/05/2025,10:57:55,24475,24472.1,75,24475,300,0,13012650
NIFTY-I.NFO,08/05/2025,10:57:57,24475,24471.9,75,24474,525,0,13012650
NIFTY-I.NFO,08/05/2025,10:58:00,24475,24471.6,75,24474,525,0,13012650
NIFTY-I.NFO,08/05/2025,10:58:02,24475,24472.2,75,24474,525,0,13012650
NIFTY-I.NFO,08/05/2025,10:58:04,24475,24472.1,150,24474,525,0,13012650
NIFTY-I.NFO,08/05/2025,10:58:05,24475,24472.5,150,24474,525,0,13012650
NIFTY-I.NFO,08/05/2025,10:58:09,24475,24472.4,150,24474,525,0,13012650
NIFTY-I.NFO,08/05/2025,10:58:10,24475,24471.9,300,24474.9,150,0,13012650
NIFTY-I.NFO,08/05/2025,10:58:12,24474.9,24472.6,75,24474.9,75,75,13012650
NIFTY-I.NFO,08/05/2025,10:58:13,24474.9,24472.2,150,24474.9,75,0,13012650
NIFTY-I.NFO,08/05/2025,10:58:15,24474.9,24472,150,24474.8,150,0,13012650
NIFTY-I.NFO,08/05/2025,10:58:18,24474.9,24471.6,150,24474.8,150,0,13012650
NIFTY-I.NFO,08/05/2025,10:58:20,24474.9,24471.4,150,24474.8,150,0,13012650
NIFTY-I.NFO,08/05/2025,10:58:21,24474.9,24471.4,150,24474,525,0,13012650
NIFTY-I.NFO,08/05/2025,10:58:23,24474.9,24471.3,150,24474,525,0,13012650
NIFTY-I.NFO,08/05/2025,10:58:25,24474.9,24471.4,150,24474,525,0,13012650
NIFTY-I.NFO,08/05/2025,10:58:26,24474.9,24471.4,225,24474,600,0,13012650
NIFTY-I.NFO,08/05/2025,10:58:28,24474.9,24471.4,75,24474,600,0,13012650
NIFTY-I.NFO,08/05/2025,10:58:33,24470.5,24471.4,75,24473.3,675,600,13012650
NIFTY-I.NFO,08/05/2025,10:58:35,24470.5,24471.4,75,24473,825,0,13012650
NIFTY-I.NFO,08/05/2025,10:58:36,24471.4,24470,225,24472.8,300,75,13012650
NIFTY-I.NFO,08/05/2025,10:58:38,24472.1,24469.1,375,24472.6,225,1425,13012650
NIFTY-I.NFO,08/05/2025,10:58:40,24472.1,24469.4,300,24472.8,225,0,13012650
NIFTY-I.NFO,08/05/2025,10:58:41,24472.1,24469.5,300,24472.8,225,0,13012650
NIFTY-I.NFO,08/05/2025,10:58:43,24472.1,24470,300,24472.1,75,0,13012650
NIFTY-I.NFO,08/05/2025,10:58:45,24469.9,24469.8,225,24472,150,75,13012650
NIFTY-I.NFO,08/05/2025,10:58:46,24469.9,24469.9,450,24470,150,0,13012650
NIFTY-I.NFO,08/05/2025,10:58:48,24469.9,24469.9,225,24471,75,225,13012650
NIFTY-I.NFO,08/05/2025,10:58:50,24469.9,24469.9,225,24470,75,0,13012650
NIFTY-I.NFO,08/05/2025,10:58:51,24470,24470.5,75,24471,75,75,13012650
NIFTY-I.NFO,08/05/2025,10:58:53,24470,24470.5,300,24471,75,0,13012650
NIFTY-I.NFO,08/05/2025,10:58:55,24470.5,24470.5,225,24472,150,150,13012650
NIFTY-I.NFO,08/05/2025,10:58:56,24470.5,24470.5,225,24472,150,0,13012650
NIFTY-I.NFO,08/05/2025,10:58:58,24470.5,24470.5,225,24471,525,0,13012650
NIFTY-I.NFO,08/05/2025,10:59:01,24470.5,24470.5,225,24471,600,0,13012650
NIFTY-I.NFO,08/05/2025,10:59:06,24470,24469.6,300,24470,150,525,13012650
NIFTY-I.NFO,08/05/2025,10:59:08,24470,24470.1,75,24471,525,300,13012650
NIFTY-I.NFO,08/05/2025,10:59:09,24470.2,24470.2,150,24471,525,75,13012650
NIFTY-I.NFO,08/05/2025,10:59:11,24470.2,24470,75,24471,75,0,13012650
NIFTY-I.NFO,08/05/2025,10:59:13,24471,24470,150,24472,150,75,13012650
NIFTY-I.NFO,08/05/2025,10:59:14,24470,24470.2,150,24472,150,75,13012650
NIFTY-I.NFO,08/05/2025,10:59:16,24470.2,24469.9,150,24472,150,150,13012650
NIFTY-I.NFO,08/05/2025,10:59:18,24471.9,24469.3,75,24471.9,150,225,13012650
NIFTY-I.NFO,08/05/2025,10:59:19,24471.9,24469.8,150,24471.9,150,0,13012650
NIFTY-I.NFO,08/05/2025,10:59:21,24472,24469.9,150,24471.9,150,375,13012650
NIFTY-I.NFO,08/05/2025,10:59:23,24472,24470,150,24471.9,150,0,13012650
NIFTY-I.NFO,08/05/2025,10:59:26,24470,24470,225,24471.9,150,75,13012650
NIFTY-I.NFO,08/05/2025,10:59:28,24470.4,24470,75,24471.9,150,75,13012650
NIFTY-I.NFO,08/05/2025,10:59:29,24470.4,24471,150,24471.9,150,0,13012650
NIFTY-I.NFO,08/05/2025,10:59:31,24471.9,24471.8,150,24472,225,150,13012650
NIFTY-I.NFO,08/05/2025,10:59:33,24472,24471.8,75,24472,150,75,13012650
NIFTY-I.NFO,08/05/2025,10:59:34,24472,24471.8,75,24472,150,0,13012650
NIFTY-I.NFO,08/05/2025,10:59:36,24472,24471.9,75,24472,150,0,13012650
NIFTY-I.NFO,08/05/2025,10:59:38,24472,24471.9,150,24472,150,0,13012650
NIFTY-I.NFO,08/05/2025,10:59:39,24472,24471.9,75,24472,75,75,13012650
NIFTY-I.NFO,08/05/2025,10:59:41,24472,24471.9,75,24472,75,0,13012650
NIFTY-I.NFO,08/05/2025,10:59:44,24472.1,24471.9,225,24473,75,150,13012650
NIFTY-I.NFO,08/05/2025,10:59:46,24472.1,24472,150,24473,75,0,13012650
NIFTY-I.NFO,08/05/2025,10:59:48,24472,24472,225,24473,75,75,13012650
NIFTY-I.NFO,08/05/2025,10:59:49,24472,24472,225,24473,75,0,13012650
NIFTY-I.NFO,08/05/2025,10:59:51,24473,24472.1,150,24474,300,75,13012650
NIFTY-I.NFO,08/05/2025,10:59:53,24472.2,24472.1,75,24474,375,75,13012650
NIFTY-I.NFO,08/05/2025,10:59:54,24473.9,24472.2,150,24474,300,75,13012650
NIFTY-I.NFO,08/05/2025,10:59:56,24473.9,24472.3,150,24474,300,0,13012650
NIFTY-I.NFO,08/05/2025,10:59:57,24473.9,24472.3,75,24473.9,525,0,13012650
NIFTY-I.NFO,08/05/2025,10:59:59,24472.3,24472.3,75,24473.9,525,75,13012650
NIFTY-I.NFO,08/05/2025,11:00:01,24472.3,24472.3,75,24473.9,525,0,13012650
NIFTY-I.NFO,08/05/2025,11:00:03,24472,24471.9,150,24474,300,525,13012650
NIFTY-I.NFO,08/05/2025,11:00:04,24472,24472.3,150,24474,300,0,13012650
NIFTY-I.NFO,08/05/2025,11:00:06,24472.3,24472.9,150,24474,375,75,13012650
NIFTY-I.NFO,08/05/2025,11:00:08,24473.2,24472.5,75,24474,300,150,13012650
NIFTY-I.NFO,08/05/2025,11:00:09,24473.2,24472.5,75,24473.9,525,0,13012650
NIFTY-I.NFO,08/05/2025,11:00:11,24473.2,24471.9,75,24473.9,525,0,13012650
NIFTY-I.NFO,08/05/2025,11:00:14,24473.9,24472.4,75,24473.9,225,300,13012650
NIFTY-I.NFO,08/05/2025,11:00:16,24473.9,24472,75,24473.9,225,0,13012650
NIFTY-I.NFO,08/05/2025,11:00:18,24472,24471.7,300,24473.9,225,75,13012650
NIFTY-I.NFO,08/05/2025,11:00:19,24472,24471.8,150,24473.9,225,0,13012650
NIFTY-I.NFO,08/05/2025,11:00:21,24472,24471.7,150,24473.9,225,0,13012650
NIFTY-I.NFO,08/05/2025,11:00:23,24473.9,24471.4,300,24473.9,150,75,13012650
NIFTY-I.NFO,08/05/2025,11:00:24,24473.9,24471.3,150,24473.9,150,0,13012650
NIFTY-I.NFO,08/05/2025,11:00:28,24473.9,24472,150,24473.9,150,0,13012650
NIFTY-I.NFO,08/05/2025,11:00:29,24473.9,24472.1,150,24473.9,150,0,13012650
NIFTY-I.NFO,08/05/2025,11:00:32,24473.9,24472.1,75,24473.9,150,0,13012650
NIFTY-I.NFO,08/05/2025,11:00:37,24473.9,24472.1,75,24473.9,75,75,13012650
NIFTY-I.NFO,08/05/2025,11:00:39,24472,24471.7,150,24473.9,75,450,13012650
NIFTY-I.NFO,08/05/2025,11:00:41,24472,24472.7,150,24473.9,75,0,13012650
NIFTY-I.NFO,08/05/2025,11:00:42,24472,24472.8,300,24473.9,75,0,13012650
NIFTY-I.NFO,08/05/2025,11:00:44,24472,24472.8,150,24473.8,75,0,13012650
NIFTY-I.NFO,08/05/2025,11:00:46,24472,24472.6,150,24473.8,75,0,13012650
NIFTY-I.NFO,08/05/2025,11:00:47,24472,24472.7,150,24473.8,75,0,13012650
NIFTY-I.NFO,08/05/2025,11:00:49,24472,24472.7,300,24473.8,75,0,13012650
NIFTY-I.NFO,08/05/2025,11:00:50,24472,24473,150,24473.8,75,0,13012650
NIFTY-I.NFO,08/05/2025,11:00:52,24473.8,24473,150,24474,300,225,13011525
NIFTY-I.NFO,08/05/2025,11:00:54,24472.7,24472.8,150,24474,300,150,13011525
NIFTY-I.NFO,08/05/2025,11:00:55,24472.7,24473,150,24474,300,0,13011525
NIFTY-I.NFO,08/05/2025,11:00:57,24472.7,24473.1,150,24473.9,75,0,13011525
NIFTY-I.NFO,08/05/2025,11:00:59,24472.7,24473.1,150,24473.9,600,0,13011525
NIFTY-I.NFO,08/05/2025,11:01:00,24472.7,24473.1,300,24473.9,600,0,13011525
NIFTY-I.NFO,08/05/2025,11:01:02,24473.4,24473.3,150,24473.9,600,75,13011525
NIFTY-I.NFO,08/05/2025,11:01:04,24473.4,24473.4,150,24473.9,600,0,13011525
NIFTY-I.NFO,08/05/2025,11:01:05,24473.4,24473.1,150,24473.9,600,0,13011525
NIFTY-I.NFO,08/05/2025,11:01:07,24473.4,24473,150,24473.9,600,0,13011525
NIFTY-I.NFO,08/05/2025,11:01:08,24473.4,24472.9,150,24473.9,75,0,13011525
NIFTY-I.NFO,08/05/2025,11:01:12,24473.4,24472.9,225,24473.9,75,0,13011525
NIFTY-I.NFO,08/05/2025,11:01:13,24473.8,24472.9,225,24474,2100,150,13011525
NIFTY-I.NFO,08/05/2025,11:01:15,24474,24472.9,225,24474,1575,525,13011525
NIFTY-I.NFO,08/05/2025,11:01:17,24474,24472.9,225,24474,1575,0,13011525
NIFTY-I.NFO,08/05/2025,11:01:18,24474,24472.9,225,24473,525,0,13011525
NIFTY-I.NFO,08/05/2025,11:01:20,24473,24471.5,75,24473,300,225,13011525
NIFTY-I.NFO,08/05/2025,11:01:22,24471.3,24471.2,150,24473,300,75,13011525
NIFTY-I.NFO,08/05/2025,11:01:23,24471.2,24471,150,24473.9,300,75,13011525
NIFTY-I.NFO,08/05/2025,11:01:25,24471.2,24471.3,75,24473.9,300,0,13011525
NIFTY-I.NFO,08/05/2025,11:01:27,24471.2,24471.3,150,24473.9,300,0,13011525
NIFTY-I.NFO,08/05/2025,11:01:30,24471.2,24471.2,150,24473.9,300,0,13011525
NIFTY-I.NFO,08/05/2025,11:01:33,24471.2,24471.1,150,24473.9,300,0,13011525
NIFTY-I.NFO,08/05/2025,11:01:35,24473.9,24470.8,150,24473.9,225,75,13011525
NIFTY-I.NFO,08/05/2025,11:01:37,24473.9,24470.9,150,24473.9,225,0,13011525
NIFTY-I.NFO,08/05/2025,11:01:38,24471,24470.9,225,24473.9,225,75,13011525
NIFTY-I.NFO,08/05/2025,11:01:40,24470.9,24471,150,24473.9,225,75,13011525
NIFTY-I.NFO,08/05/2025,11:01:42,24470.9,24471.4,150,24473.9,225,0,13011525
NIFTY-I.NFO,08/05/2025,11:01:43,24470.9,24471.4,300,24473.9,225,0,13011525
NIFTY-I.NFO,08/05/2025,11:01:45,24470.9,24471.4,150,24473.9,225,0,13011525
NIFTY-I.NFO,08/05/2025,11:01:47,24470.9,24471.4,150,24473,450,0,13011525
NIFTY-I.NFO,08/05/2025,11:01:48,24470.9,24471.4,300,24473,450,0,13011525
NIFTY-I.NFO,08/05/2025,11:01:50,24470.9,24471.5,150,24473,450,0,13011525
NIFTY-I.NFO,08/05/2025,11:01:51,24470.9,24471.5,300,24473,450,0,13011525
NIFTY-I.NFO,08/05/2025,11:01:53,24470.9,24471.5,525,24473,450,0,13011525
NIFTY-I.NFO,08/05/2025,11:01:55,24470.9,24471.8,75,24473,450,0,13011525
NIFTY-I.NFO,08/05/2025,11:01:56,24470.9,24472,150,24473,450,0,13011525
NIFTY-I.NFO,08/05/2025,11:01:58,24470.9,24472.1,150,24473.9,1725,0,13011525
NIFTY-I.NFO,08/05/2025,11:02:00,24470.9,24472.1,375,24473.9,1725,0,13011525
NIFTY-I.NFO,08/05/2025,11:02:06,24473.9,24472.1,375,24473.9,1650,75,13011525
NIFTY-I.NFO,08/05/2025,11:02:08,24473.9,24472.1,375,24473.9,1650,0,13011525
NIFTY-I.NFO,08/05/2025,11:02:10,24472.1,24472.1,225,24473,525,225,13011525
NIFTY-I.NFO,08/05/2025,11:02:11,24473,24472.1,225,24473,450,75,13011525
NIFTY-I.NFO,08/05/2025,11:02:13,24473,24472.1,225,24473,450,0,13011525
NIFTY-I.NFO,08/05/2025,11:02:16,24471,24470.9,75,24471,75,450,13011525
NIFTY-I.NFO,08/05/2025,11:02:18,24470.6,24470.3,150,24471,75,150,13011525
NIFTY-I.NFO,08/05/2025,11:02:20,24470.6,24470.3,150,24471,75,0,13011525
NIFTY-I.NFO,08/05/2025,11:02:21,24470.6,24470.2,525,24471,75,0,13011525
NIFTY-I.NFO,08/05/2025,11:02:23,24470.6,24470.5,150,24471,75,0,13011525
NIFTY-I.NFO,08/05/2025,11:02:24,24470.6,24470.8,150,24471,75,0,13011525
NIFTY-I.NFO,08/05/2025,11:02:26,24470.6,24470.7,300,24471,75,0,13011525
NIFTY-I.NFO,08/05/2025,11:02:28,24471,24471.1,150,24473,525,75,13011525
NIFTY-I.NFO,08/05/2025,11:02:29,24471.2,24470.9,225,24473,525,150,13011525
NIFTY-I.NFO,08/05/2025,11:02:31,24471.2,24471.2,75,24473,525,0,13011525
NIFTY-I.NFO,08/05/2025,11:02:33,24471.2,24470.9,225,24472.8,450,75,13011525
NIFTY-I.NFO,08/05/2025,11:02:34,24471.2,24470.9,450,24471,75,0,13011525
NIFTY-I.NFO,08/05/2025,11:02:36,24471,24471.1,75,24472.8,450,75,13011525
NIFTY-I.NFO,08/05/2025,11:02:38,24471,24471.1,75,24472.8,450,0,13011525
NIFTY-I.NFO,08/05/2025,11:02:39,24471.1,24471,150,24473.8,300,1575,13011525
NIFTY-I.NFO,08/05/2025,11:02:41,24473.8,24471,150,24473.8,225,75,13011525
NIFTY-I.NFO,08/05/2025,11:02:42,24473.8,24471.3,150,24473.9,975,75,13011525
NIFTY-I.NFO,08/05/2025,11:02:44,24473.9,24471.5,150,24473.9,600,375,13011525
NIFTY-I.NFO,08/05/2025,11:02:46,24473.9,24471.6,150,24473.9,600,0,13011525
NIFTY-I.NFO,08/05/2025,11:02:49,24473.9,24472.5,150,24473.9,600,0,13011525
NIFTY-I.NFO,08/05/2025,11:02:51,24473.9,24472.5,150,24473.2,75,0,13011525
NIFTY-I.NFO,08/05/2025,11:02:52,24473.9,24472,150,24473.2,75,0,13011525
NIFTY-I.NFO,08/05/2025,11:02:54,24473.9,24472,75,24472.6,75,0,13011525
NIFTY-I.NFO,08/05/2025,11:02:56,24473.9,24472.1,150,24472.6,75,0,13011525
NIFTY-I.NFO,08/05/2025,11:02:57,24473.9,24472.1,150,24472.3,75,0,13011525
NIFTY-I.NFO,08/05/2025,11:02:59,24473.9,24472,75,24472.3,75,0,13011525
NIFTY-I.NFO,08/05/2025,11:03:00,24472,24471.4,225,24472,450,150,13011525
NIFTY-I.NFO,08/05/2025,11:03:02,24472,24471.4,225,24472,525,0,13011525
NIFTY-I.NFO,08/05/2025,11:03:04,24472,24471.4,225,24472,450,75,13011525
NIFTY-I.NFO,08/05/2025,11:03:05,24472,24471.7,150,24472,450,0,13011525
NIFTY-I.NFO,08/05/2025,11:03:07,24472,24471.4,225,24472,375,75,13011525
NIFTY-I.NFO,08/05/2025,11:03:09,24472,24471.4,225,24472,75,0,13011525
NIFTY-I.NFO,08/05/2025,11:03:10,24472,24471.4,375,24472,75,0,13011525
NIFTY-I.NFO,08/05/2025,11:03:12,24472,24471.4,225,24472,75,0,13011525
NIFTY-I.NFO,08/05/2025,11:03:15,24471.4,24471.7,150,24472,75,75,13011525
NIFTY-I.NFO,08/05/2025,11:03:17,24471.4,24471.4,150,24472,75,0,13011525
NIFTY-I.NFO,08/05/2025,11:03:18,24471.4,24471.2,300,24472,150,0,13011525
NIFTY-I.NFO,08/05/2025,11:03:20,24471.2,24471.2,150,24472,150,75,13011525
NIFTY-I.NFO,08/05/2025,11:03:23,24471.2,24471.2,75,24472,75,150,13011525
NIFTY-I.NFO,08/05/2025,11:03:25,24472,24471.2,150,24472.9,300,75,13011525
NIFTY-I.NFO,08/05/2025,11:03:26,24471.2,24471.3,75,24472.9,300,75,13011525
NIFTY-I.NFO,08/05/2025,11:03:28,24471.2,24471.3,75,24472.9,300,0,13011525
NIFTY-I.NFO,08/05/2025,11:03:29,24471.2,24471.5,75,24472.9,300,0,13011525
NIFTY-I.NFO,08/05/2025,11:03:33,24472.9,24471.3,75,24472.9,225,75,13011525
NIFTY-I.NFO,08/05/2025,11:03:34,24472.9,24471.3,75,24472.9,225,0,13011525
NIFTY-I.NFO,08/05/2025,11:03:36,24472.9,24471.5,75,24472.9,225,0,13011525
NIFTY-I.NFO,08/05/2025,11:03:37,24471.5,24471.4,375,24472.9,225,75,13011525
NIFTY-I.NFO,08/05/2025,11:03:39,24472.9,24471.4,375,24472.9,75,150,13011525
NIFTY-I.NFO,08/05/2025,11:03:41,24472.9,24471.4,375,24472.9,75,0,13011525
NIFTY-I.NFO,08/05/2025,11:03:47,24471.4,24471,75,24471.4,150,375,13011525
NIFTY-I.NFO,08/05/2025,11:03:49,24471.4,24471,75,24471.4,150,0,13011525
NIFTY-I.NFO,08/05/2025,11:03:50,24471.4,24471,75,24471.4,150,75,13011525
NIFTY-I.NFO,08/05/2025,11:03:52,24471.4,24471,75,24471.4,150,0,13011525
NIFTY-I.NFO,08/05/2025,11:03:57,24471.4,24471,75,24471.4,450,0,13011525
NIFTY-I.NFO,08/05/2025,11:03:58,24471.2,24471,75,24471.4,450,75,13011525
NIFTY-I.NFO,08/05/2025,11:04:00,24471.4,24471,75,24471.4,375,75,13011525
NIFTY-I.NFO,08/05/2025,11:04:01,24471.4,24471,75,24471.4,375,0,13011525
NIFTY-I.NFO,08/05/2025,11:04:06,24471,24470.1,825,24471.4,300,75,13011525
NIFTY-I.NFO,08/05/2025,11:04:08,24471,24470.1,750,24471,375,75,13011525
NIFTY-I.NFO,08/05/2025,11:04:10,24470.1,24470.1,600,24471,375,150,13011525
NIFTY-I.NFO,08/05/2025,11:04:11,24470.1,24470.1,600,24471,450,0,13011525
NIFTY-I.NFO,08/05/2025,11:04:14,24471,24470.1,600,24471,375,75,13011525
NIFTY-I.NFO,08/05/2025,11:04:16,24471,24470.1,675,24470.9,525,0,13011525
NIFTY-I.NFO,08/05/2025,11:04:17,24470.9,24470.1,675,24470.9,375,150,13011525
NIFTY-I.NFO,08/05/2025,11:04:19,24472,24470.1,825,24472,75,975,13011525
NIFTY-I.NFO,08/05/2025,11:04:20,24472,24470.1,825,24472,75,0,13011525
NIFTY-I.NFO,08/05/2025,11:04:22,24472,24470.2,150,24472,75,0,13011525
NIFTY-I.NFO,08/05/2025,11:04:24,24472,24470.4,75,24472,75,0,13011525
NIFTY-I.NFO,08/05/2025,11:04:26,24472,24470.4,225,24472,75,0,13011525
NIFTY-I.NFO,08/05/2025,11:04:27,24470.4,24470.4,225,24471.5,75,225,13011525
NIFTY-I.NFO,08/05/2025,11:04:29,24470.4,24470.6,75,24471,525,0,13011525
NIFTY-I.NFO,08/05/2025,11:04:31,24470.9,24470.6,150,24470.9,450,75,13011525
NIFTY-I.NFO,08/05/2025,11:04:32,24470.9,24470.6,150,24470.9,450,0,13011525
NIFTY-I.NFO,08/05/2025,11:04:36,24470.6,24470.1,750,24470.5,300,150,13011525
NIFTY-I.NFO,08/05/2025,11:04:37,24470.5,24470.1,825,24470.5,300,75,13011525
NIFTY-I.NFO,08/05/2025,11:04:39,24470.5,24470.1,825,24470.5,300,0,13011525
NIFTY-I.NFO,08/05/2025,11:04:41,24470.5,24470.5,75,24472.9,75,300,13011525
NIFTY-I.NFO,08/05/2025,11:04:42,24470.5,24470.1,750,24472.9,75,75,13011525
NIFTY-I.NFO,08/05/2025,11:04:44,24470.1,24470.1,675,24472.9,75,75,13011525
NIFTY-I.NFO,08/05/2025,11:04:46,24470.1,24470.2,75,24472.9,75,0,13011525
NIFTY-I.NFO,08/05/2025,11:04:47,24470.1,24470.5,375,24472.9,75,0,13011525
NIFTY-I.NFO,08/05/2025,11:04:49,24470.1,24470.7,75,24472.9,75,0,13011525
NIFTY-I.NFO,08/05/2025,11:04:54,24470.1,24471,525,24472.9,75,0,13011525
NIFTY-I.NFO,08/05/2025,11:04:55,24471,24471,450,24473.6,375,150,13011525
NIFTY-I.NFO,08/05/2025,11:04:57,24471,24471,450,24473.6,450,0,13011525
NIFTY-I.NFO,08/05/2025,11:05:00,24471,24471,600,24473.6,450,75,13011525
NIFTY-I.NFO,08/05/2025,11:05:02,24471,24471,525,24473.6,375,75,13011525
NIFTY-I.NFO,08/05/2025,11:05:04,24472,24471,525,24472,150,375,13011525
NIFTY-I.NFO,08/05/2025,11:05:05,24471,24470.1,750,24471,975,600,13011525
NIFTY-I.NFO,08/05/2025,11:05:07,24471,24470.1,750,24471,900,75,13011525
NIFTY-I.NFO,08/05/2025,11:05:09,24471,24470.1,750,24471,900,0,13011525
NIFTY-I.NFO,08/05/2025,11:05:10,24471,24470.2,75,24471,900,0,13011525
NIFTY-I.NFO,08/05/2025,11:05:12,24470.9,24470,150,24470.9,375,1650,13011525
NIFTY-I.NFO,08/05/2025,11:05:14,24470.9,24470,150,24470.9,375,0,13011525
NIFTY-I.NFO,08/05/2025,11:05:15,24469.6,24469.5,150,24470.9,375,300,13011525
NIFTY-I.NFO,08/05/2025,11:05:17,24469.6,24469.6,150,24470.9,375,0,13011525
NIFTY-I.NFO,08/05/2025,11:05:18,24469.6,24469.5,225,24470,1500,0,13011525
NIFTY-I.NFO,08/05/2025,11:05:20,24469.6,24469.7,150,24470,1500,0,13011525
NIFTY-I.NFO,08/05/2025,11:05:22,24470,24469.7,150,24470,1425,75,13011525
NIFTY-I.NFO,08/05/2025,11:05:23,24470,24469.7,300,24470,1425,0,13011525
NIFTY-I.NFO,08/05/2025,11:05:25,24470,24469.7,75,24470,1200,525,13011525
NIFTY-I.NFO,08/05/2025,11:05:27,24470,24469.6,75,24470,1125,225,13011525
NIFTY-I.NFO,08/05/2025,11:05:28,24470,24469.4,75,24470,1275,0,13011525
NIFTY-I.NFO,08/05/2025,11:05:30,24470,24469.6,75,24470,1275,0,13011525
NIFTY-I.NFO,08/05/2025,11:05:33,24470,24469.5,150,24470,1125,150,13011525
NIFTY-I.NFO,08/05/2025,11:05:35,24470,24469.6,75,24470,1125,0,13011525
NIFTY-I.NFO,08/05/2025,11:05:38,24470,24468,375,24470,1050,300,13011525
NIFTY-I.NFO,08/05/2025,11:05:40,24470,24469.4,75,24470,1125,0,13011525
NIFTY-I.NFO,08/05/2025,11:05:41,24470,24469.4,150,24470,1650,0,13011525
NIFTY-I.NFO,08/05/2025,11:05:43,24470,24469.5,75,24470,1650,0,13011525
NIFTY-I.NFO,08/05/2025,11:05:45,24470,24469.6,75,24470,1650,0,13011525
NIFTY-I.NFO,08/05/2025,11:05:46,24473.9,24470.2,375,24473.9,150,4350,13011525
NIFTY-I.NFO,08/05/2025,11:05:48,24474.4,24470.3,150,24474.6,75,1275,13011525
NIFTY-I.NFO,08/05/2025,11:05:50,24474.4,24470.4,75,24474.4,375,0,13011525
NIFTY-I.NFO,08/05/2025,11:05:51,24470.4,24470.4,75,24474.7,300,75,13011525
NIFTY-I.NFO,08/05/2025,11:05:53,24470.4,24470.4,75,24474.7,300,0,13011525
NIFTY-I.NFO,08/05/2025,11:05:55,24470.4,24470.4,75,24474,150,0,13011525
NIFTY-I.NFO,08/05/2025,11:06:00,24471,24470.4,75,24471,750,750,13011525
NIFTY-I.NFO,08/05/2025,11:06:01,24470.4,24470.2,150,24471,825,75,13011525
NIFTY-I.NFO,08/05/2025,11:06:03,24471,24470.2,150,24471,750,75,13011525
NIFTY-I.NFO,08/05/2025,11:06:05,24471,24470.5,150,24471,750,0,13011525
NIFTY-I.NFO,08/05/2025,11:06:06,24471,24470.3,300,24471,150,600,13011525
NIFTY-I.NFO,08/05/2025,11:06:08,24473,24470.3,300,24473,450,225,13011525
NIFTY-I.NFO,08/05/2025,11:06:10,24473,24470.7,150,24473,450,0,13011525
NIFTY-I.NFO,08/05/2025,11:06:11,24470.9,24470.9,75,24473,450,225,13011525
NIFTY-I.NFO,08/05/2025,11:06:13,24470.9,24470.8,150,24473,450,0,13011525
NIFTY-I.NFO,08/05/2025,11:06:15,24473,24470.5,150,24473,225,225,13011525
NIFTY-I.NFO,08/05/2025,11:06:16,24473,24470.5,75,24473,300,0,13011525
NIFTY-I.NFO,08/05/2025,11:06:24,24473,24471,975,24473,300,0,13011525
NIFTY-I.NFO,08/05/2025,11:06:26,24473,24471,1050,24473,300,0,13011525
NIFTY-I.NFO,08/05/2025,11:06:28,24473,24471,1050,24473,225,75,13011525
NIFTY-I.NFO,08/05/2025,11:06:29,24473,24471,1275,24473,225,0,13011525
NIFTY-I.NFO,08/05/2025,11:06:31,24473,24471.3,75,24473,1425,0,13011525
NIFTY-I.NFO,08/05/2025,11:06:33,24473,24471.3,300,24473,1425,0,13011525
NIFTY-I.NFO,08/05/2025,11:06:34,24471.3,24471.3,225,24473,1500,75,13011525
NIFTY-I.NFO,08/05/2025,11:06:36,24471.3,24471.3,300,24472.9,150,0,13011525
NIFTY-I.NFO,08/05/2025,11:06:39,24471.3,24471.3,225,24472.9,150,0,13011525
NIFTY-I.NFO,08/05/2025,11:06:41,24472.9,24471.3,300,24472.9,75,75,13014750
NIFTY-I.NFO,08/05/2025,11:06:43,24473,24471.3,225,24473,1275,1650,13014750
NIFTY-I.NFO,08/05/2025,11:06:44,24473,24471.4,75,24473,1275,0,13014750
NIFTY-I.NFO,08/05/2025,11:06:46,24473,24471.5,75,24473,1050,750,13014750
NIFTY-I.NFO,08/05/2025,11:06:48,24473,24471.5,225,24473,1050,0,13014750
NIFTY-I.NFO,08/05/2025,11:06:49,24473,24471.5,150,24473,1050,0,13014750
NIFTY-I.NFO,08/05/2025,11:06:51,24473,24471.5,150,24473,1125,0,13014750
NIFTY-I.NFO,08/05/2025,11:06:53,24473,24472.1,75,24473,1125,0,13014750
NIFTY-I.NFO,08/05/2025,11:06:54,24473,24472.1,225,24473,1125,0,13014750
NIFTY-I.NFO,08/05/2025,11:06:59,24473,24472.1,225,24472.9,450,450,13014750
NIFTY-I.NFO,08/05/2025,11:07:01,24473,24472.6,75,24472.9,450,0,13014750
NIFTY-I.NFO,08/05/2025,11:07:02,24472.9,24472.6,150,24472.9,225,300,13014750
NIFTY-I.NFO,08/05/2025,11:07:04,24472.6,24472.6,75,24473,675,75,13014750
NIFTY-I.NFO,08/05/2025,11:07:06,24472.6,24472.3,75,24473,675,75,13014750
NIFTY-I.NFO,08/05/2025,11:07:07,24472.9,24472.4,75,24473,675,75,13014750
NIFTY-I.NFO,08/05/2025,11:07:09,24472.9,24472.5,75,24473,750,0,13014750
NIFTY-I.NFO,08/05/2025,11:07:12,24472.9,24472.7,75,24473,750,0,13014750
NIFTY-I.NFO,08/05/2025,11:07:14,24472.9,24472.7,150,24473,750,0,13014750
NIFTY-I.NFO,08/05/2025,11:07:15,24473,24473.1,75,24474,225,750,13014750
NIFTY-I.NFO,08/05/2025,11:07:17,24473,24473.7,150,24474,300,0,13014750
NIFTY-I.NFO,08/05/2025,11:07:20,24474,24473.9,75,24475,150,300,13014750
NIFTY-I.NFO,08/05/2025,11:07:22,24474,24473.9,150,24475,150,0,13014750
NIFTY-I.NFO,08/05/2025,11:07:27,24475,24473.9,150,24476.5,75,150,13014750
NIFTY-I.NFO,08/05/2025,11:07:29,24474.9,24473.9,150,24474.9,150,75,13014750
NIFTY-I.NFO,08/05/2025,11:07:30,24474.9,24473.9,75,24474.9,75,75,13014750
NIFTY-I.NFO,08/05/2025,11:07:32,24474.9,24473.9,75,24474.9,75,0,13014750
NIFTY-I.NFO,08/05/2025,11:07:39,24473.9,24473,75,24474.9,75,75,13014750
NIFTY-I.NFO,08/05/2025,11:07:40,24476.3,24472.6,75,24476.3,75,150,13014750
NIFTY-I.NFO,08/05/2025,11:07:42,24476.3,24472.5,75,24477,225,0,13014750
NIFTY-I.NFO,08/05/2025,11:07:44,24476.3,24472.4,75,24477,225,0,13014750
NIFTY-I.NFO,08/05/2025,11:07:45,24476.3,24472.3,75,24477,750,0,13014750
NIFTY-I.NFO,08/05/2025,11:07:47,24476.3,24472.2,375,24476.9,225,0,13014750
NIFTY-I.NFO,08/05/2025,11:07:50,24476.3,24472.2,75,24475,525,0,13014750
NIFTY-I.NFO,08/05/2025,11:07:52,24476.3,24472,75,24475,525,0,13014750
NIFTY-I.NFO,08/05/2025,11:07:53,24476.3,24472.3,75,24475,525,0,13014750
NIFTY-I.NFO,08/05/2025,11:07:55,24475,24473,75,24475,450,75,13014750
NIFTY-I.NFO,08/05/2025,11:07:57,24475,24473,75,24475,450,0,13014750
NIFTY-I.NFO,08/05/2025,11:07:58,24475,24473,75,24477,75,450,13014750
NIFTY-I.NFO,08/05/2025,11:08:00,24475,24475,75,24477,75,0,13014750
NIFTY-I.NFO,08/05/2025,11:08:02,24477.6,24473,75,24477.6,225,750,13014750
NIFTY-I.NFO,08/05/2025,11:08:03,24475,24475,75,24477.4,225,75,13014750
NIFTY-I.NFO,08/05/2025,11:08:05,24475,24475,75,24477.6,225,75,13014750
NIFTY-I.NFO,08/05/2025,11:08:07,24475,24475.3,75,24477.6,225,0,13014750
NIFTY-I.NFO,08/05/2025,11:08:08,24477.6,24475.1,75,24476.2,75,1425,13014750
NIFTY-I.NFO,08/05/2025,11:08:10,24477.6,24475.4,75,24477.6,225,750,13014750
NIFTY-I.NFO,08/05/2025,11:08:12,24477.6,24475.5,75,24477.7,150,0,13014750
NIFTY-I.NFO,08/05/2025,11:08:13,24477.6,24476.2,300,24477.6,75,0,13014750
NIFTY-I.NFO,08/05/2025,11:08:16,24477.6,24476.2,300,24477.4,150,300,13014750
NIFTY-I.NFO,08/05/2025,11:08:18,24477.4,24476.2,300,24477.7,150,150,13014750
NIFTY-I.NFO,08/05/2025,11:08:20,24477.4,24476.2,300,24477.8,225,0,13014750
NIFTY-I.NFO,08/05/2025,11:08:21,24477.4,24476.2,300,24477.7,150,0,13014750
NIFTY-I.NFO,08/05/2025,11:08:23,24477.4,24476.3,150,24477.7,150,0,13014750
NIFTY-I.NFO,08/05/2025,11:08:24,24477.6,24477.6,300,24477.8,225,225,13014750
NIFTY-I.NFO,08/05/2025,11:08:26,24477.5,24476.3,75,24477.5,375,450,13014750
NIFTY-I.NFO,08/05/2025,11:08:28,24477.8,24476.3,75,24477.5,75,300,13014750
NIFTY-I.NFO,08/05/2025,11:08:29,24476.3,24475.4,75,24477.5,75,75,13014750
NIFTY-I.NFO,08/05/2025,11:08:31,24476.3,24475.4,75,24477.5,75,0,13014750
NIFTY-I.NFO,08/05/2025,11:08:33,24476.3,24475,150,24477.5,75,0,13014750
NIFTY-I.NFO,08/05/2025,11:08:36,24475,24475,75,24477.5,75,75,13014750
NIFTY-I.NFO,08/05/2025,11:08:38,24477.7,24473,150,24477.7,150,1125,13014750
NIFTY-I.NFO,08/05/2025,11:08:39,24477.7,24474.9,75,24475,150,300,13014750
NIFTY-I.NFO,08/05/2025,11:08:41,24475.2,24475.1,75,24478.3,150,375,13014750
NIFTY-I.NFO,08/05/2025,11:08:43,24478,24475,225,24477.6,150,975,13014750
NIFTY-I.NFO,08/05/2025,11:08:44,24477,24475.1,75,24478,75,525,13014750
NIFTY-I.NFO,08/05/2025,11:08:46,24477,24475.4,75,24476,600,0,13014750
NIFTY-I.NFO,08/05/2025,11:08:48,24476,24475.7,75,24478,75,600,13014750
NIFTY-I.NFO,08/05/2025,11:08:49,24476,24476,300,24478,75,0,13014750
NIFTY-I.NFO,08/05/2025,11:08:51,24478,24476,375,24479,225,75,13014750
NIFTY-I.NFO,08/05/2025,11:08:52,24476,24476,300,24478.9,150,75,13014750
NIFTY-I.NFO,08/05/2025,11:08:54,24476,24476,300,24479,300,75,13014750
NIFTY-I.NFO,08/05/2025,11:08:56,24476,24476,300,24479,300,0,13014750
NIFTY-I.NFO,08/05/2025,11:08:57,24476,24476,300,24477.8,75,0,13014750
NIFTY-I.NFO,08/05/2025,11:08:59,24476,24476,300,24478,375,0,13014750
NIFTY-I.NFO,08/05/2025,11:09:01,24478.7,24476,150,24478.6,75,150,13014750
NIFTY-I.NFO,08/05/2025,11:09:02,24478.7,24476,225,24477,450,0,13014750
NIFTY-I.NFO,08/05/2025,11:09:04,24476,24476,300,24477,450,75,13014750
NIFTY-I.NFO,08/05/2025,11:09:06,24476,24475.7,75,24476,150,300,13014750
NIFTY-I.NFO,08/05/2025,11:09:07,24476,24475.8,75,24476,150,0,13014750
NIFTY-I.NFO,08/05/2025,11:09:09,24476,24475.8,75,24478,75,150,13014750
NIFTY-I.NFO,08/05/2025,11:09:10,24476,24475.8,75,24478,300,0,13014750
NIFTY-I.NFO,08/05/2025,11:09:12,24478,24475.4,150,24478,75,375,13014750
NIFTY-I.NFO,08/05/2025,11:09:14,24478,24475.8,75,24478,75,0,13014750
NIFTY-I.NFO,08/05/2025,11:09:15,24478,24475.9,75,24478,75,0,13014750
NIFTY-I.NFO,08/05/2025,11:09:17,24478,24476,75,24478,75,0,13014750
NIFTY-I.NFO,08/05/2025,11:09:18,24478,24475.9,75,24478,75,0,13014750
NIFTY-I.NFO,08/05/2025,11:09:20,24478,24475.8,75,24478,75,0,13014750
NIFTY-I.NFO,08/05/2025,11:09:22,24478,24475.8,75,24478.9,150,750,13014750
NIFTY-I.NFO,08/05/2025,11:09:23,24478.9,24475.6,75,24478.9,150,375,13014750
NIFTY-I.NFO,08/05/2025,11:09:25,24478.9,24475.5,75,24478.9,150,75,13014750
NIFTY-I.NFO,08/05/2025,11:09:27,24478.9,24475.5,75,24478.9,150,0,13014750
NIFTY-I.NFO,08/05/2025,11:09:28,24478.4,24474,75,24475.9,75,1350,13014750
NIFTY-I.NFO,08/05/2025,11:09:30,24478.4,24475.2,75,24475.9,375,0,13014750
NIFTY-I.NFO,08/05/2025,11:09:32,24475.9,24475.3,75,24475.9,225,150,13014750
NIFTY-I.NFO,08/05/2025,11:09:33,24475.9,24475.9,750,24478.3,75,225,13014750
NIFTY-I.NFO,08/05/2025,11:09:35,24475.9,24475.9,750,24478,450,0,13014750
NIFTY-I.NFO,08/05/2025,11:09:37,24475.9,24475.9,750,24478,450,75,13014750
NIFTY-I.NFO,08/05/2025,11:09:38,24475.9,24476,75,24478,450,0,13014750
NIFTY-I.NFO,08/05/2025,11:09:40,24478,24475.9,675,24478,375,75,13014750
NIFTY-I.NFO,08/05/2025,11:09:42,24475.9,24475.9,750,24478,300,150,13017675
NIFTY-I.NFO,08/05/2025,11:09:43,24475.9,24475.9,750,24478,300,0,13017675
NIFTY-I.NFO,08/05/2025,11:09:46,24478,24476.3,75,24478,225,75,13017675
NIFTY-I.NFO,08/05/2025,11:09:48,24478,24476.3,75,24478,225,0,13017675
NIFTY-I.NFO,08/05/2025,11:09:50,24476.2,24475.9,75,24479,225,1050,13017675
NIFTY-I.NFO,08/05/2025,11:09:51,24475,24476,75,24478.4,150,525,13017675
NIFTY-I.NFO,08/05/2025,11:09:53,24475,24476,75,24477.9,225,0,13017675
NIFTY-I.NFO,08/05/2025,11:09:55,24476,24476,150,24478,225,75,13017675
NIFTY-I.NFO,08/05/2025,11:09:56,24477.6,24476,75,24477.8,300,150,13017675
NIFTY-I.NFO,08/05/2025,11:09:58,24476,24475.4,75,24476,150,150,13017675
NIFTY-I.NFO,08/05/2025,11:10:00,24476,24475.4,75,24476,525,150,13017675
NIFTY-I.NFO,08/05/2025,11:10:01,24476,24476,1500,24478.4,75,600,13017675
NIFTY-I.NFO,08/05/2025,11:10:03,24476,24476,1500,24478.4,75,0,13017675
NIFTY-I.NFO,08/05/2025,11:10:05,24478,24476,1500,24478,750,150,13017675
NIFTY-I.NFO,08/05/2025,11:10:06,24478,24476,1500,24477.9,525,0,13017675
NIFTY-I.NFO,08/05/2025,11:10:08,24478,24476,1575,24477.9,525,0,13017675
NIFTY-I.NFO,08/05/2025,11:10:10,24477.9,24476.3,75,24477.9,450,75,13017675
NIFTY-I.NFO,08/05/2025,11:10:11,24477.9,24476.5,75,24478,225,0,13017675
NIFTY-I.NFO,08/05/2025,11:10:13,24478,24476.7,300,24478,150,75,13017675
NIFTY-I.NFO,08/05/2025,11:10:15,24479.9,24476.8,75,24479.9,1125,300,13017675
NIFTY-I.NFO,08/05/2025,11:10:16,24479.9,24477.1,75,24479.9,1125,0,13017675
NIFTY-I.NFO,08/05/2025,11:10:18,24479.9,24476.9,75,24479.9,1125,0,13017675
NIFTY-I.NFO,08/05/2025,11:10:20,24480.9,24476,1425,24481,75,3675,13017675
NIFTY-I.NFO,08/05/2025,11:10:21,24480,24477.5,150,24480,75,225,13017675
NIFTY-I.NFO,08/05/2025,11:10:23,24480,24479.9,75,24481.6,75,75,13017675
NIFTY-I.NFO,08/05/2025,11:10:25,24481.8,24478.5,75,24481.9,75,225,13017675
NIFTY-I.NFO,08/05/2025,11:10:26,24480,24478.4,75,24480,375,75,13017675
NIFTY-I.NFO,08/05/2025,11:10:28,24480,24476.2,600,24480,225,225,13017675
NIFTY-I.NFO,08/05/2025,11:10:30,24480,24478.1,75,24481.6,225,225,13017675
NIFTY-I.NFO,08/05/2025,11:10:31,24480,24477.9,75,24481.4,75,0,13017675
NIFTY-I.NFO,08/05/2025,11:10:33,24480,24477.7,75,24481.2,75,0,13017675
NIFTY-I.NFO,08/05/2025,11:10:34,24480,24477.9,75,24480,525,0,13017675
NIFTY-I.NFO,08/05/2025,11:10:36,24480,24478,75,24480,525,0,13017675
NIFTY-I.NFO,08/05/2025,11:10:38,24480,24477.8,75,24480,525,0,13017675
NIFTY-I.NFO,08/05/2025,11:10:39,24480,24478.2,75,24480,375,150,13017675
NIFTY-I.NFO,08/05/2025,11:10:41,24480,24478.1,75,24480,375,0,13017675
NIFTY-I.NFO,08/05/2025,11:10:43,24480,24478.3,75,24480,150,300,13017675
NIFTY-I.NFO,08/05/2025,11:10:44,24480,24478.2,75,24480,150,0,13017675
NIFTY-I.NFO,08/05/2025,11:10:46,24480,24478,75,24480,150,0,13017675
NIFTY-I.NFO,08/05/2025,11:10:48,24480.8,24476.1,600,24480.8,75,300,13017675
NIFTY-I.NFO,08/05/2025,11:10:49,24480.8,24476.1,600,24480,525,0,13017675
NIFTY-I.NFO,08/05/2025,11:10:51,24480,24476,1425,24480,450,75,13017675
NIFTY-I.NFO,08/05/2025,11:10:53,24480,24476.1,75,24480,450,0,13017675
NIFTY-I.NFO,08/05/2025,11:10:54,24480,24477,300,24480,450,0,13017675
NIFTY-I.NFO,08/05/2025,11:10:59,24480,24477,300,24480,525,75,13017675
NIFTY-I.NFO,08/05/2025,11:11:01,24480,24477,300,24480,525,0,13017675
NIFTY-I.NFO,08/05/2025,11:11:03,24480,24476.1,75,24480,525,0,13017675
NIFTY-I.NFO,08/05/2025,11:11:04,24476.1,24476,1425,24480,525,75,13017675
NIFTY-I.NFO,08/05/2025,11:11:06,24476.1,24476,1425,24480,525,0,13017675
NIFTY-I.NFO,08/05/2025,11:11:08,24476,24476,1350,24480,750,150,13017675
NIFTY-I.NFO,08/05/2025,11:11:09,24476,24476,1350,24480,750,0,13017675
NIFTY-I.NFO,08/05/2025,11:11:11,24476,24476,1275,24480,750,75,13017675
NIFTY-I.NFO,08/05/2025,11:11:13,24479,24476,1275,24479,225,75,13017675
NIFTY-I.NFO,08/05/2025,11:11:14,24479,24476,1275,24479,150,75,13017675
NIFTY-I.NFO,08/05/2025,11:11:16,24478.9,24476,1275,24479,150,75,13017675
NIFTY-I.NFO,08/05/2025,11:11:18,24478.9,24476,1275,24479,150,0,13017675
NIFTY-I.NFO,08/05/2025,11:11:19,24476,24476,1200,24479,150,75,13017675
NIFTY-I.NFO,08/05/2025,11:11:21,24476,24476,1200,24479,150,0,13017675
NIFTY-I.NFO,08/05/2025,11:11:22,24476,24476,1125,24479,150,75,13017675
NIFTY-I.NFO,08/05/2025,11:11:24,24476,24476,1125,24479,150,0,13017675
NIFTY-I.NFO,08/05/2025,11:11:26,24476,24476,1050,24479,150,75,13017675
NIFTY-I.NFO,08/05/2025,11:11:27,24476,24476,975,24478,150,75,13017675
NIFTY-I.NFO,08/05/2025,11:11:29,24476,24476,975,24478,150,0,13017675
NIFTY-I.NFO,08/05/2025,11:11:31,24477,24476,975,24478,150,75,13017675
NIFTY-I.NFO,08/05/2025,11:11:32,24478,24476,975,24478,75,75,13017675
NIFTY-I.NFO,08/05/2025,11:11:35,24478,24476,975,24478,225,0,13017675
NIFTY-I.NFO,08/05/2025,11:11:40,24476,24476,825,24478,225,150,13017675
NIFTY-I.NFO,08/05/2025,11:11:42,24478,24476,825,24478,150,75,13017675
NIFTY-I.NFO,08/05/2025,11:11:43,24478,24476,825,24478,150,0,13017675
NIFTY-I.NFO,08/05/2025,11:11:51,24478,24476,825,24478,75,75,13017675
NIFTY-I.NFO,08/05/2025,11:11:53,24478,24476,825,24478,75,0,13017675
NIFTY-I.NFO,08/05/2025,11:11:59,24476,24476,750,24479.1,300,150,13017675
NIFTY-I.NFO,08/05/2025,11:12:01,24476,24476,750,24478.4,75,0,13017675
NIFTY-I.NFO,08/05/2025,11:12:03,24478.3,24476,675,24478.3,225,150,13017675
NIFTY-I.NFO,08/05/2025,11:12:04,24478.3,24476,675,24478.4,75,0,13017675
NIFTY-I.NFO,08/05/2025,11:12:06,24478.3,24476,675,24478.2,75,0,13017675
NIFTY-I.NFO,08/05/2025,11:12:08,24478.2,24476,675,24478.2,675,75,13017675
NIFTY-I.NFO,08/05/2025,11:12:09,24478.2,24476,825,24478.1,300,375,13017675
NIFTY-I.NFO,08/05/2025,11:12:11,24476,24476,675,24477.9,300,150,13017675
NIFTY-I.NFO,08/05/2025,11:12:12,24476,24476,675,24477.9,300,0,13017675
NIFTY-I.NFO,08/05/2025,11:12:14,24476.5,24476.5,75,24477.9,300,225,13017675
NIFTY-I.NFO,08/05/2025,11:12:16,24476.5,24476,525,24476.5,375,450,13017675
NIFTY-I.NFO,08/05/2025,11:12:17,24476.5,24476,600,24477.9,300,0,13017675
NIFTY-I.NFO,08/05/2025,11:12:20,24477.9,24476,600,24477.7,300,75,13017675
NIFTY-I.NFO,08/05/2025,11:12:22,24477.9,24476,600,24477.7,300,0,13017675
NIFTY-I.NFO,08/05/2025,11:12:24,24477.9,24476,600,24478,300,0,13017675
NIFTY-I.NFO,08/05/2025,11:12:27,24476,24476,75,24477.9,300,525,13017675
NIFTY-I.NFO,08/05/2025,11:12:29,24476,24475.2,75,24476,450,75,13017675
NIFTY-I.NFO,08/05/2025,11:12:30,24476,24475.2,75,24476,450,0,13017675
NIFTY-I.NFO,08/05/2025,11:12:32,24476,24475.2,75,24476,375,75,13017675
NIFTY-I.NFO,08/05/2025,11:12:34,24475.2,24475,375,24476,375,75,13017675
NIFTY-I.NFO,08/05/2025,11:12:35,24475.2,24475,375,24476,375,0,13017675
NIFTY-I.NFO,08/05/2025,11:12:39,24475,24475,300,24476,375,75,13017675
NIFTY-I.NFO,08/05/2025,11:12:40,24475,24475,300,24476,375,0,13017675
NIFTY-I.NFO,08/05/2025,11:12:50,24475,24475,225,24476,375,0,13017675
NIFTY-I.NFO,08/05/2025,11:12:57,24476,24475,150,24476,225,225,13018425
NIFTY-I.NFO,08/05/2025,11:12:58,24476,24475,150,24476,225,0,13018425
NIFTY-I.NFO,08/05/2025,11:13:03,24475,24475,75,24476,225,75,13018425
NIFTY-I.NFO,08/05/2025,11:13:05,24475,24475,75,24476,225,0,13018425
NIFTY-I.NFO,08/05/2025,11:13:08,24475,24473.7,75,24476,225,75,13018425
NIFTY-I.NFO,08/05/2025,11:13:10,24475,24473.7,75,24476,225,0,13018425
NIFTY-I.NFO,08/05/2025,11:13:13,24475,24473.2,75,24476,225,0,13018425
NIFTY-I.NFO,08/05/2025,11:13:15,24476,24473.2,75,24476,150,75,13018425
NIFTY-I.NFO,08/05/2025,11:13:17,24476,24473.2,75,24476,150,0,13018425
NIFTY-I.NFO,08/05/2025,11:13:19,24473.7,24473.2,75,24473.7,300,150,13018425
NIFTY-I.NFO,08/05/2025,11:13:20,24473.7,24473.2,75,24473.7,300,0,13018425
NIFTY-I.NFO,08/05/2025,11:13:24,24473.7,24472.9,75,24473.7,225,150,13018425
NIFTY-I.NFO,08/05/2025,11:13:25,24473.7,24472.9,75,24473.7,225,0,13018425
NIFTY-I.NFO,08/05/2025,11:13:28,24473.7,24472.9,75,24473.3,75,0,13018425
NIFTY-I.NFO,08/05/2025,11:13:32,24473.7,24472.9,75,24473.1,75,0,13018425
NIFTY-I.NFO,08/05/2025,11:13:33,24472,24472,675,24473.1,75,225,13018425
NIFTY-I.NFO,08/05/2025,11:13:35,24473.1,24472,675,24473,75,75,13018425
NIFTY-I.NFO,08/05/2025,11:13:37,24473.1,24472,675,24475,75,0,13018425
NIFTY-I.NFO,08/05/2025,11:13:42,24473.1,24473,75,24474.9,675,0,13018425
NIFTY-I.NFO,08/05/2025,11:13:45,24474.9,24473,75,24474.9,600,75,13018425
NIFTY-I.NFO,08/05/2025,11:13:47,24474.9,24473,75,24474.9,600,0,13018425
NIFTY-I.NFO,08/05/2025,11:13:48,24474.9,24473,75,24474.9,525,150,13018425
NIFTY-I.NFO,08/05/2025,11:13:50,24474.9,24473,75,24474.9,450,75,13018425
NIFTY-I.NFO,08/05/2025,11:13:52,24474.9,24472.5,75,24474.9,225,375,13018425
NIFTY-I.NFO,08/05/2025,11:13:53,24474.9,24472.4,75,24474.9,225,0,13018425
NIFTY-I.NFO,08/05/2025,11:13:57,24475,24471.1,525,24475,75,2100,13018425
NIFTY-I.NFO,08/05/2025,11:13:58,24475,24471.7,75,24475,75,0,13018425
NIFTY-I.NFO,08/05/2025,11:14:00,24475,24471.9,75,24475,75,0,13018425
NIFTY-I.NFO,08/05/2025,11:14:02,24477.4,24473,150,24477,150,2100,13018425
NIFTY-I.NFO,08/05/2025,11:14:03,24476.9,24473,150,24477,150,75,13018425
NIFTY-I.NFO,08/05/2025,11:14:05,24477,24473,150,24477.3,75,150,13018425
NIFTY-I.NFO,08/05/2025,11:14:07,24477,24473,150,24477.3,75,0,13018425
NIFTY-I.NFO,08/05/2025,11:14:08,24477,24473,150,24476,525,0,13018425
NIFTY-I.NFO,08/05/2025,11:14:15,24477,24473,150,24475,375,0,13018425
NIFTY-I.NFO,08/05/2025,11:14:26,24473,24472.7,75,24475,375,150,13018425
NIFTY-I.NFO,08/05/2025,11:14:28,24473,24472.7,75,24475,375,0,13018425
NIFTY-I.NFO,08/05/2025,11:14:31,24473,24472.3,75,24475,375,0,13018425
NIFTY-I.NFO,08/05/2025,11:14:33,24473,24472,75,24475,375,0,13018425
NIFTY-I.NFO,08/05/2025,11:14:35,24473,24472.1,75,24474.9,450,0,13018425
NIFTY-I.NFO,08/05/2025,11:14:36,24472.1,24471.6,75,24474.9,300,300,13018425
NIFTY-I.NFO,08/05/2025,11:14:38,24474.9,24471.5,75,24474.9,150,225,13018425
NIFTY-I.NFO,08/05/2025,11:14:39,24474.9,24471.4,75,24474.9,150,0,13018425
NIFTY-I.NFO,08/05/2025,11:14:43,24474.9,24471.1,75,24474.4,300,150,13018425
NIFTY-I.NFO,08/05/2025,11:14:44,24474.4,24471,75,24474.4,225,150,13018425
NIFTY-I.NFO,08/05/2025,11:14:46,24475.9,24471,450,24476,525,675,13018425
NIFTY-I.NFO,08/05/2025,11:14:48,24471,24471.1,75,24474.9,525,75,13018425
NIFTY-I.NFO,08/05/2025,11:14:49,24471,24471.3,75,24474.9,525,0,13018425
NIFTY-I.NFO,08/05/2025,11:14:51,24471,24471.5,75,24474.9,525,0,13018425
NIFTY-I.NFO,08/05/2025,11:14:53,24471,24471.1,75,24474.9,525,0,13018425
NIFTY-I.NFO,08/05/2025,11:14:54,24474.9,24471.1,75,24474.9,450,150,13018425
NIFTY-I.NFO,08/05/2025,11:14:56,24474.9,24471.4,375,24474.9,450,0,13018425
NIFTY-I.NFO,08/05/2025,11:14:58,24474.5,24471.3,75,24474.5,225,75,13018425
NIFTY-I.NFO,08/05/2025,11:14:59,24474.5,24471.1,75,24474.5,150,75,13018425
NIFTY-I.NFO,08/05/2025,11:15:01,24474.5,24471.3,75,24474.5,150,0,13018425
NIFTY-I.NFO,08/05/2025,11:15:03,24474.5,24474,150,24474.5,75,75,13018425
NIFTY-I.NFO,08/05/2025,11:15:04,24474,24471.4,75,24474,300,150,13018425
NIFTY-I.NFO,08/05/2025,11:15:06,24474,24471.5,75,24474,150,225,13018425
NIFTY-I.NFO,08/05/2025,11:15:07,24474,24471.4,75,24474,150,0,13018425
NIFTY-I.NFO,08/05/2025,11:15:09,24474,24471.8,75,24474,225,0,13018425
NIFTY-I.NFO,08/05/2025,11:15:11,24474,24471.7,75,24474,150,150,13018425
NIFTY-I.NFO,08/05/2025,11:15:12,24474,24471.6,150,24474.5,150,225,13018425
NIFTY-I.NFO,08/05/2025,11:15:14,24474.9,24471.7,75,24474.9,75,375,13018425
NIFTY-I.NFO,08/05/2025,11:15:15,24474.9,24471.7,150,24476.7,75,150,13018425
NIFTY-I.NFO,08/05/2025,11:15:17,24474.9,24471.9,75,24476.9,75,0,13018425
NIFTY-I.NFO,08/05/2025,11:15:19,24474.9,24471.7,75,24476.8,75,0,13018425
NIFTY-I.NFO,08/05/2025,11:15:20,24474.9,24471.8,75,24476.9,75,0,13018425
NIFTY-I.NFO,08/05/2025,11:15:22,24474.9,24472.2,75,24476,75,0,13018425
NIFTY-I.NFO,08/05/2025,11:15:23,24476,24472,75,24477,75,75,13018425
NIFTY-I.NFO,08/05/2025,11:15:25,24476,24472,75,24477,75,0,13018425
NIFTY-I.NFO,08/05/2025,11:15:26,24476,24472,150,24477,75,0,13018425
NIFTY-I.NFO,08/05/2025,11:15:28,24476,24472.3,75,24477,75,0,13018425
NIFTY-I.NFO,08/05/2025,11:15:30,24476,24472.4,75,24476,525,0,13018425
NIFTY-I.NFO,08/05/2025,11:15:31,24476,24472.5,75,24476,525,0,13018425
NIFTY-I.NFO,08/05/2025,11:15:33,24476,24472.5,150,24476,525,0,13018425
NIFTY-I.NFO,08/05/2025,11:15:48,24472.5,24472.5,75,24476,525,75,13019025
NIFTY-I.NFO,08/05/2025,11:15:49,24472.5,24472.5,75,24476,525,0,13019025
NIFTY-I.NFO,08/05/2025,11:15:54,24472.5,24472.5,150,24476,525,0,13019025
NIFTY-I.NFO,08/05/2025,11:15:56,24472.5,24472.5,225,24476,525,0,13019025
NIFTY-I.NFO,08/05/2025,11:15:58,24472.5,24472.5,225,24475,525,0,13019025
NIFTY-I.NFO,08/05/2025,11:15:59,24472.5,24473,75,24475,525,0,13019025
NIFTY-I.NFO,08/05/2025,11:16:01,24472.5,24473,75,24474.5,75,0,13019025
NIFTY-I.NFO,08/05/2025,11:16:03,24472.5,24473,225,24474.5,75,0,13019025
NIFTY-I.NFO,08/05/2025,11:16:07,24474.5,24473,150,24475,525,150,13019025
NIFTY-I.NFO,08/05/2025,11:16:09,24474.5,24473,150,24475,525,0,13019025
NIFTY-I.NFO,08/05/2025,11:16:15,24474.5,24473,150,24474.5,150,0,13019025
NIFTY-I.NFO,08/05/2025,11:16:17,24473,24472.6,300,24474.5,150,1500,13019025
NIFTY-I.NFO,08/05/2025,11:16:19,24472.6,24472.6,150,24474.5,150,150,13019025
NIFTY-I.NFO,08/05/2025,11:16:20,24472.6,24472.6,150,24474.5,150,0,13019025
NIFTY-I.NFO,08/05/2025,11:16:22,24472.6,24472.6,75,24474.5,150,75,13019025
NIFTY-I.NFO,08/05/2025,11:16:23,24472.6,24472.6,75,24474.5,150,0,13019025
NIFTY-I.NFO,08/05/2025,11:16:25,24474.5,24472.6,75,24474.5,75,75,13019025
NIFTY-I.NFO,08/05/2025,11:16:27,24472.6,24472.6,75,24474.5,75,75,13019025
NIFTY-I.NFO,08/05/2025,11:16:28,24472.6,24472.6,75,24474.5,75,0,13019025
NIFTY-I.NFO,08/05/2025,11:16:30,24472.6,24472.6,150,24474.5,75,0,13019025
NIFTY-I.NFO,08/05/2025,11:16:32,24474.5,24472.6,150,24475,600,75,13019025
NIFTY-I.NFO,08/05/2025,11:16:33,24474.5,24472.6,150,24475,600,0,13019025
NIFTY-I.NFO,08/05/2025,11:16:35,24475,24472.6,150,24475,525,75,13019025
NIFTY-I.NFO,08/05/2025,11:16:37,24475,24472.6,150,24475,525,0,13019025
NIFTY-I.NFO,08/05/2025,11:16:38,24475,24472.6,150,24475,375,150,13019025
NIFTY-I.NFO,08/05/2025,11:16:40,24475,24472.6,150,24474.5,75,0,13019025
NIFTY-I.NFO,08/05/2025,11:16:42,24474.5,24474,75,24475,375,75,13019025
NIFTY-I.NFO,08/05/2025,11:16:46,24474,24474,75,24476.8,150,450,13019025
NIFTY-I.NFO,08/05/2025,11:16:48,24474.5,24474,75,24476.8,150,75,13019025
NIFTY-I.NFO,08/05/2025,11:16:50,24474.5,24474,75,24475,75,0,13019025
NIFTY-I.NFO,08/05/2025,11:16:51,24474.5,24474,75,24475,150,0,13019025
NIFTY-I.NFO,08/05/2025,11:16:56,24474,24474,75,24475,75,150,13019025
NIFTY-I.NFO,08/05/2025,11:16:58,24475,24474,75,24476.9,525,75,13019025
NIFTY-I.NFO,08/05/2025,11:17:00,24475,24474,75,24476.9,525,0,13019025
NIFTY-I.NFO,08/05/2025,11:17:01,24474,24474,75,24476.7,300,75,13019025
NIFTY-I.NFO,08/05/2025,11:17:03,24474,24474,75,24476.7,300,0,13019025
NIFTY-I.NFO,08/05/2025,11:17:11,24476.7,24474,75,24476.7,150,1950,13019025
NIFTY-I.NFO,08/05/2025,11:17:13,24476.7,24474.1,75,24476.7,75,75,13019025
NIFTY-I.NFO,08/05/2025,11:17:15,24476.7,24474.1,75,24476.9,525,675,13019025
NIFTY-I.NFO,08/05/2025,11:17:16,24476.7,24474.1,75,24477,75,0,13019025
NIFTY-I.NFO,08/05/2025,11:17:20,24478,24474.1,75,24478,225,150,13019025
NIFTY-I.NFO,08/05/2025,11:17:21,24478,24474.1,75,24478,225,0,13019025
NIFTY-I.NFO,08/05/2025,11:17:25,24478,24474.1,75,24477.9,525,0,13019025
NIFTY-I.NFO,08/05/2025,11:17:33,24474,24473.2,750,24477.9,525,150,13019025
NIFTY-I.NFO,08/05/2025,11:17:35,24474,24473.4,750,24477.9,525,0,13019025
NIFTY-I.NFO,08/05/2025,11:17:36,24474,24473.6,150,24477.9,525,0,13019025
NIFTY-I.NFO,08/05/2025,11:17:38,24473.5,24473.5,150,24477.9,525,150,13019025
NIFTY-I.NFO,08/05/2025,11:17:40,24477.9,24473.5,975,24477.9,150,1875,13019025
NIFTY-I.NFO,08/05/2025,11:17:41,24477.9,24473.4,975,24477.9,150,0,13019025
NIFTY-I.NFO,08/05/2025,11:17:43,24477.9,24472.7,975,24477.9,150,0,13019025
NIFTY-I.NFO,08/05/2025,11:17:45,24477.9,24472.7,75,24477.9,150,0,13019025
NIFTY-I.NFO,08/05/2025,11:17:46,24477.9,24472.4,75,24477.9,150,0,13019025
NIFTY-I.NFO,08/05/2025,11:17:48,24477.9,24472.6,750,24478,150,750,13019025
NIFTY-I.NFO,08/05/2025,11:17:50,24477.9,24472.6,675,24478,150,0,13019025
NIFTY-I.NFO,08/05/2025,11:17:51,24478,24478,600,24478.7,225,150,13019025
NIFTY-I.NFO,08/05/2025,11:17:53,24478,24478,600,24479.2,150,0,13019025
NIFTY-I.NFO,08/05/2025,11:17:55,24478,24478,300,24479.2,750,300,13019025
NIFTY-I.NFO,08/05/2025,11:17:56,24473.4,24473.4,675,24479.2,225,1125,13019025
NIFTY-I.NFO,08/05/2025,11:17:58,24473.4,24473.3,975,24479.3,600,0,13019025
NIFTY-I.NFO,08/05/2025,11:18:00,24479.4,24473.3,975,24479.3,675,75,13019025
NIFTY-I.NFO,08/05/2025,11:18:01,24479.4,24473.2,975,24479.3,600,0,13019025
NIFTY-I.NFO,08/05/2025,11:18:03,24479.4,24473.2,1275,24479.4,150,0,13019025
NIFTY-I.NFO,08/05/2025,11:18:05,24479.4,24473.4,825,24479.4,150,0,13019025
NIFTY-I.NFO,08/05/2025,11:18:06,24479.4,24473.4,1200,24479,600,0,13019025
NIFTY-I.NFO,08/05/2025,11:18:08,24479.4,24473.4,825,24479,600,0,13019025
NIFTY-I.NFO,08/05/2025,11:18:09,24479,24474,1050,24479,450,150,13019025
NIFTY-I.NFO,08/05/2025,11:18:11,24478.8,24474,225,24478,1425,75,13019025
NIFTY-I.NFO,08/05/2025,11:18:13,24478.8,24475,75,24478,1425,0,13019025
NIFTY-I.NFO,08/05/2025,11:18:14,24478.8,24475,75,24477.9,525,0,13019025
NIFTY-I.NFO,08/05/2025,11:18:16,24475.1,24475,75,24477.9,525,75,13019025
NIFTY-I.NFO,08/05/2025,11:18:18,24475.1,24475,75,24477.9,525,0,13019025
NIFTY-I.NFO,08/05/2025,11:18:19,24475,24474.2,75,24477.9,525,750,13019025
NIFTY-I.NFO,08/05/2025,11:18:21,24475,24474.6,75,24478,1425,150,13019025
NIFTY-I.NFO,08/05/2025,11:18:23,24475,24474.6,75,24478,1425,0,13019025
NIFTY-I.NFO,08/05/2025,11:18:26,24475,24475.1,75,24478,1425,0,13019025
NIFTY-I.NFO,08/05/2025,11:18:28,24475,24475.1,150,24478,1425,0,13019025
NIFTY-I.NFO,08/05/2025,11:18:29,24475,24475.1,150,24477.9,450,0,13019025
NIFTY-I.NFO,08/05/2025,11:18:37,24478,24476.1,375,24479,300,1875,13019025
NIFTY-I.NFO,08/05/2025,11:18:38,24476.1,24475.1,75,24479,300,75,13019025
NIFTY-I.NFO,08/05/2025,11:18:40,24476.1,24475.1,75,24479,300,0,13019025
NIFTY-I.NFO,08/05/2025,11:18:42,24479,24475,75,24479,150,150,13019025
NIFTY-I.NFO,08/05/2025,11:18:43,24479,24475.2,75,24479,150,0,13019025
NIFTY-I.NFO,08/05/2025,11:18:45,24479,24475,450,24479,225,0,13019025
NIFTY-I.NFO,08/05/2025,11:18:46,24479,24476,75,24477,75,0,13019025
NIFTY-I.NFO,08/05/2025,11:18:48,24475,24474.8,75,24479,225,450,13021875
NIFTY-I.NFO,08/05/2025,11:18:50,24475,24475.3,75,24479,225,0,13021875
NIFTY-I.NFO,08/05/2025,11:18:51,24475,24475.2,75,24479,225,0,13021875
NIFTY-I.NFO,08/05/2025,11:18:53,24475,24475.1,75,24479,300,0,13021875
NIFTY-I.NFO,08/05/2025,11:18:54,24479,24475.1,75,24479,225,150,13021875
NIFTY-I.NFO,08/05/2025,11:18:56,24479,24475.3,75,24478.9,75,0,13021875
NIFTY-I.NFO,08/05/2025,11:18:58,24479,24476.3,75,24478,1050,0,13021875
NIFTY-I.NFO,08/05/2025,11:18:59,24479,24476.2,75,24478,1050,0,13021875
NIFTY-I.NFO,08/05/2025,11:19:01,24478,24476.4,75,24478,675,375,13021875
NIFTY-I.NFO,08/05/2025,11:19:02,24478,24476.6,75,24478,675,0,13021875
NIFTY-I.NFO,08/05/2025,11:19:05,24478,24475.5,75,24478.9,75,675,13021875
NIFTY-I.NFO,08/05/2025,11:19:07,24478,24475.5,375,24479,225,0,13021875
NIFTY-I.NFO,08/05/2025,11:19:09,24480,24478.2,75,24480,150,900,13021875
NIFTY-I.NFO,08/05/2025,11:19:10,24480,24477.3,450,24480,75,75,13021875
NIFTY-I.NFO,08/05/2025,11:19:12,24480,24478.6,75,24480,75,0,13021875
NIFTY-I.NFO,08/05/2025,11:19:14,24480,24479,375,24480,75,0,13021875
NIFTY-I.NFO,08/05/2025,11:19:15,24482.5,24477.3,75,24482.9,600,1050,13021875
NIFTY-I.NFO,08/05/2025,11:19:17,24482.9,24478.7,75,24480,75,150,13021875
NIFTY-I.NFO,08/05/2025,11:19:18,24478.6,24478.7,75,24480,75,300,13021875
NIFTY-I.NFO,08/05/2025,11:19:20,24478.6,24478.7,75,24479.9,75,0,13021875
NIFTY-I.NFO,08/05/2025,11:19:25,24482.8,24478.7,75,24482.4,375,450,13021875
NIFTY-I.NFO,08/05/2025,11:19:27,24479,24479,75,24482.6,525,75,13021875
NIFTY-I.NFO,08/05/2025,11:19:28,24479,24479,75,24482.6,525,0,13021875
NIFTY-I.NFO,08/05/2025,11:19:30,24479,24479,150,24482.6,525,0,13021875
NIFTY-I.NFO,08/05/2025,11:19:32,24484.3,24479,300,24482.9,300,5025,13021875
NIFTY-I.NFO,08/05/2025,11:19:33,24479,24480,75,24482.9,300,75,13021875
NIFTY-I.NFO,08/05/2025,11:19:35,24479,24480,75,24482.9,300,0,13021875
NIFTY-I.NFO,08/05/2025,11:19:37,24479,24483,375,24483.5,300,0,13021875
NIFTY-I.NFO,08/05/2025,11:19:38,24479,24483,525,24483.5,300,0,13021875
NIFTY-I.NFO,08/05/2025,11:19:40,24483,24480.1,300,24482.8,300,600,13021875
NIFTY-I.NFO,08/05/2025,11:19:42,24483,24480.1,300,24482.8,300,0,13021875
NIFTY-I.NFO,08/05/2025,11:19:43,24482.8,24480.1,300,24483.3,300,150,13021875
NIFTY-I.NFO,08/05/2025,11:19:45,24482.8,24480.1,300,24483.3,300,0,13021875
NIFTY-I.NFO,08/05/2025,11:19:47,24483.5,24480.1,300,24483.6,300,300,13021875
NIFTY-I.NFO,08/05/2025,11:19:48,24483.5,24480.1,300,24483.5,225,0,13021875
NIFTY-I.NFO,08/05/2025,11:19:50,24480.1,24480.1,225,24483.5,300,75,13021875
NIFTY-I.NFO,08/05/2025,11:19:51,24480.1,24480.1,225,24482.9,300,0,13021875
NIFTY-I.NFO,08/05/2025,11:19:53,24480.1,24480.1,300,24482.9,300,0,13021875
NIFTY-I.NFO,08/05/2025,11:19:55,24482.9,24480.1,300,24483,75,75,13021875
NIFTY-I.NFO,08/05/2025,11:19:56,24481.4,24480.1,225,24483,75,150,13021875
NIFTY-I.NFO,08/05/2025,11:19:58,24483.1,24480.1,225,24483.6,300,450,13021875
NIFTY-I.NFO,08/05/2025,11:20:00,24483.6,24480.1,225,24483.7,1050,75,13021875
NIFTY-I.NFO,08/05/2025,11:20:01,24480.1,24480.1,75,24483,75,150,13021875
NIFTY-I.NFO,08/05/2025,11:20:03,24480.1,24480.1,150,24483,75,0,13021875
NIFTY-I.NFO,08/05/2025,11:20:05,24482.1,24480.1,150,24483,600,75,13021875
NIFTY-I.NFO,08/05/2025,11:20:06,24483,24481.4,75,24483,525,150,13021875
NIFTY-I.NFO,08/05/2025,11:20:08,24483,24481.4,225,24483,225,0,13021875
NIFTY-I.NFO,08/05/2025,11:20:10,24483,24482.6,75,24483,300,0,13021875
NIFTY-I.NFO,08/05/2025,11:20:13,24483,24482.6,225,24483,75,75,13021875
NIFTY-I.NFO,08/05/2025,11:20:14,24482.6,24482.6,150,24483,75,75,13021875
NIFTY-I.NFO,08/05/2025,11:20:16,24480.1,24480.1,375,24482,375,225,13021875
NIFTY-I.NFO,08/05/2025,11:20:18,24482,24480.1,225,24482,150,225,13021875
NIFTY-I.NFO,08/05/2025,11:20:19,24482,24480.1,150,24482,75,75,13021875
NIFTY-I.NFO,08/05/2025,11:20:21,24482,24481.4,75,24482,75,0,13021875
NIFTY-I.NFO,08/05/2025,11:20:22,24482,24481.4,75,24482,75,75,13021875
NIFTY-I.NFO,08/05/2025,11:20:24,24482,24482.6,75,24483,75,75,13021875
NIFTY-I.NFO,08/05/2025,11:20:26,24482,24482.6,75,24483,75,0,13021875
NIFTY-I.NFO,08/05/2025,11:20:27,24482,24480,450,24482,375,150,13021875
NIFTY-I.NFO,08/05/2025,11:20:29,24482,24480,150,24482,375,0,13021875
NIFTY-I.NFO,08/05/2025,11:20:31,24480.4,24480.9,150,24483.3,75,525,13021875
NIFTY-I.NFO,08/05/2025,11:20:32,24483.3,24480.2,450,24484,75,75,13021875
NIFTY-I.NFO,08/05/2025,11:20:34,24483.3,24480.3,75,24484,75,0,13021875
NIFTY-I.NFO,08/05/2025,11:20:37,24483.3,24480.5,75,24483.3,75,0,13021875
NIFTY-I.NFO,08/05/2025,11:20:41,24483.3,24483,75,24483.3,75,0,13021875
NIFTY-I.NFO,08/05/2025,11:20:42,24483,24480.5,150,24485,1050,300,13021875
NIFTY-I.NFO,08/05/2025,11:20:44,24485,24480.5,75,24485,300,750,13021875
NIFTY-I.NFO,08/05/2025,11:20:46,24485,24480.5,75,24485,225,75,13021875
NIFTY-I.NFO,08/05/2025,11:20:47,24485,24480.5,75,24485,150,0,13021875
NIFTY-I.NFO,08/05/2025,11:20:49,24485,24480.5,75,24485.1,75,150,13021875
NIFTY-I.NFO,08/05/2025,11:20:51,24480.5,24480,150,24485,75,75,13021875
NIFTY-I.NFO,08/05/2025,11:20:52,24485,24480,150,24485,75,75,13021875
NIFTY-I.NFO,08/05/2025,11:20:54,24485,24480,150,24485,75,0,13021875
NIFTY-I.NFO,08/05/2025,11:20:55,24485,24483.2,75,24484.2,75,0,13021875
NIFTY-I.NFO,08/05/2025,11:20:57,24485,24483.2,75,24485,150,0,13021875
NIFTY-I.NFO,08/05/2025,11:20:59,24479.5,24480,150,24485.6,75,1275,13021875
NIFTY-I.NFO,08/05/2025,11:21:00,24479.5,24479.7,450,24485,525,0,13021875
NIFTY-I.NFO,08/05/2025,11:21:02,24479.5,24479.6,675,24485,525,0,13021875
NIFTY-I.NFO,08/05/2025,11:21:04,24485,24479.7,750,24485,450,150,13021875
NIFTY-I.NFO,08/05/2025,11:21:05,24485,24480,150,24485,375,75,13021875
NIFTY-I.NFO,08/05/2025,11:21:12,24485,24480.3,975,24485,450,0,13021875
NIFTY-I.NFO,08/05/2025,11:21:14,24485,24480.4,1050,24485,450,0,13021875
NIFTY-I.NFO,08/05/2025,11:21:15,24485,24480.6,750,24485,450,0,13021875
NIFTY-I.NFO,08/05/2025,11:21:17,24485,24480.3,450,24485,450,0,13021875
NIFTY-I.NFO,08/05/2025,11:21:19,24485,24480.1,75,24485,450,0,13021875
NIFTY-I.NFO,08/05/2025,11:21:20,24485,24480.1,75,24485,525,0,13021875
NIFTY-I.NFO,08/05/2025,11:21:22,24480.1,24480,75,24485,450,150,13021875
NIFTY-I.NFO,08/05/2025,11:21:23,24480.1,24480,1275,24485,450,0,13021875
NIFTY-I.NFO,08/05/2025,11:21:25,24485,24480,450,24485,450,75,13021875
NIFTY-I.NFO,08/05/2025,11:21:26,24480.2,24480,150,24485,450,75,13021875
NIFTY-I.NFO,08/05/2025,11:21:28,24480.2,24480,150,24485,450,0,13021875
NIFTY-I.NFO,08/05/2025,11:21:30,24480,24480,75,24485,450,75,13021875
NIFTY-I.NFO,08/05/2025,11:21:31,24485,24480.2,225,24485,225,300,13021875
NIFTY-I.NFO,08/05/2025,11:21:33,24480.2,24480.2,150,24484.9,450,75,13021875
NIFTY-I.NFO,08/05/2025,11:21:35,24485,24480.3,75,24485,600,600,13021875
NIFTY-I.NFO,08/05/2025,11:21:36,24485,24480.3,75,24485,300,450,13021875
NIFTY-I.NFO,08/05/2025,11:21:38,24485,24480.3,75,24485,300,0,13021875
NIFTY-I.NFO,08/05/2025,11:21:41,24485,24482,75,24485,300,0,13021875
NIFTY-I.NFO,08/05/2025,11:21:43,24485,24482,75,24485,375,0,13021875
NIFTY-I.NFO,08/05/2025,11:21:45,24485,24482,75,24485,525,0,13021875
NIFTY-I.NFO,08/05/2025,11:21:46,24485,24482,75,24485,600,0,13021875
NIFTY-I.NFO,08/05/2025,11:21:48,24485,24482,75,24484.9,1050,0,13021875
NIFTY-I.NFO,08/05/2025,11:21:51,24484.9,24482,75,24484.9,750,300,13025400
NIFTY-I.NFO,08/05/2025,11:21:53,24484.9,24482,75,24484.9,600,150,13025400
NIFTY-I.NFO,08/05/2025,11:21:54,24484.9,24482,75,24484.9,600,0,13025400
NIFTY-I.NFO,08/05/2025,11:21:56,24482,24480.3,75,24484.9,600,75,13025400
NIFTY-I.NFO,08/05/2025,11:21:58,24482,24480.3,75,24484.9,600,0,13025400
NIFTY-I.NFO,08/05/2025,11:21:59,24480.3,24480.2,150,24484.9,600,75,13025400
NIFTY-I.NFO,08/05/2025,11:22:01,24480.3,24480.2,150,24484.9,600,0,13025400
NIFTY-I.NFO,08/05/2025,11:22:04,24484.9,24480.2,150,24484.9,450,150,13025400
NIFTY-I.NFO,08/05/2025,11:22:06,24484.9,24480.3,75,24484.9,375,150,13025400
NIFTY-I.NFO,08/05/2025,11:22:08,24484.9,24480.3,375,24484,75,0,13025400
NIFTY-I.NFO,08/05/2025,11:22:09,24484.9,24480.4,375,24484,75,0,13025400
NIFTY-I.NFO,08/05/2025,11:22:11,24484.9,24480.4,75,24484,450,0,13025400
NIFTY-I.NFO,08/05/2025,11:22:12,24484,24480,450,24484,375,1125,13025400
NIFTY-I.NFO,08/05/2025,11:22:14,24483.9,24480,450,24483.9,225,150,13025400
NIFTY-I.NFO,08/05/2025,11:22:16,24483.9,24480,450,24483.9,225,0,13025400
NIFTY-I.NFO,08/05/2025,11:22:19,24483.9,24480.2,75,24483.9,225,0,13025400
NIFTY-I.NFO,08/05/2025,11:22:21,24483.9,24480.2,150,24483.9,225,0,13025400
NIFTY-I.NFO,08/05/2025,11:22:22,24483.9,24480.4,75,24483.9,225,0,13025400
NIFTY-I.NFO,08/05/2025,11:22:24,24483.9,24480.5,75,24483.9,150,75,13025400
NIFTY-I.NFO,08/05/2025,11:22:25,24483.9,24480.6,150,24483.9,150,0,13025400
NIFTY-I.NFO,08/05/2025,11:22:27,24483.9,24480.6,150,24484.8,75,150,13025400
NIFTY-I.NFO,08/05/2025,11:22:29,24485,24480.6,150,24485,375,300,13025400
NIFTY-I.NFO,08/05/2025,11:22:30,24485,24480.6,75,24484.9,1050,0,13025400
NIFTY-I.NFO,08/05/2025,11:22:34,24484,24480.6,75,24484.9,1125,75,13025400
NIFTY-I.NFO,08/05/2025,11:22:35,24480.6,24480,450,24484.7,75,600,13025400
NIFTY-I.NFO,08/05/2025,11:22:37,24480.6,24480,450,24483.7,75,0,13025400
NIFTY-I.NFO,08/05/2025,11:22:42,24480.6,24480.1,75,24483.7,75,0,13025400
NIFTY-I.NFO,08/05/2025,11:22:45,24480.6,24480.6,75,24483.7,75,0,13025400
NIFTY-I.NFO,08/05/2025,11:22:47,24480.6,24480.6,150,24483.7,75,0,13025400
NIFTY-I.NFO,08/05/2025,11:22:50,24480.6,24480.6,150,24483,1050,0,13025400
NIFTY-I.NFO,08/05/2025,11:22:52,24480.6,24480.6,75,24483,1050,75,13025400
NIFTY-I.NFO,08/05/2025,11:22:53,24480.6,24480.6,75,24483,1050,0,13025400
NIFTY-I.NFO,08/05/2025,11:22:58,24483,24480,450,24483,975,150,13025400
NIFTY-I.NFO,08/05/2025,11:23:00,24480.1,24480,450,24483,900,300,13025400
NIFTY-I.NFO,08/05/2025,11:23:01,24480.1,24480,450,24482.9,75,0,13025400
NIFTY-I.NFO,08/05/2025,11:23:03,24480,24480.1,75,24482.9,75,75,13025400
NIFTY-I.NFO,08/05/2025,11:23:04,24480.1,24480,375,24482.9,75,75,13025400
NIFTY-I.NFO,08/05/2025,11:23:06,24480.1,24480,675,24482.9,75,0,13025400
NIFTY-I.NFO,08/05/2025,11:23:08,24480,24480,300,24482.9,75,75,13025400
NIFTY-I.NFO,08/05/2025,11:23:09,24480,24480,600,24482.9,75,0,13025400
NIFTY-I.NFO,08/05/2025,11:23:13,24482.9,24481.1,150,24484,675,75,13025400
NIFTY-I.NFO,08/05/2025,11:23:18,24484,24482.9,300,24484,525,150,13025400
NIFTY-I.NFO,08/05/2025,11:23:19,24484,24482.9,300,24484,450,75,13025400
NIFTY-I.NFO,08/05/2025,11:23:21,24483.9,24482.9,375,24484,450,75,13025400
NIFTY-I.NFO,08/05/2025,11:23:22,24483.9,24482.9,375,24484,450,0,13025400
NIFTY-I.NFO,08/05/2025,11:23:26,24484,24482.9,375,24484,375,75,13025400
NIFTY-I.NFO,08/05/2025,11:23:27,24484,24482.9,375,24484,675,0,13025400
NIFTY-I.NFO,08/05/2025,11:23:29,24484,24482.9,375,24483.9,900,0,13025400
NIFTY-I.NFO,08/05/2025,11:23:31,24482.9,24482.9,225,24483.9,900,150,13025400
NIFTY-I.NFO,08/05/2025,11:23:32,24482.9,24482.9,225,24483.9,900,0,13025400
NIFTY-I.NFO,08/05/2025,11:23:34,24482.9,24480.6,150,24483.9,900,225,13025400
NIFTY-I.NFO,08/05/2025,11:23:35,24480.6,24480.5,75,24483.9,900,150,13025400
NIFTY-I.NFO,08/05/2025,11:23:37,24483.9,24480.5,75,24483.9,825,75,13025400
NIFTY-I.NFO,08/05/2025,11:23:39,24483.9,24480.5,75,24483.9,825,0,13025400
NIFTY-I.NFO,08/05/2025,11:23:40,24483.9,24480.6,75,24483.9,825,0,13025400
NIFTY-I.NFO,08/05/2025,11:23:44,24480.6,24480.5,75,24483,75,75,13025400
NIFTY-I.NFO,08/05/2025,11:23:45,24483.9,24480.5,75,24483,75,150,13025400
NIFTY-I.NFO,08/05/2025,11:23:47,24483.9,24480.6,975,24483,75,0,13025400
NIFTY-I.NFO,08/05/2025,11:23:49,24480.6,24480.5,75,24483,75,75,13025400
NIFTY-I.NFO,08/05/2025,11:23:50,24480.1,24480.1,600,24483,75,225,13025400
NIFTY-I.NFO,08/05/2025,11:23:52,24480.1,24481,75,24483,75,0,13025400
NIFTY-I.NFO,08/05/2025,11:23:58,24481,24480.2,600,24483,75,75,13025400
NIFTY-I.NFO,08/05/2025,11:24:00,24481,24480.1,600,24483,75,0,13025400
NIFTY-I.NFO,08/05/2025,11:24:02,24483,24482.1,75,24483.8,150,75,13025400
NIFTY-I.NFO,08/05/2025,11:24:03,24483.8,24482.5,75,24484,825,150,13025400
NIFTY-I.NFO,08/05/2025,11:24:05,24483.8,24482.4,75,24484,825,0,13025400
NIFTY-I.NFO,08/05/2025,11:24:06,24483.8,24483,75,24483.1,75,0,13025400
NIFTY-I.NFO,08/05/2025,11:24:08,24483.1,24483,75,24483.5,300,75,13025400
NIFTY-I.NFO,08/05/2025,11:24:10,24483.1,24483,75,24483.5,300,0,13025400
NIFTY-I.NFO,08/05/2025,11:24:11,24483,24482.1,75,24483,225,75,13025400
NIFTY-I.NFO,08/05/2025,11:24:13,24483,24482,75,24483,225,0,13025400
NIFTY-I.NFO,08/05/2025,11:24:14,24483,24482,75,24483,300,0,13025400
NIFTY-I.NFO,08/05/2025,11:24:16,24483,24481.9,75,24483,300,0,13025400
NIFTY-I.NFO,08/05/2025,11:24:18,24483,24481.7,75,24483,300,0,13025400
NIFTY-I.NFO,08/05/2025,11:24:19,24483,24481.6,75,24483,300,0,13025400
NIFTY-I.NFO,08/05/2025,11:24:21,24483,24481.4,75,24483,75,0,13025400
NIFTY-I.NFO,08/05/2025,11:24:23,24483,24481.4,75,24483.5,300,75,13025400
NIFTY-I.NFO,08/05/2025,11:24:24,24483,24481.4,75,24483.5,300,0,13025400
NIFTY-I.NFO,08/05/2025,11:24:26,24483,24481.8,75,24483.5,300,0,13025400
NIFTY-I.NFO,08/05/2025,11:24:29,24483,24482.6,75,24483.5,300,0,13025400
NIFTY-I.NFO,08/05/2025,11:24:31,24483.5,24482.6,75,24483.5,225,75,13025400
NIFTY-I.NFO,08/05/2025,11:24:33,24483.5,24482.5,75,24483.5,225,0,13025400
NIFTY-I.NFO,08/05/2025,11:24:34,24483.5,24482.5,75,24483.5,150,75,13025400
NIFTY-I.NFO,08/05/2025,11:24:36,24483.5,24483,75,24483.5,150,0,13025400
NIFTY-I.NFO,08/05/2025,11:24:39,24483,24482.8,75,24483.5,150,75,13025400
NIFTY-I.NFO,08/05/2025,11:24:41,24483,24482.7,75,24483,150,0,13025400
NIFTY-I.NFO,08/05/2025,11:24:43,24483,24482.8,75,24483.5,150,150,13025400
NIFTY-I.NFO,08/05/2025,11:24:44,24483,24482.7,75,24483,75,0,13025400
NIFTY-I.NFO,08/05/2025,11:24:46,24483,24482.7,75,24483,75,75,13028925
NIFTY-I.NFO,08/05/2025,11:24:48,24483,24482.8,75,24483,150,0,13028925
NIFTY-I.NFO,08/05/2025,11:24:49,24483,24483,75,24483.5,150,150,13028925
NIFTY-I.NFO,08/05/2025,11:24:51,24483,24483.1,75,24483.5,150,75,13028925
NIFTY-I.NFO,08/05/2025,11:24:53,24483.3,24483.2,75,24483.4,75,150,13028925
NIFTY-I.NFO,08/05/2025,11:24:54,24483.3,24483.1,75,24483.3,75,0,13028925
NIFTY-I.NFO,08/05/2025,11:24:56,24483.3,24483.4,75,24483.5,150,150,13028925
NIFTY-I.NFO,08/05/2025,11:24:58,24483.4,24483.4,75,24483.5,150,150,13028925
NIFTY-I.NFO,08/05/2025,11:24:59,24483.9,24483.4,75,24484,450,225,13028925
NIFTY-I.NFO,08/05/2025,11:25:01,24483.9,24483.4,75,24484,450,0,13028925
NIFTY-I.NFO,08/05/2025,11:25:03,24483.3,24483.3,75,24484,450,150,13028925
NIFTY-I.NFO,08/05/2025,11:25:04,24483.3,24483.6,75,24484,450,0,13028925
NIFTY-I.NFO,08/05/2025,11:25:06,24487.6,24483,225,24488,2400,1425,13028925
NIFTY-I.NFO,08/05/2025,11:25:08,24485,24485,75,24487,75,150,13028925
NIFTY-I.NFO,08/05/2025,11:25:09,24488,24484,75,24488,2400,300,13028925
NIFTY-I.NFO,08/05/2025,11:25:11,24485.5,24484,75,24488,2325,450,13028925
NIFTY-I.NFO,08/05/2025,11:25:13,24488,24484,75,24487,525,150,13028925
NIFTY-I.NFO,08/05/2025,11:25:14,24487,24484,75,24487,450,150,13028925
NIFTY-I.NFO,08/05/2025,11:25:16,24487,24484,75,24487,450,0,13028925
NIFTY-I.NFO,08/05/2025,11:25:18,24487,24484,75,24487,375,75,13028925
NIFTY-I.NFO,08/05/2025,11:25:19,24487,24484,75,24487,375,0,13028925
NIFTY-I.NFO,08/05/2025,11:25:22,24487,24485,75,24487,300,75,13028925
NIFTY-I.NFO,08/05/2025,11:25:24,24487,24485,225,24487,150,150,13028925
NIFTY-I.NFO,08/05/2025,11:25:26,24481.2,24481.5,75,24485.3,75,1050,13028925
NIFTY-I.NFO,08/05/2025,11:25:27,24485.7,24481.8,75,24485.7,75,225,13028925
NIFTY-I.NFO,08/05/2025,11:25:29,24485.7,24482.1,75,24486.9,75,0,13028925
NIFTY-I.NFO,08/05/2025,11:25:31,24485.7,24482.7,75,24487,300,0,13028925
NIFTY-I.NFO,08/05/2025,11:25:32,24485.7,24482.7,300,24487,300,0,13028925
NIFTY-I.NFO,08/05/2025,11:25:34,24485.7,24482.7,375,24487,300,0,13028925
NIFTY-I.NFO,08/05/2025,11:25:36,24485.7,24482.7,375,24487,300,75,13028925
NIFTY-I.NFO,08/05/2025,11:25:37,24485,24482.7,375,24486.9,150,75,13028925
NIFTY-I.NFO,08/05/2025,11:25:39,24487.1,24487,150,24487.2,75,825,13028925
NIFTY-I.NFO,08/05/2025,11:25:41,24487.1,24487,450,24487.8,75,0,13028925
NIFTY-I.NFO,08/05/2025,11:25:42,24487.8,24487.2,150,24487.9,525,675,13028925
NIFTY-I.NFO,08/05/2025,11:25:44,24487.2,24487.2,150,24487.4,375,75,13028925
NIFTY-I.NFO,08/05/2025,11:25:46,24487,24487.2,300,24487.4,300,825,13028925
NIFTY-I.NFO,08/05/2025,11:25:47,24487.2,24487.2,225,24487.4,300,75,13028925
NIFTY-I.NFO,08/05/2025,11:25:49,24487.2,24485,75,24487.2,75,225,13028925
NIFTY-I.NFO,08/05/2025,11:25:51,24487.2,24485,75,24487.2,150,0,13028925
NIFTY-I.NFO,08/05/2025,11:25:52,24487.2,24485,75,24487,525,0,13028925
NIFTY-I.NFO,08/05/2025,11:25:54,24485,24483,450,24485,150,75,13028925
NIFTY-I.NFO,08/05/2025,11:25:55,24485,24483,225,24486.9,525,150,13028925
NIFTY-I.NFO,08/05/2025,11:25:57,24483,24483,150,24486.9,525,75,13028925
NIFTY-I.NFO,08/05/2025,11:25:59,24486.9,24483.2,75,24486.9,300,225,13028925
NIFTY-I.NFO,08/05/2025,11:26:00,24486.9,24483.6,75,24486.9,300,0,13028925
NIFTY-I.NFO,08/05/2025,11:26:02,24486.9,24484.6,75,24487.9,75,300,13028925
NIFTY-I.NFO,08/05/2025,11:26:04,24486.9,24484.7,75,24487.9,75,0,13028925
NIFTY-I.NFO,08/05/2025,11:26:05,24488,24484.5,75,24488,2325,150,13028925
NIFTY-I.NFO,08/05/2025,11:26:07,24488,24484.9,75,24488,2250,150,13028925
NIFTY-I.NFO,08/05/2025,11:26:09,24488,24484.4,75,24488,2250,0,13028925
NIFTY-I.NFO,08/05/2025,11:26:10,24488,24484.4,75,24488,2175,75,13028925
NIFTY-I.NFO,08/05/2025,11:26:12,24488,24484.6,75,24488,2175,0,13028925
NIFTY-I.NFO,08/05/2025,11:26:13,24488,24484.5,75,24488,2025,150,13028925
NIFTY-I.NFO,08/05/2025,11:26:15,24488,24484.8,75,24488,2025,0,13028925
NIFTY-I.NFO,08/05/2025,11:26:17,24488,24484.7,75,24488,2025,0,13028925
NIFTY-I.NFO,08/05/2025,11:26:18,24488,24484.6,75,24488,2025,0,13028925
NIFTY-I.NFO,08/05/2025,11:26:20,24488,24484.9,75,24488,1800,300,13028925
NIFTY-I.NFO,08/05/2025,11:26:22,24488,24485,675,24488,1800,75,13028925
NIFTY-I.NFO,08/05/2025,11:26:23,24488,24485,600,24488,1800,0,13028925
NIFTY-I.NFO,08/05/2025,11:26:25,24488,24485.1,75,24488,1800,0,13028925
NIFTY-I.NFO,08/05/2025,11:26:27,24488,24485.1,75,24488,1650,150,13028925
NIFTY-I.NFO,08/05/2025,11:26:28,24488,24486,150,24488,900,750,13028925
NIFTY-I.NFO,08/05/2025,11:26:30,24488,24485,600,24488,750,525,13028925
NIFTY-I.NFO,08/05/2025,11:26:32,24488,24486,75,24488,825,0,13028925
NIFTY-I.NFO,08/05/2025,11:26:33,24489.2,24482.4,225,24489.4,75,4725,13028925
NIFTY-I.NFO,08/05/2025,11:26:35,24488,24483.1,75,24489,75,150,13028925
NIFTY-I.NFO,08/05/2025,11:26:37,24488,24483.4,1050,24489,75,0,13028925
NIFTY-I.NFO,08/05/2025,11:26:38,24489,24483.7,975,24490,3225,75,13028925
NIFTY-I.NFO,08/05/2025,11:26:40,24489,24483.7,975,24489,75,0,13028925
NIFTY-I.NFO,08/05/2025,11:26:42,24488.9,24488,750,24488.9,375,150,13028925
NIFTY-I.NFO,08/05/2025,11:26:43,24488,24488,675,24488.9,375,75,13028925
NIFTY-I.NFO,08/05/2025,11:26:45,24488,24488,600,24488.9,375,75,13028925
NIFTY-I.NFO,08/05/2025,11:26:47,24488,24485.8,75,24488,150,600,13028925
NIFTY-I.NFO,08/05/2025,11:26:48,24488,24485.8,75,24488,150,75,13028925
NIFTY-I.NFO,08/05/2025,11:26:50,24485.8,24484.1,675,24488,75,150,13028925
NIFTY-I.NFO,08/05/2025,11:26:52,24485.8,24484.1,375,24487.9,375,0,13028925
NIFTY-I.NFO,08/05/2025,11:26:53,24485.8,24484.1,450,24487.9,375,0,13028925
NIFTY-I.NFO,08/05/2025,11:26:55,24484.1,24484.1,375,24487.9,375,75,13028925
NIFTY-I.NFO,08/05/2025,11:26:57,24485.8,24484.1,375,24487.9,375,75,13028925
NIFTY-I.NFO,08/05/2025,11:26:58,24483.7,24483,75,24487.9,375,975,13028925
NIFTY-I.NFO,08/05/2025,11:27:00,24487.9,24482.9,75,24487.9,300,150,13028925
NIFTY-I.NFO,08/05/2025,11:27:02,24487.9,24485.8,75,24488,75,300,13028925
NIFTY-I.NFO,08/05/2025,11:27:03,24487.9,24485.8,75,24488,525,0,13028925
NIFTY-I.NFO,08/05/2025,11:27:05,24487.9,24485.8,75,24487.9,75,0,13028925
NIFTY-I.NFO,08/05/2025,11:27:06,24487.9,24485.8,75,24488,525,75,13028925
NIFTY-I.NFO,08/05/2025,11:27:08,24485.8,24485,75,24488,525,75,13028925
NIFTY-I.NFO,08/05/2025,11:27:10,24485.8,24485,75,24488,525,0,13028925
NIFTY-I.NFO,08/05/2025,11:27:13,24485,24485,225,24488,525,75,13028925
NIFTY-I.NFO,08/05/2025,11:27:15,24485,24485,225,24488,525,0,13028925
NIFTY-I.NFO,08/05/2025,11:27:16,24485,24485,75,24488,525,150,13028925
NIFTY-I.NFO,08/05/2025,11:27:18,24485,24485,75,24488,525,0,13028925
NIFTY-I.NFO,08/05/2025,11:27:20,24485,24485.2,75,24488,525,0,13028925
NIFTY-I.NFO,08/05/2025,11:27:21,24485,24485.2,150,24488,525,0,13028925
NIFTY-I.NFO,08/05/2025,11:27:26,24485.5,24485.5,225,24487.9,525,75,13028925
NIFTY-I.NFO,08/05/2025,11:27:28,24487.9,24485.5,525,24487.9,150,375,13028925
NIFTY-I.NFO,08/05/2025,11:27:29,24487.9,24485.9,75,24488,1200,150,13028925
NIFTY-I.NFO,08/05/2025,11:27:31,24488,24485.9,300,24488,975,300,13028925
NIFTY-I.NFO,08/05/2025,11:27:33,24488,24485.9,300,24488,975,0,13028925
NIFTY-I.NFO,08/05/2025,11:27:34,24488,24485.9,300,24487.9,525,0,13028925
NIFTY-I.NFO,08/05/2025,11:27:36,24485.9,24485.9,225,24487.9,525,75,13028925
NIFTY-I.NFO,08/05/2025,11:27:38,24488,24485.9,225,24488,600,975,13028925
NIFTY-I.NFO,08/05/2025,11:27:39,24488,24485.9,225,24488,600,0,13028925
NIFTY-I.NFO,08/05/2025,11:27:41,24488,24486,600,24488,600,0,13028925
NIFTY-I.NFO,08/05/2025,11:27:42,24486.1,24486,825,24487.9,450,75,13028925
NIFTY-I.NFO,08/05/2025,11:27:44,24486.1,24486,825,24487.9,450,0,13028925
NIFTY-I.NFO,08/05/2025,11:27:46,24487.9,24486,825,24487.9,375,75,13032525
NIFTY-I.NFO,08/05/2025,11:27:47,24487.9,24486,825,24487.9,300,75,13032525
NIFTY-I.NFO,08/05/2025,11:27:49,24487.9,24487,75,24487.9,300,0,13032525
NIFTY-I.NFO,08/05/2025,11:27:51,24487.9,24487,300,24487.9,300,0,13032525
NIFTY-I.NFO,08/05/2025,11:27:54,24487.9,24487,300,24488,525,525,13032525
NIFTY-I.NFO,08/05/2025,11:27:56,24487.9,24487,225,24488,525,0,13032525
NIFTY-I.NFO,08/05/2025,11:27:57,24487,24487,75,24488,450,225,13032525
NIFTY-I.NFO,08/05/2025,11:27:59,24487,24487,75,24488,450,0,13032525
NIFTY-I.NFO,08/05/2025,11:28:00,24488,24487,75,24488,300,150,13032525
NIFTY-I.NFO,08/05/2025,11:28:02,24488,24487,75,24488,225,75,13032525
NIFTY-I.NFO,08/05/2025,11:28:04,24486,24486,300,24488,225,375,13032525
NIFTY-I.NFO,08/05/2025,11:28:05,24486,24486,525,24488,225,0,13032525
NIFTY-I.NFO,08/05/2025,11:28:07,24486,24486,375,24487.9,525,150,13032525
NIFTY-I.NFO,08/05/2025,11:28:09,24486,24486,375,24487.9,1050,0,13032525
NIFTY-I.NFO,08/05/2025,11:28:10,24487.9,24486,375,24487.9,975,75,13032525
NIFTY-I.NFO,08/05/2025,11:28:12,24486,24486,300,24487.9,975,75,13032525
NIFTY-I.NFO,08/05/2025,11:28:14,24486,24486,300,24487.9,975,0,13032525
NIFTY-I.NFO,08/05/2025,11:28:20,24486,24486,300,24487.8,450,0,13032525
NIFTY-I.NFO,08/05/2025,11:28:22,24487.8,24486,225,24487.8,150,675,13032525
NIFTY-I.NFO,08/05/2025,11:28:23,24487.8,24486,225,24487.8,75,75,13032525
NIFTY-I.NFO,08/05/2025,11:28:25,24487.8,24486,225,24487.9,525,75,13032525
NIFTY-I.NFO,08/05/2025,11:28:27,24487.8,24487.8,225,24487.9,450,150,13032525
NIFTY-I.NFO,08/05/2025,11:28:28,24487.8,24487.8,300,24487.9,450,150,13032525
NIFTY-I.NFO,08/05/2025,11:28:30,24487.8,24487.8,300,24487.9,450,0,13032525
NIFTY-I.NFO,08/05/2025,11:28:33,24487.8,24485.5,150,24487.9,375,525,13032525
NIFTY-I.NFO,08/05/2025,11:28:35,24487.9,24485.5,150,24487.9,225,150,13032525
NIFTY-I.NFO,08/05/2025,11:28:36,24485.5,24485.5,75,24487.9,225,75,13032525
NIFTY-I.NFO,08/05/2025,11:28:38,24485.5,24485.5,75,24487.8,75,0,13032525
NIFTY-I.NFO,08/05/2025,11:28:40,24485.5,24485.5,75,24487,150,0,13032525
NIFTY-I.NFO,08/05/2025,11:28:41,24487,24485,225,24487.8,75,225,13032525
NIFTY-I.NFO,08/05/2025,11:28:43,24487,24485.1,150,24487.8,75,0,13032525
NIFTY-I.NFO,08/05/2025,11:28:47,24487.8,24485.1,375,24487.8,75,75,13032525
NIFTY-I.NFO,08/05/2025,11:28:48,24487,24485.1,375,24487,75,225,13032525
NIFTY-I.NFO,08/05/2025,11:28:50,24487,24485.1,375,24487.8,75,75,13032525
NIFTY-I.NFO,08/05/2025,11:28:51,24487,24485.1,600,24487.8,75,0,13032525
NIFTY-I.NFO,08/05/2025,11:28:55,24487,24487,75,24487.8,75,0,13032525
NIFTY-I.NFO,08/05/2025,11:28:56,24487,24487,450,24487.8,75,75,13032525
NIFTY-I.NFO,08/05/2025,11:28:58,24487,24487,375,24487.8,75,75,13032525
NIFTY-I.NFO,08/05/2025,11:28:59,24487.8,24487,375,24487.9,375,75,13032525
NIFTY-I.NFO,08/05/2025,11:29:01,24487.9,24487,450,24487.8,75,150,13032525
NIFTY-I.NFO,08/05/2025,11:29:03,24487.8,24487,450,24487.9,750,75,13032525
NIFTY-I.NFO,08/05/2025,11:29:04,24487.9,24487,375,24487.9,675,150,13032525
NIFTY-I.NFO,08/05/2025,11:29:06,24487.9,24487,375,24487.9,600,150,13032525
NIFTY-I.NFO,08/05/2025,11:29:08,24487.9,24487,375,24487.9,600,0,13032525
NIFTY-I.NFO,08/05/2025,11:29:11,24487.9,24487,375,24487.9,525,75,13032525
NIFTY-I.NFO,08/05/2025,11:29:13,24487.9,24487.1,75,24487.9,525,0,13032525
NIFTY-I.NFO,08/05/2025,11:29:14,24487.9,24487.1,300,24487.9,525,0,13032525
NIFTY-I.NFO,08/05/2025,11:29:16,24487.9,24487.1,375,24487.9,450,75,13032525
NIFTY-I.NFO,08/05/2025,11:29:18,24487.9,24487.1,375,24487.9,450,0,13032525
NIFTY-I.NFO,08/05/2025,11:29:19,24487.9,24487.1,375,24487.5,75,0,13032525
NIFTY-I.NFO,08/05/2025,11:29:21,24487,24487.2,450,24487.5,75,450,13032525
NIFTY-I.NFO,08/05/2025,11:29:22,24487.2,24487.2,375,24487.5,150,75,13032525
NIFTY-I.NFO,08/05/2025,11:29:24,24487.2,24487.2,375,24487.5,150,0,13032525
NIFTY-I.NFO,08/05/2025,11:29:26,24487.2,24485.1,225,24487,150,450,13032525
NIFTY-I.NFO,08/05/2025,11:29:27,24487.2,24485.2,225,24487,75,225,13032525
NIFTY-I.NFO,08/05/2025,11:29:29,24488,24485.2,225,24487.6,225,450,13032525
NIFTY-I.NFO,08/05/2025,11:29:31,24488,24485.2,225,24487.3,75,0,13032525
NIFTY-I.NFO,08/05/2025,11:29:32,24488,24485.2,225,24487,75,0,13032525
NIFTY-I.NFO,08/05/2025,11:29:34,24485.3,24485.3,150,24487,75,75,13032525
NIFTY-I.NFO,08/05/2025,11:29:36,24485.3,24485.3,150,24487,75,0,13032525
NIFTY-I.NFO,08/05/2025,11:29:39,24485.3,24485.3,75,24487,75,75,13032525
NIFTY-I.NFO,08/05/2025,11:29:41,24485.3,24485.3,75,24487,75,0,13032525
NIFTY-I.NFO,08/05/2025,11:29:46,24485.3,24485.1,225,24487,75,75,13032525
NIFTY-I.NFO,08/05/2025,11:29:47,24485.3,24485.3,75,24487,75,0,13032525
NIFTY-I.NFO,08/05/2025,11:29:49,24487,24485.3,75,24487.3,75,75,13032525
NIFTY-I.NFO,08/05/2025,11:29:51,24485.3,24485.1,225,24487.3,75,75,13032525
NIFTY-I.NFO,08/05/2025,11:29:52,24485.3,24485.1,225,24487.3,75,0,13032525
NIFTY-I.NFO,08/05/2025,11:29:54,24485.3,24485.1,225,24487,75,0,13032525
NIFTY-I.NFO,08/05/2025,11:29:59,24485.1,24485.1,150,24487,75,75,13032525
NIFTY-I.NFO,08/05/2025,11:30:01,24485.1,24485.1,150,24487,75,0,13032525
NIFTY-I.NFO,08/05/2025,11:30:02,24485.3,24485.2,75,24486,75,150,13032525
NIFTY-I.NFO,08/05/2025,11:30:04,24486,24486,1350,24487.3,75,75,13032525
NIFTY-I.NFO,08/05/2025,11:30:06,24487.3,24485.2,75,24487.6,225,75,13032525
NIFTY-I.NFO,08/05/2025,11:30:07,24485.2,24485.1,150,24487.9,525,450,13032525
NIFTY-I.NFO,08/05/2025,11:30:09,24487.9,24485.1,150,24488,225,75,13032525
NIFTY-I.NFO,08/05/2025,11:30:10,24488,24485.1,150,24488.7,75,225,13032525
NIFTY-I.NFO,08/05/2025,11:30:12,24488.7,24486,225,24488.8,75,150,13032525
NIFTY-I.NFO,08/05/2025,11:30:14,24486,24486,150,24488,75,300,13032525
NIFTY-I.NFO,08/05/2025,11:30:15,24488,24486,150,24489,225,75,13032525
NIFTY-I.NFO,08/05/2025,11:30:17,24489,24487,75,24489.4,75,300,13032525
NIFTY-I.NFO,08/05/2025,11:30:19,24489.5,24487,75,24489.5,75,225,13032525
NIFTY-I.NFO,08/05/2025,11:30:20,24489.5,24487,75,24489.8,150,225,13032525
NIFTY-I.NFO,08/05/2025,11:30:22,24489.8,24487,225,24490,3375,450,13032525
NIFTY-I.NFO,08/05/2025,11:30:23,24489.9,24487,225,24490,2025,1500,13032525
NIFTY-I.NFO,08/05/2025,11:30:25,24487,24487,150,24488.9,450,75,13032525
NIFTY-I.NFO,08/05/2025,11:30:27,24490,24487,150,24489.5,75,1350,13032525
NIFTY-I.NFO,08/05/2025,11:30:28,24489.7,24487.1,225,24489.6,75,150,13032525
NIFTY-I.NFO,08/05/2025,11:30:30,24489.6,24487.1,375,24489.6,75,1350,13032525
NIFTY-I.NFO,08/05/2025,11:30:32,24489.7,24487.2,375,24488,450,150,13032525
NIFTY-I.NFO,08/05/2025,11:30:33,24487.3,24487.3,75,24489,300,150,13032525
NIFTY-I.NFO,08/05/2025,11:30:35,24489,24489,1350,24489.1,75,75,13032525
NIFTY-I.NFO,08/05/2025,11:30:37,24489.1,24486,150,24489.2,825,1050,13032525
NIFTY-I.NFO,08/05/2025,11:30:38,24489.1,24486,225,24489.5,300,375,13032525
NIFTY-I.NFO,08/05/2025,11:30:40,24489.5,24486,225,24489.8,150,525,13032525
NIFTY-I.NFO,08/05/2025,11:30:42,24489,24486,150,24489.9,150,300,13032525
NIFTY-I.NFO,08/05/2025,11:30:43,24489.9,24486,150,24489,75,1350,13032525
NIFTY-I.NFO,08/05/2025,11:30:45,24489,24489,1200,24489.7,300,150,13032525
NIFTY-I.NFO,08/05/2025,11:30:46,24489.7,24486,75,24489.9,225,75,13043100
NIFTY-I.NFO,08/05/2025,11:30:48,24489.9,24486,75,24489.9,75,525,13043100
NIFTY-I.NFO,08/05/2025,11:30:50,24489.9,24486,75,24490,1950,225,13043100
NIFTY-I.NFO,08/05/2025,11:30:51,24490,24486,75,24490,750,1350,13043100
NIFTY-I.NFO,08/05/2025,11:30:53,24490,24490,525,24490.2,75,825,13043100
NIFTY-I.NFO,08/05/2025,11:30:55,24490.2,24489.9,75,24490,75,975,13043100
NIFTY-I.NFO,08/05/2025,11:30:56,24490,24489.9,75,24490.4,225,150,13043100
NIFTY-I.NFO,08/05/2025,11:30:58,24489.9,24486,75,24490.4,300,75,13043100
NIFTY-I.NFO,08/05/2025,11:30:59,24489.9,24486,75,24490,525,0,13043100
NIFTY-I.NFO,08/05/2025,11:31:03,24486,24485.7,75,24487.8,75,75,13043100
NIFTY-I.NFO,08/05/2025,11:31:04,24486,24485.7,75,24487.8,75,0,13043100
NIFTY-I.NFO,08/05/2025,11:31:06,24486,24485.6,75,24487.8,75,0,13043100
NIFTY-I.NFO,08/05/2025,11:31:08,24487.8,24485.4,75,24488,150,75,13043100
NIFTY-I.NFO,08/05/2025,11:31:09,24486,24485.4,225,24488,150,75,13043100
NIFTY-I.NFO,08/05/2025,11:31:11,24486,24485.4,525,24488,150,0,13043100
NIFTY-I.NFO,08/05/2025,11:31:13,24488,24485.4,300,24489,525,150,13043100
NIFTY-I.NFO,08/05/2025,11:31:14,24488,24485.4,300,24489,525,0,13043100
NIFTY-I.NFO,08/05/2025,11:31:16,24489,24485.4,225,24488.9,75,75,13043100
NIFTY-I.NFO,08/05/2025,11:31:18,24489,24485.4,225,24488.9,75,0,13043100
NIFTY-I.NFO,08/05/2025,11:31:19,24489,24486,75,24488.9,75,0,13043100
NIFTY-I.NFO,08/05/2025,11:31:21,24489,24486,300,24488.9,75,0,13043100
NIFTY-I.NFO,08/05/2025,11:31:22,24489,24486,450,24488.5,450,0,13043100
NIFTY-I.NFO,08/05/2025,11:31:29,24489,24486,450,24488,150,0,13043100
NIFTY-I.NFO,08/05/2025,11:31:32,24486,24486,375,24488,150,75,13043100
NIFTY-I.NFO,08/05/2025,11:31:34,24486,24486,375,24488,150,0,13043100
NIFTY-I.NFO,08/05/2025,11:31:37,24486,24486,300,24488,150,75,13043100
NIFTY-I.NFO,08/05/2025,11:31:39,24486,24486,225,24488,150,75,13043100
NIFTY-I.NFO,08/05/2025,11:31:40,24486,24486,150,24488,150,75,13043100
NIFTY-I.NFO,08/05/2025,11:31:42,24486,24486,150,24488,150,0,13043100
NIFTY-I.NFO,08/05/2025,11:31:44,24486,24486,150,24488,600,0,13043100
NIFTY-I.NFO,08/05/2025,11:31:45,24488,24486,150,24488,525,75,13043100
NIFTY-I.NFO,08/05/2025,11:31:47,24488,24486,150,24488,525,0,13043100
NIFTY-I.NFO,08/05/2025,11:31:49,24486,24486,150,24488,1125,75,13043100
NIFTY-I.NFO,08/05/2025,11:31:50,24486,24486,75,24488,1125,75,13043100
NIFTY-I.NFO,08/05/2025,11:31:52,24486,24485.1,150,24487.9,450,75,13043100
NIFTY-I.NFO,08/05/2025,11:31:53,24485.1,24485.1,75,24487.9,450,75,13043100
NIFTY-I.NFO,08/05/2025,11:31:55,24485.1,24485.1,75,24486,525,0,13043100
NIFTY-I.NFO,08/05/2025,11:31:58,24486,24485.1,375,24486,375,225,13043100
NIFTY-I.NFO,08/05/2025,11:32:00,24486,24486.5,75,24487.9,450,450,13043100
NIFTY-I.NFO,08/05/2025,11:32:02,24487.9,24486.5,75,24487.9,375,75,13043100
NIFTY-I.NFO,08/05/2025,11:32:03,24486.4,24486.2,75,24487.9,375,75,13043100
NIFTY-I.NFO,08/05/2025,11:32:05,24486.5,24486.3,75,24487.9,375,75,13043100
NIFTY-I.NFO,08/05/2025,11:32:07,24486.5,24486.5,75,24487.9,375,0,13043100
NIFTY-I.NFO,08/05/2025,11:32:08,24486.5,24486.4,75,24487.9,375,0,13043100
NIFTY-I.NFO,08/05/2025,11:32:10,24486.5,24486.3,75,24486.5,75,0,13043100
NIFTY-I.NFO,08/05/2025,11:32:11,24486.5,24486.2,75,24486.5,75,0,13043100
NIFTY-I.NFO,08/05/2025,11:32:13,24486.1,24486.1,75,24486.5,75,75,13043100
NIFTY-I.NFO,08/05/2025,11:32:15,24486.1,24486.1,75,24486.5,75,0,13043100
NIFTY-I.NFO,08/05/2025,11:32:16,24486.1,24486,75,24486.5,75,0,13043100
NIFTY-I.NFO,08/05/2025,11:32:18,24486.1,24486.3,75,24486.5,75,0,13043100
NIFTY-I.NFO,08/05/2025,11:32:21,24486.5,24486.7,75,24487,150,75,13043100
NIFTY-I.NFO,08/05/2025,11:32:23,24486.5,24486.7,75,24487,150,0,13043100
NIFTY-I.NFO,08/05/2025,11:32:24,24487,24486.6,75,24487,75,75,13043100
NIFTY-I.NFO,08/05/2025,11:32:26,24487,24486.5,75,24487,75,0,13043100
NIFTY-I.NFO,08/05/2025,11:32:28,24487,24486.3,75,24487,75,0,13043100
NIFTY-I.NFO,08/05/2025,11:32:29,24486.3,24485.1,75,24487,75,75,13043100
NIFTY-I.NFO,08/05/2025,11:32:31,24486.3,24485.1,75,24487,75,0,13043100
NIFTY-I.NFO,08/05/2025,11:32:33,24485.1,24485,675,24487,75,75,13043100
NIFTY-I.NFO,08/05/2025,11:32:34,24487,24485,675,24487,75,75,13043100
NIFTY-I.NFO,08/05/2025,11:32:36,24485,24485,525,24486.4,75,150,13043100
NIFTY-I.NFO,08/05/2025,11:32:38,24485,24485,300,24487.9,375,375,13043100
NIFTY-I.NFO,08/05/2025,11:32:39,24485,24485,225,24487.9,225,225,13043100
NIFTY-I.NFO,08/05/2025,11:32:41,24485,24485,75,24487.9,225,150,13043100
NIFTY-I.NFO,08/05/2025,11:32:43,24485,24487,75,24487.9,225,0,13043100
NIFTY-I.NFO,08/05/2025,11:32:44,24489,24485.2,375,24489.8,75,1425,13043100
NIFTY-I.NFO,08/05/2025,11:32:46,24485.2,24485.1,375,24489.8,75,150,13043100
NIFTY-I.NFO,08/05/2025,11:32:47,24489.8,24485.1,375,24490,675,75,13043100
NIFTY-I.NFO,08/05/2025,11:32:49,24485.1,24485,75,24489.9,75,450,13043100
NIFTY-I.NFO,08/05/2025,11:32:51,24489.9,24485,75,24489.9,300,75,13043100
NIFTY-I.NFO,08/05/2025,11:32:52,24489.9,24485,150,24489.8,75,0,13043100
NIFTY-I.NFO,08/05/2025,11:32:54,24489.9,24485,150,24489.6,75,0,13043100
NIFTY-I.NFO,08/05/2025,11:32:56,24489.9,24485,150,24489.5,150,0,13043100
NIFTY-I.NFO,08/05/2025,11:32:57,24489.9,24485,150,24489.1,75,0,13043100
NIFTY-I.NFO,08/05/2025,11:32:59,24488.5,24485.1,75,24488.2,75,3525,13043100
NIFTY-I.NFO,08/05/2025,11:33:01,24485,24482.8,675,24488.2,75,150,13043100
NIFTY-I.NFO,08/05/2025,11:33:02,24485,24485,75,24488.6,600,0,13043100
NIFTY-I.NFO,08/05/2025,11:33:04,24485,24487.8,75,24488.9,150,0,13043100
NIFTY-I.NFO,08/05/2025,11:33:06,24487.8,24486.5,150,24488.2,75,75,13043100
NIFTY-I.NFO,08/05/2025,11:33:07,24487.8,24486.5,150,24488.2,75,0,13043100
NIFTY-I.NFO,08/05/2025,11:33:09,24487.8,24486.5,150,24488,150,0,13043100
NIFTY-I.NFO,08/05/2025,11:33:12,24487.8,24486.5,150,24487.6,75,0,13043100
NIFTY-I.NFO,08/05/2025,11:33:16,24481.6,24480.9,75,24487.5,75,1575,13043100
NIFTY-I.NFO,08/05/2025,11:33:18,24488.2,24482.6,675,24487.5,75,1875,13043100
NIFTY-I.NFO,08/05/2025,11:33:19,24487.7,24482.1,675,24487.5,75,375,13043100
NIFTY-I.NFO,08/05/2025,11:33:21,24487.5,24482.1,675,24487.6,75,150,13043100
NIFTY-I.NFO,08/05/2025,11:33:22,24487.8,24483.6,150,24488.2,225,300,13043100
NIFTY-I.NFO,08/05/2025,11:33:24,24483.6,24483.6,75,24488,225,75,13043100
NIFTY-I.NFO,08/05/2025,11:33:26,24483.6,24482.8,675,24485,75,75,13043100
NIFTY-I.NFO,08/05/2025,11:33:27,24483.6,24483,675,24485,75,0,13043100
NIFTY-I.NFO,08/05/2025,11:33:29,24483.6,24482.9,675,24483.6,75,0,13043100
NIFTY-I.NFO,08/05/2025,11:33:31,24483,24482.1,150,24487.9,150,525,13043100
NIFTY-I.NFO,08/05/2025,11:33:32,24488,24483.1,75,24488.2,300,150,13043100
NIFTY-I.NFO,08/05/2025,11:33:34,24483.1,24482.9,75,24488,75,225,13043100
NIFTY-I.NFO,08/05/2025,11:33:35,24488,24482.8,75,24487.9,225,300,13043100
NIFTY-I.NFO,08/05/2025,11:33:37,24488,24482.7,675,24482.9,75,0,13043100
NIFTY-I.NFO,08/05/2025,11:33:39,24487.6,24482.6,75,24487.6,75,225,13043100
NIFTY-I.NFO,08/05/2025,11:33:40,24487.6,24482,75,24487.8,300,225,13043100
NIFTY-I.NFO,08/05/2025,11:33:42,24487,24482,225,24487.6,300,150,13043100
NIFTY-I.NFO,08/05/2025,11:33:44,24487,24482.3,75,24487.8,75,0,13043100
NIFTY-I.NFO,08/05/2025,11:33:45,24482.3,24482.3,225,24487.8,75,75,13048425
NIFTY-I.NFO,08/05/2025,11:33:47,24482.3,24482.3,75,24486.8,75,75,13048425
NIFTY-I.NFO,08/05/2025,11:33:50,24482.3,24481.8,75,24486.7,75,75,13048425
NIFTY-I.NFO,08/05/2025,11:33:52,24482.3,24481.6,375,24482.3,75,0,13048425
NIFTY-I.NFO,08/05/2025,11:33:53,24482.3,24481.6,675,24482.3,75,0,13048425
NIFTY-I.NFO,08/05/2025,11:33:55,24481.8,24480.7,675,24482.3,75,150,13048425
NIFTY-I.NFO,08/05/2025,11:33:57,24481.8,24480.9,675,24482.3,75,0,13048425
NIFTY-I.NFO,08/05/2025,11:33:58,24485.8,24482.3,75,24485.8,75,225,13048425
NIFTY-I.NFO,08/05/2025,11:34:00,24485.8,24482.3,75,24485.5,150,0,13048425
NIFTY-I.NFO,08/05/2025,11:34:02,24482.3,24480.6,75,24485.4,75,75,13048425
NIFTY-I.NFO,08/05/2025,11:34:03,24480.4,24480,675,24485,75,150,13048425
NIFTY-I.NFO,08/05/2025,11:34:05,24480.6,24480.8,75,24485,75,75,13048425
NIFTY-I.NFO,08/05/2025,11:34:07,24480.6,24480.8,75,24485,75,0,13048425
NIFTY-I.NFO,08/05/2025,11:34:11,24480.8,24480,750,24485.5,75,225,13048425
NIFTY-I.NFO,08/05/2025,11:34:13,24480.8,24480,750,24485.2,150,0,13048425
NIFTY-I.NFO,08/05/2025,11:34:15,24480.8,24480,675,24484.6,75,0,13048425
NIFTY-I.NFO,08/05/2025,11:34:18,24480.8,24480,600,24484.5,75,0,13048425
NIFTY-I.NFO,08/05/2025,11:34:20,24480.8,24480,525,24484.5,75,0,13048425
NIFTY-I.NFO,08/05/2025,11:34:25,24480.8,24480.8,75,24484.5,75,0,13048425
NIFTY-I.NFO,08/05/2025,11:34:26,24480.8,24480,600,24484.5,75,150,13048425
NIFTY-I.NFO,08/05/2025,11:34:28,24480,24480,375,24484.5,75,300,13048425
NIFTY-I.NFO,08/05/2025,11:34:30,24480,24480,375,24484.5,75,0,13048425
NIFTY-I.NFO,08/05/2025,11:34:31,24484.6,24480.1,75,24485,150,375,13048425
NIFTY-I.NFO,08/05/2025,11:34:33,24484.6,24480.1,75,24485,225,0,13048425
NIFTY-I.NFO,08/05/2025,11:34:35,24484.6,24480.1,375,24482.6,75,0,13048425
NIFTY-I.NFO,08/05/2025,11:34:36,24484.6,24480,825,24482.6,75,0,13048425
NIFTY-I.NFO,08/05/2025,11:34:38,24484.6,24481,375,24482.6,75,0,13048425
NIFTY-I.NFO,08/05/2025,11:34:41,24484.6,24481,75,24482.6,75,0,13048425
NIFTY-I.NFO,08/05/2025,11:34:44,24484.6,24481.6,75,24481.8,75,0,13048425
NIFTY-I.NFO,08/05/2025,11:34:48,24481.6,24481,75,24481.7,75,75,13048425
NIFTY-I.NFO,08/05/2025,11:34:49,24481.6,24481,75,24481.7,75,0,13048425
NIFTY-I.NFO,08/05/2025,11:34:51,24481.6,24481,75,24481.3,75,0,13048425
NIFTY-I.NFO,08/05/2025,11:34:53,24481,24480.4,375,24482.6,75,225,13048425
NIFTY-I.NFO,08/05/2025,11:34:54,24484.6,24480,150,24484.6,150,225,13048425
NIFTY-I.NFO,08/05/2025,11:34:56,24484.6,24480.7,75,24484.6,150,0,13048425
NIFTY-I.NFO,08/05/2025,11:34:58,24484.6,24480.8,375,24484.6,75,75,13048425
NIFTY-I.NFO,08/05/2025,11:34:59,24484.6,24480.7,75,24484.6,75,0,13048425
NIFTY-I.NFO,08/05/2025,11:35:01,24484.6,24482.7,75,24484.6,150,0,13048425
NIFTY-I.NFO,08/05/2025,11:35:03,24484.6,24482.7,75,24484,150,0,13048425
NIFTY-I.NFO,08/05/2025,11:35:04,24484,24482.7,75,24484,75,75,13048425
NIFTY-I.NFO,08/05/2025,11:35:06,24484,24482.7,75,24484,75,0,13048425
NIFTY-I.NFO,08/05/2025,11:35:08,24483,24482.7,75,24483,150,75,13048425
NIFTY-I.NFO,08/05/2025,11:35:09,24483,24480.5,675,24483,75,75,13048425
NIFTY-I.NFO,08/05/2025,11:35:11,24483,24480.7,75,24482.7,225,0,13048425
NIFTY-I.NFO,08/05/2025,11:35:13,24482.7,24480.8,375,24482.7,75,450,13048425
NIFTY-I.NFO,08/05/2025,11:35:14,24482.7,24480.9,75,24484.6,75,75,13048425
NIFTY-I.NFO,08/05/2025,11:35:16,24482.7,24480.9,75,24484.6,75,0,13048425
NIFTY-I.NFO,08/05/2025,11:35:18,24485,24480.9,675,24486.5,600,450,13048425
NIFTY-I.NFO,08/05/2025,11:35:19,24485,24480.9,75,24486.1,675,0,13048425
NIFTY-I.NFO,08/05/2025,11:35:21,24485,24480.9,75,24485.9,600,0,13048425
NIFTY-I.NFO,08/05/2025,11:35:23,24480.9,24481.2,75,24485.9,750,75,13048425
NIFTY-I.NFO,08/05/2025,11:35:24,24480.9,24481.2,75,24484.7,75,0,13048425
NIFTY-I.NFO,08/05/2025,11:35:29,24484.7,24481.2,75,24485.5,600,75,13048425
NIFTY-I.NFO,08/05/2025,11:35:31,24484.7,24481.2,75,24485.5,600,0,13048425
NIFTY-I.NFO,08/05/2025,11:35:33,24484.7,24480.1,675,24485.5,600,0,13048425
NIFTY-I.NFO,08/05/2025,11:35:34,24484.7,24480.4,675,24485.4,75,0,13048425
NIFTY-I.NFO,08/05/2025,11:35:36,24484.7,24480.4,75,24485,525,0,13048425
NIFTY-I.NFO,08/05/2025,11:35:39,24484.7,24481,75,24485,525,0,13048425
NIFTY-I.NFO,08/05/2025,11:35:41,24480.4,24480.3,75,24485,525,150,13048425
NIFTY-I.NFO,08/05/2025,11:35:43,24480.4,24480.3,75,24485,525,0,13048425
NIFTY-I.NFO,08/05/2025,11:35:44,24480.4,24480.4,375,24485,525,0,13048425
NIFTY-I.NFO,08/05/2025,11:35:46,24480.4,24480.4,75,24485,525,0,13048425
NIFTY-I.NFO,08/05/2025,11:35:48,24480.4,24480.4,150,24485,525,0,13048425
NIFTY-I.NFO,08/05/2025,11:35:49,24480.4,24480.4,150,24484.9,75,0,13048425
NIFTY-I.NFO,08/05/2025,11:35:56,24480.4,24480.4,75,24484.9,75,75,13048425
NIFTY-I.NFO,08/05/2025,11:35:58,24484.9,24480.4,375,24485,75,75,13048425
NIFTY-I.NFO,08/05/2025,11:35:59,24484.9,24480.4,75,24485,75,0,13048425
NIFTY-I.NFO,08/05/2025,11:36:03,24484.9,24480.5,75,24484,225,0,13048425
NIFTY-I.NFO,08/05/2025,11:36:08,24484.9,24480.5,75,24484,525,0,13048425
NIFTY-I.NFO,08/05/2025,11:36:14,24480.4,24480,75,24484,300,375,13048425
NIFTY-I.NFO,08/05/2025,11:36:16,24480.4,24480,75,24484,300,0,13048425
NIFTY-I.NFO,08/05/2025,11:36:22,24484,24480,75,24484,225,150,13048425
NIFTY-I.NFO,08/05/2025,11:36:24,24484,24480,375,24483.4,75,0,13048425
NIFTY-I.NFO,08/05/2025,11:36:25,24480.3,24480.4,825,24483.4,75,75,13048425
NIFTY-I.NFO,08/05/2025,11:36:27,24483.4,24480.7,75,24484,225,75,13048425
NIFTY-I.NFO,08/05/2025,11:36:29,24483.4,24480.7,75,24484,225,0,13048425
NIFTY-I.NFO,08/05/2025,11:36:30,24483.4,24482.2,375,24484,225,0,13048425
NIFTY-I.NFO,08/05/2025,11:36:32,24483.4,24482.3,375,24484,225,0,13048425
NIFTY-I.NFO,08/05/2025,11:36:34,24483.4,24482.4,375,24484,225,0,13048425
NIFTY-I.NFO,08/05/2025,11:36:37,24482.6,24482.5,150,24484,225,225,13048425
NIFTY-I.NFO,08/05/2025,11:36:39,24482.4,24481.7,75,24484,225,150,13048425
NIFTY-I.NFO,08/05/2025,11:36:40,24482.4,24481.7,75,24484,225,0,13048425
NIFTY-I.NFO,08/05/2025,11:36:42,24482.4,24481.7,75,24483.4,75,0,13048425
NIFTY-I.NFO,08/05/2025,11:36:44,24483.4,24481.7,75,24484,225,75,13048425
NIFTY-I.NFO,08/05/2025,11:36:45,24483.4,24481.7,75,24482.4,150,0,13048425
NIFTY-I.NFO,08/05/2025,11:36:52,24483.4,24481.7,675,24482.4,150,0,13048425
NIFTY-I.NFO,08/05/2025,11:36:53,24483.4,24482.2,75,24482.4,150,0,13048425
NIFTY-I.NFO,08/05/2025,11:36:58,24482.4,24482.2,75,24482.4,75,75,13047600
NIFTY-I.NFO,08/05/2025,11:37:00,24482.4,24482.2,75,24482.4,75,0,13047600
NIFTY-I.NFO,08/05/2025,11:37:03,24482.4,24482.2,75,24483.4,75,75,13047600
NIFTY-I.NFO,08/05/2025,11:37:05,24482.4,24482.2,75,24483.4,75,0,13047600
NIFTY-I.NFO,08/05/2025,11:37:06,24482.2,24481.5,75,24483.4,75,75,13047600
NIFTY-I.NFO,08/05/2025,11:37:08,24482.2,24482.1,75,24483.4,150,0,13047600
NIFTY-I.NFO,08/05/2025,11:37:11,24485,24482.1,675,24486.9,600,825,13047600
NIFTY-I.NFO,08/05/2025,11:37:13,24482.1,24482,450,24486.9,675,75,13047600
NIFTY-I.NFO,08/05/2025,11:37:15,24482.1,24482,375,24486.9,600,0,13047600
NIFTY-I.NFO,08/05/2025,11:37:20,24483,24482,375,24486.9,600,75,13047600
NIFTY-I.NFO,08/05/2025,11:37:21,24485,24482,375,24486.9,600,75,13047600
NIFTY-I.NFO,08/05/2025,11:37:23,24482.1,24482,375,24486.9,600,75,13047600
NIFTY-I.NFO,08/05/2025,11:37:24,24486.7,24482,675,24485,75,75,13047600
NIFTY-I.NFO,08/05/2025,11:37:26,24486.7,24482,675,24485,75,0,13047600
NIFTY-I.NFO,08/05/2025,11:37:29,24486.7,24482,75,24485,75,0,13047600
NIFTY-I.NFO,08/05/2025,11:37:36,24485,24482,75,24485,150,150,13047600
NIFTY-I.NFO,08/05/2025,11:37:38,24485,24483.4,75,24485,150,0,13047600
NIFTY-I.NFO,08/05/2025,11:37:41,24486.5,24483.4,75,24485,75,375,13047600
NIFTY-I.NFO,08/05/2025,11:37:43,24486.5,24483.4,75,24485,75,0,13047600
NIFTY-I.NFO,08/05/2025,11:37:54,24485,24483.4,225,24486.4,75,75,13047600
NIFTY-I.NFO,08/05/2025,11:37:56,24485,24483.4,225,24486.4,75,0,13047600
NIFTY-I.NFO,08/05/2025,11:38:02,24483.4,24483.4,150,24486,75,75,13047600
NIFTY-I.NFO,08/05/2025,11:38:04,24483.4,24483.4,150,24485,75,0,13047600
NIFTY-I.NFO,08/05/2025,11:38:07,24483.4,24483.4,150,24485,150,0,13047600
NIFTY-I.NFO,08/05/2025,11:38:10,24483.4,24483.4,300,24485,150,0,13047600
NIFTY-I.NFO,08/05/2025,11:38:27,24483.4,24483.4,300,24485,225,0,13047600
NIFTY-I.NFO,08/05/2025,11:38:28,24486,24486,150,24486.5,75,450,13047600
NIFTY-I.NFO,08/05/2025,11:38:30,24486,24486,375,24487,150,300,13047600
NIFTY-I.NFO,08/05/2025,11:38:32,24486,24486,75,24487.8,600,600,13047600
NIFTY-I.NFO,08/05/2025,11:38:33,24486,24485,75,24487.7,600,225,13047600
NIFTY-I.NFO,08/05/2025,11:38:35,24486,24485,75,24487.7,600,0,13047600
NIFTY-I.NFO,08/05/2025,11:38:37,24486,24485,75,24488,600,0,13047600
NIFTY-I.NFO,08/05/2025,11:38:38,24485,24482,75,24487.6,675,75,13047600
NIFTY-I.NFO,08/05/2025,11:38:40,24487.6,24482,375,24488,825,675,13047600
NIFTY-I.NFO,08/05/2025,11:38:42,24487.6,24482,375,24486,75,0,13047600
NIFTY-I.NFO,08/05/2025,11:38:43,24487.6,24482,75,24486,75,0,13047600
NIFTY-I.NFO,08/05/2025,11:38:45,24482.1,24482.1,675,24486,75,75,13047600
NIFTY-I.NFO,08/05/2025,11:38:46,24486,24482,375,24487.9,825,75,13047600
NIFTY-I.NFO,08/05/2025,11:38:48,24486,24482,75,24487.5,675,0,13047600
NIFTY-I.NFO,08/05/2025,11:38:51,24486,24482.2,450,24486,75,0,13047600
NIFTY-I.NFO,08/05/2025,11:38:53,24486,24482.3,150,24486,75,0,13047600
NIFTY-I.NFO,08/05/2025,11:38:55,24482,24481.3,225,24485.9,75,300,13047600
NIFTY-I.NFO,08/05/2025,11:38:56,24481.3,24481.3,75,24485.5,75,150,13047600
NIFTY-I.NFO,08/05/2025,11:38:58,24481.3,24481.3,75,24485.5,75,0,13047600
NIFTY-I.NFO,08/05/2025,11:39:01,24481.3,24481.2,75,24485.5,75,75,13047600
NIFTY-I.NFO,08/05/2025,11:39:03,24481.3,24481.3,75,24485.5,75,0,13047600
NIFTY-I.NFO,08/05/2025,11:39:05,24481.3,24481.2,75,24485.5,75,75,13047600
NIFTY-I.NFO,08/05/2025,11:39:06,24481.2,24480.7,225,24485.1,75,75,13047600
NIFTY-I.NFO,08/05/2025,11:39:08,24480.7,24480.7,75,24484.9,75,150,13047600
NIFTY-I.NFO,08/05/2025,11:39:10,24480.7,24480.7,75,24484.9,75,0,13047600
NIFTY-I.NFO,08/05/2025,11:39:13,24480.7,24480.7,75,24483,225,75,13047600
NIFTY-I.NFO,08/05/2025,11:39:15,24480.7,24480.7,75,24483,225,0,13047600
NIFTY-I.NFO,08/05/2025,11:39:16,24480.7,24480.6,150,24485.6,75,375,13047600
NIFTY-I.NFO,08/05/2025,11:39:18,24480.7,24480.6,150,24484.9,525,0,13047600
NIFTY-I.NFO,08/05/2025,11:39:20,24480.7,24480.6,300,24484.9,525,0,13047600
NIFTY-I.NFO,08/05/2025,11:39:21,24480.6,24480.6,75,24484.9,600,75,13047600
NIFTY-I.NFO,08/05/2025,11:39:23,24480.6,24480.5,150,24484.9,600,0,13047600
NIFTY-I.NFO,08/05/2025,11:39:26,24480.6,24480.5,75,24484.9,600,0,13047600
NIFTY-I.NFO,08/05/2025,11:39:28,24480.6,24480.5,75,24484.9,75,0,13047600
NIFTY-I.NFO,08/05/2025,11:39:33,24480.6,24480.5,375,24484.9,75,0,13047600
NIFTY-I.NFO,08/05/2025,11:39:35,24480.6,24480.5,675,24484.9,75,0,13047600
NIFTY-I.NFO,08/05/2025,11:39:41,24480.6,24480.5,375,24484.9,75,0,13047600
NIFTY-I.NFO,08/05/2025,11:39:43,24480.6,24480.5,75,24484.9,75,0,13047600
NIFTY-I.NFO,08/05/2025,11:39:44,24480.6,24480.5,75,24484,75,0,13047600
NIFTY-I.NFO,08/05/2025,11:39:46,24481,24481,150,24484,75,75,13037400
NIFTY-I.NFO,08/05/2025,11:39:49,24481,24481,150,24484,75,75,13037400
NIFTY-I.NFO,08/05/2025,11:39:51,24481,24481,150,24484,75,0,13037400
NIFTY-I.NFO,08/05/2025,11:39:53,24481,24481,75,24484,75,75,13037400
NIFTY-I.NFO,08/05/2025,11:39:54,24481,24481,75,24484,75,0,13037400
NIFTY-I.NFO,08/05/2025,11:40:02,24481,24481.1,75,24482.5,75,0,13037400
NIFTY-I.NFO,08/05/2025,11:40:04,24481.1,24481,150,24482.5,75,75,13037400
NIFTY-I.NFO,08/05/2025,11:40:05,24481.1,24481.8,75,24482.5,75,300,13037400
NIFTY-I.NFO,08/05/2025,11:40:07,24481.1,24481.8,75,24482.1,75,0,13037400
NIFTY-I.NFO,08/05/2025,11:40:09,24481.8,24480.6,75,24482.1,75,75,13037400
NIFTY-I.NFO,08/05/2025,11:40:10,24480.6,24480.5,75,24484.8,75,150,13037400
NIFTY-I.NFO,08/05/2025,11:40:12,24480.6,24481,75,24484.8,75,0,13037400
NIFTY-I.NFO,08/05/2025,11:40:15,24480.5,24480.5,75,24484.8,75,225,13037400
NIFTY-I.NFO,08/05/2025,11:40:17,24480.5,24480.5,75,24484,75,0,13037400
NIFTY-I.NFO,08/05/2025,11:40:19,24480.5,24480.3,75,24484,75,0,13037400
NIFTY-I.NFO,08/05/2025,11:40:20,24481,24480.3,75,24484,75,75,13037400
NIFTY-I.NFO,08/05/2025,11:40:23,24481,24480.3,75,24484,75,0,13037400
NIFTY-I.NFO,08/05/2025,11:40:27,24481,24480.4,75,24484,150,0,13037400
NIFTY-I.NFO,08/05/2025,11:40:30,24480.4,24480.3,75,24484,150,75,13037400
NIFTY-I.NFO,08/05/2025,11:40:32,24480.4,24480.3,75,24484,150,0,13037400
NIFTY-I.NFO,08/05/2025,11:40:35,24480.3,24480.2,150,24484,150,75,13037400
NIFTY-I.NFO,08/05/2025,11:40:37,24480.3,24480.2,150,24484,150,0,13037400
NIFTY-I.NFO,08/05/2025,11:40:38,24480.2,24480.2,75,24484,150,75,13037400
NIFTY-I.NFO,08/05/2025,11:40:40,24480.2,24480.2,75,24484,150,0,13037400
NIFTY-I.NFO,08/05/2025,11:40:42,24480.2,24480.1,150,24484,150,75,13037400
NIFTY-I.NFO,08/05/2025,11:40:43,24480.2,24480.1,150,24484,150,0,13037400
NIFTY-I.NFO,08/05/2025,11:40:46,24480.2,24480.3,75,24484,150,0,13037400
NIFTY-I.NFO,08/05/2025,11:40:50,24480.2,24480.5,75,24484,150,0,13037400
NIFTY-I.NFO,08/05/2025,11:40:59,24480.2,24480.5,675,24482.3,75,0,13037400
NIFTY-I.NFO,08/05/2025,11:41:01,24484,24480.5,375,24484,150,150,13037400
NIFTY-I.NFO,08/05/2025,11:41:02,24484,24480.5,375,24484,150,0,13037400
NIFTY-I.NFO,08/05/2025,11:41:06,24484,24480.6,975,24484,75,75,13037400
NIFTY-I.NFO,08/05/2025,11:41:07,24484,24480.6,975,24484,75,0,13037400
NIFTY-I.NFO,08/05/2025,11:41:09,24484,24480.9,375,24485,75,450,13037400
NIFTY-I.NFO,08/05/2025,11:41:11,24484,24481,375,24485,75,75,13037400
NIFTY-I.NFO,08/05/2025,11:41:12,24484,24481,75,24485,225,0,13037400
NIFTY-I.NFO,08/05/2025,11:41:14,24484,24484,75,24485,225,0,13037400
NIFTY-I.NFO,08/05/2025,11:41:15,24484,24481,75,24484,375,75,13037400
NIFTY-I.NFO,08/05/2025,11:41:17,24484,24481,75,24484,600,75,13037400
NIFTY-I.NFO,08/05/2025,11:41:19,24484,24481,75,24484,600,0,13037400
NIFTY-I.NFO,08/05/2025,11:41:20,24481,24480.9,75,24484,600,75,13037400
NIFTY-I.NFO,08/05/2025,11:41:22,24481,24481,75,24484,600,0,13037400
NIFTY-I.NFO,08/05/2025,11:41:25,24484,24480.8,75,24485,225,1725,13037400
NIFTY-I.NFO,08/05/2025,11:41:26,24484,24481,75,24485,225,75,13037400
NIFTY-I.NFO,08/05/2025,11:41:28,24484,24482,75,24485,225,0,13037400
NIFTY-I.NFO,08/05/2025,11:41:31,24482,24481,75,24485,75,75,13037400
NIFTY-I.NFO,08/05/2025,11:41:35,24485,24480.8,75,24485,75,225,13037400
NIFTY-I.NFO,08/05/2025,11:41:36,24485,24480.8,375,24485,75,0,13037400
NIFTY-I.NFO,08/05/2025,11:41:39,24482.3,24480.8,375,24485,75,75,13037400
NIFTY-I.NFO,08/05/2025,11:41:41,24485,24480.8,675,24485.6,75,225,13037400
NIFTY-I.NFO,08/05/2025,11:41:43,24485,24480.8,675,24485.6,75,0,13037400
NIFTY-I.NFO,08/05/2025,11:41:44,24485,24480.8,375,24485.6,75,0,13037400
NIFTY-I.NFO,08/05/2025,11:41:47,24480.7,24480.4,75,24485,75,300,13037400
NIFTY-I.NFO,08/05/2025,11:41:49,24480.7,24480.6,75,24485,75,0,13037400
NIFTY-I.NFO,08/05/2025,11:41:55,24480.7,24480.6,450,24485,75,0,13037400
NIFTY-I.NFO,08/05/2025,11:41:57,24480.7,24480.7,150,24485,75,0,13037400
NIFTY-I.NFO,08/05/2025,11:42:04,24481.5,24481.2,225,24485,75,75,13037400
NIFTY-I.NFO,08/05/2025,11:42:05,24481.5,24482.1,225,24485,75,0,13037400
NIFTY-I.NFO,08/05/2025,11:42:07,24481.5,24482.1,75,24485,75,0,13037400
NIFTY-I.NFO,08/05/2025,11:42:09,24481.5,24482.1,375,24485,75,0,13037400
NIFTY-I.NFO,08/05/2025,11:42:10,24481.5,24482.1,450,24485,75,0,13037400
NIFTY-I.NFO,08/05/2025,11:42:12,24481.5,24482.2,75,24485,75,0,13037400
NIFTY-I.NFO,08/05/2025,11:42:13,24481.5,24482.2,225,24485,75,0,13037400
NIFTY-I.NFO,08/05/2025,11:42:17,24481.5,24482.2,525,24485,75,0,13037400
NIFTY-I.NFO,08/05/2025,11:42:18,24481.5,24482.4,75,24485,75,0,13037400
NIFTY-I.NFO,08/05/2025,11:42:20,24481.5,24482.4,225,24485,75,0,13037400
NIFTY-I.NFO,08/05/2025,11:42:21,24482.4,24482.4,150,24485,75,150,13037400
NIFTY-I.NFO,08/05/2025,11:42:23,24482.4,24482.4,150,24485,75,0,13037400
NIFTY-I.NFO,08/05/2025,11:42:30,24482.4,24482.6,150,24485,75,0,13037400
NIFTY-I.NFO,08/05/2025,11:42:31,24482.4,24482.6,300,24485,75,0,13037400
NIFTY-I.NFO,08/05/2025,11:42:34,24485,24482.6,225,24485.5,300,150,13037400
NIFTY-I.NFO,08/05/2025,11:42:36,24485,24482.6,225,24485.5,300,0,13037400
NIFTY-I.NFO,08/05/2025,11:42:41,24482.6,24482.6,75,24485.5,300,150,13037400
NIFTY-I.NFO,08/05/2025,11:42:43,24482.6,24482.6,75,24485,300,0,13037400
NIFTY-I.NFO,08/05/2025,11:42:48,24485,24482.6,75,24485,225,75,13037100
NIFTY-I.NFO,08/05/2025,11:42:49,24485,24482.6,75,24485,225,0,13037100
NIFTY-I.NFO,08/05/2025,11:42:51,24482.6,24482,150,24485,300,75,13037100
NIFTY-I.NFO,08/05/2025,11:42:52,24482.6,24482,150,24485,300,0,13037100
NIFTY-I.NFO,08/05/2025,11:42:56,24485,24482,75,24485,225,150,13037100
NIFTY-I.NFO,08/05/2025,11:42:57,24485,24482,75,24485,225,0,13037100
NIFTY-I.NFO,08/05/2025,11:42:59,24485,24482,150,24485,225,0,13037100
NIFTY-I.NFO,08/05/2025,11:43:00,24482,24482,75,24485,225,75,13037100
NIFTY-I.NFO,08/05/2025,11:43:02,24482,24482,750,24485,225,75,13037100
NIFTY-I.NFO,08/05/2025,11:43:04,24482,24482,675,24485,300,75,13037100
NIFTY-I.NFO,08/05/2025,11:43:07,24482,24482,750,24485,375,0,13037100
NIFTY-I.NFO,08/05/2025,11:43:10,24485,24482,750,24485,300,75,13037100
NIFTY-I.NFO,08/05/2025,11:43:12,24485,24482,750,24485,300,0,13037100
NIFTY-I.NFO,08/05/2025,11:43:13,24485,24482,75,24485,225,900,13037100
NIFTY-I.NFO,08/05/2025,11:43:15,24480.6,24480.5,75,24485,225,150,13037100
NIFTY-I.NFO,08/05/2025,11:43:17,24485,24480.2,675,24485,150,150,13037100
NIFTY-I.NFO,08/05/2025,11:43:18,24485,24480.4,675,24485,225,0,13037100
NIFTY-I.NFO,08/05/2025,11:43:21,24485,24480.4,675,24484,75,0,13037100
NIFTY-I.NFO,08/05/2025,11:43:23,24480.4,24480.2,375,24484,150,75,13037100
NIFTY-I.NFO,08/05/2025,11:43:25,24480.4,24480.3,450,24484,150,0,13037100
NIFTY-I.NFO,08/05/2025,11:43:26,24484,24480.3,375,24485,150,150,13037100
NIFTY-I.NFO,08/05/2025,11:43:28,24484,24480.3,375,24485,150,0,13037100
NIFTY-I.NFO,08/05/2025,11:43:30,24484,24480.3,675,24485,150,0,13037100
NIFTY-I.NFO,08/05/2025,11:43:33,24484,24480.3,975,24485,150,0,13037100
NIFTY-I.NFO,08/05/2025,11:43:41,24484,24480.3,675,24485,150,0,13037100
NIFTY-I.NFO,08/05/2025,11:43:46,24484,24481.2,150,24485,900,0,13037100
NIFTY-I.NFO,08/05/2025,11:43:47,24484,24481,225,24485,900,0,13037100
NIFTY-I.NFO,08/05/2025,11:43:49,24481,24480.8,75,24485,900,75,13037100
NIFTY-I.NFO,08/05/2025,11:43:51,24481,24480.9,150,24485,900,0,13037100
NIFTY-I.NFO,08/05/2025,11:43:54,24481,24480.8,375,24484,150,0,13037100
NIFTY-I.NFO,08/05/2025,11:43:55,24481,24480.8,825,24484,150,0,13037100
NIFTY-I.NFO,08/05/2025,11:43:57,24481,24481.2,75,24484,150,0,13037100
NIFTY-I.NFO,08/05/2025,11:43:59,24480.8,24481.1,75,24484,150,300,13037100
NIFTY-I.NFO,08/05/2025,11:44:00,24480.8,24481.1,75,24484,150,0,13037100
NIFTY-I.NFO,08/05/2025,11:44:10,24484,24481.1,75,24485,900,150,13037100
NIFTY-I.NFO,08/05/2025,11:44:12,24481.1,24481,150,24485,825,150,13037100
NIFTY-I.NFO,08/05/2025,11:44:13,24480.6,24480.9,75,24485,825,300,13037100
NIFTY-I.NFO,08/05/2025,11:44:15,24480.6,24480.9,75,24485,825,0,13037100
NIFTY-I.NFO,08/05/2025,11:44:17,24480.6,24482,75,24485,825,0,13037100
NIFTY-I.NFO,08/05/2025,11:44:26,24485,24482,75,24485,750,75,13037100
NIFTY-I.NFO,08/05/2025,11:44:28,24485,24482,75,24485,750,0,13037100
NIFTY-I.NFO,08/05/2025,11:44:32,24481.1,24481.1,150,24485,750,300,13037100
NIFTY-I.NFO,08/05/2025,11:44:34,24485,24481.1,75,24484,225,75,13037100
NIFTY-I.NFO,08/05/2025,11:44:36,24485,24481.1,75,24484,225,0,13037100
NIFTY-I.NFO,08/05/2025,11:44:39,24485,24482,225,24483.8,150,0,13037100
NIFTY-I.NFO,08/05/2025,11:44:48,24482.3,24482,225,24483.8,75,150,13037100
NIFTY-I.NFO,08/05/2025,11:44:50,24482.3,24482,225,24483.8,75,0,13037100
NIFTY-I.NFO,08/05/2025,11:44:55,24482,24482,75,24483.8,75,150,13037100
NIFTY-I.NFO,08/05/2025,11:44:56,24482,24482,75,24483.8,75,0,13037100
NIFTY-I.NFO,08/05/2025,11:44:59,24482,24481.5,75,24483.8,75,75,13037100
NIFTY-I.NFO,08/05/2025,11:45:01,24482,24481.5,75,24483.8,225,0,13037100
NIFTY-I.NFO,08/05/2025,11:45:03,24481.5,24481.1,75,24483.8,225,75,13037100
NIFTY-I.NFO,08/05/2025,11:45:04,24481.1,24480.9,150,24483.8,225,75,13037100
NIFTY-I.NFO,08/05/2025,11:45:06,24481.1,24481.2,75,24483.8,225,0,13037100
NIFTY-I.NFO,08/05/2025,11:45:09,24481.1,24481.2,150,24483.8,225,0,13037100
NIFTY-I.NFO,08/05/2025,11:45:12,24481.2,24481.1,375,24483.8,150,225,13037100
NIFTY-I.NFO,08/05/2025,11:45:14,24481.2,24481.1,300,24484,150,300,13037100
NIFTY-I.NFO,08/05/2025,11:45:16,24481.2,24481.1,900,24484,150,75,13037100
NIFTY-I.NFO,08/05/2025,11:45:17,24481.2,24481.1,600,24484,150,0,13037100
NIFTY-I.NFO,08/05/2025,11:45:22,24481.1,24480.5,75,24482.5,75,300,13037100
NIFTY-I.NFO,08/05/2025,11:45:23,24482.5,24480.4,75,24484,150,75,13037100
NIFTY-I.NFO,08/05/2025,11:45:25,24482.5,24480.9,75,24484,150,0,13037100
NIFTY-I.NFO,08/05/2025,11:45:27,24480.3,24480.8,75,24484,150,300,13037100
NIFTY-I.NFO,08/05/2025,11:45:28,24480.3,24480.8,75,24484,150,0,13037100
NIFTY-I.NFO,08/05/2025,11:45:33,24484,24480.8,675,24484,75,75,13037100
NIFTY-I.NFO,08/05/2025,11:45:35,24480.8,24480.7,375,24484,75,225,13037100
NIFTY-I.NFO,08/05/2025,11:45:37,24480.8,24480.2,1050,24484,75,0,13037100
NIFTY-I.NFO,08/05/2025,11:45:38,24480.8,24480.2,1125,24484,75,0,13037100
NIFTY-I.NFO,08/05/2025,11:45:40,24480.8,24480.3,975,24484,75,0,13037100
NIFTY-I.NFO,08/05/2025,11:45:42,24480.8,24480.2,1125,24484,75,0,13037100
NIFTY-I.NFO,08/05/2025,11:45:46,24480.8,24480.3,975,24484,150,0,13037100
NIFTY-I.NFO,08/05/2025,11:45:48,24480.8,24480.2,1125,24484,150,0,13037100
NIFTY-I.NFO,08/05/2025,11:45:50,24480.8,24480.3,675,24484,150,0,13037100
NIFTY-I.NFO,08/05/2025,11:45:51,24480.3,24480.2,1125,24484,150,75,13037700
NIFTY-I.NFO,08/05/2025,11:45:53,24480.3,24480.2,375,24484,225,0,13037700
NIFTY-I.NFO,08/05/2025,11:45:54,24484,24480.3,975,24484,150,75,13037700
NIFTY-I.NFO,08/05/2025,11:45:56,24484,24480.3,375,24484,150,0,13037700
NIFTY-I.NFO,08/05/2025,11:46:01,24480.2,24480,1200,24482,150,300,13037700
NIFTY-I.NFO,08/05/2025,11:46:03,24480,24480,1425,24482,150,75,13037700
NIFTY-I.NFO,08/05/2025,11:46:05,24480,24480,1725,24482,150,0,13037700
NIFTY-I.NFO,08/05/2025,11:46:09,24482,24480,1725,24484,150,75,13037700
NIFTY-I.NFO,08/05/2025,11:46:11,24484,24480,825,24484.7,150,75,13037700
NIFTY-I.NFO,08/05/2025,11:46:13,24484.7,24480,900,24484.7,225,75,13037700
NIFTY-I.NFO,08/05/2025,11:46:14,24480,24480,1050,24484.4,150,150,13037700
NIFTY-I.NFO,08/05/2025,11:46:18,24480,24480,900,24484.4,300,150,13037700
NIFTY-I.NFO,08/05/2025,11:46:21,24480,24479.1,75,24484.4,150,675,13037700
NIFTY-I.NFO,08/05/2025,11:46:23,24480,24479.1,75,24484.3,225,0,13037700
NIFTY-I.NFO,08/05/2025,11:46:24,24484.3,24479.5,525,24484.4,150,150,13037700
NIFTY-I.NFO,08/05/2025,11:46:26,24484.3,24480.9,1275,24484.7,150,0,13037700
NIFTY-I.NFO,08/05/2025,11:46:28,24484.3,24481,1125,24484.7,150,0,13037700
NIFTY-I.NFO,08/05/2025,11:46:29,24484,24481,450,24484.7,150,150,13037700
NIFTY-I.NFO,08/05/2025,11:46:31,24484,24480.6,375,24484.7,150,0,13037700
NIFTY-I.NFO,08/05/2025,11:46:32,24484,24480.6,75,24484.7,150,150,13037700
NIFTY-I.NFO,08/05/2025,11:46:34,24480.6,24480.5,75,24485,1575,150,13037700
NIFTY-I.NFO,08/05/2025,11:46:36,24480.6,24480.6,75,24485,1650,0,13037700
NIFTY-I.NFO,08/05/2025,11:46:37,24480.6,24480.3,300,24485,1650,0,13037700
NIFTY-I.NFO,08/05/2025,11:46:39,24480.6,24480.5,750,24485,1650,0,13037700
NIFTY-I.NFO,08/05/2025,11:46:40,24480.6,24480.3,525,24485,1650,0,13037700
NIFTY-I.NFO,08/05/2025,11:46:45,24480.6,24480.1,375,24485,1650,0,13037700
NIFTY-I.NFO,08/05/2025,11:46:47,24480.6,24480.1,675,24485,1650,0,13037700
NIFTY-I.NFO,08/05/2025,11:46:48,24484.9,24479.1,600,24484.9,150,750,13037700
NIFTY-I.NFO,08/05/2025,11:46:50,24484.9,24479.7,975,24484.9,150,0,13037700
NIFTY-I.NFO,08/05/2025,11:46:52,24484.9,24479.5,375,24484.5,225,0,13037700
NIFTY-I.NFO,08/05/2025,11:46:53,24484.2,24479.4,75,24484.1,225,150,13037700
NIFTY-I.NFO,08/05/2025,11:46:55,24479.2,24479.1,150,24484.1,150,225,13037700
NIFTY-I.NFO,08/05/2025,11:46:57,24479.1,24479,75,24484.1,150,75,13037700
NIFTY-I.NFO,08/05/2025,11:46:58,24479,24479,150,24484.1,150,75,13037700
NIFTY-I.NFO,08/05/2025,11:47:00,24479,24479.1,75,24484.1,150,0,13037700
NIFTY-I.NFO,08/05/2025,11:47:01,24484.5,24479.2,375,24484.5,750,600,13037700
NIFTY-I.NFO,08/05/2025,11:47:03,24480,24479,675,24484.2,225,150,13037700
NIFTY-I.NFO,08/05/2025,11:47:05,24480,24478.9,375,24484.2,225,0,13037700
NIFTY-I.NFO,08/05/2025,11:47:06,24478,24477.6,825,24483.7,675,525,13037700
NIFTY-I.NFO,08/05/2025,11:47:08,24478,24478,75,24483,150,0,13037700
NIFTY-I.NFO,08/05/2025,11:47:10,24483.1,24478,375,24483.1,225,750,13037700
NIFTY-I.NFO,08/05/2025,11:47:11,24483.1,24477.2,600,24482.9,300,225,13037700
NIFTY-I.NFO,08/05/2025,11:47:13,24482.9,24477.6,75,24482.9,150,600,13037700
NIFTY-I.NFO,08/05/2025,11:47:15,24479.9,24477.2,75,24479.9,225,825,13037700
NIFTY-I.NFO,08/05/2025,11:47:16,24479.9,24477.2,75,24480,225,75,13037700
NIFTY-I.NFO,08/05/2025,11:47:18,24479.9,24477,750,24480,225,0,13037700
NIFTY-I.NFO,08/05/2025,11:47:19,24482.8,24477,225,24482.7,600,900,13037700
NIFTY-I.NFO,08/05/2025,11:47:21,24482.8,24477,375,24482.9,150,1425,13037700
NIFTY-I.NFO,08/05/2025,11:47:23,24480,24477.4,975,24480,75,75,13037700
NIFTY-I.NFO,08/05/2025,11:47:24,24480,24477.7,975,24480,75,0,13037700
NIFTY-I.NFO,08/05/2025,11:47:26,24480,24478,375,24482.9,225,75,13037700
NIFTY-I.NFO,08/05/2025,11:47:28,24480,24478,75,24482.9,225,0,13037700
NIFTY-I.NFO,08/05/2025,11:47:29,24477.1,24477.1,225,24482.9,150,225,13037700
NIFTY-I.NFO,08/05/2025,11:47:31,24477.1,24477.1,525,24482.9,750,0,13037700
NIFTY-I.NFO,08/05/2025,11:47:33,24477.1,24477.6,675,24482.7,150,0,13037700
NIFTY-I.NFO,08/05/2025,11:47:34,24480,24477.9,75,24482.9,75,150,13037700
NIFTY-I.NFO,08/05/2025,11:47:36,24477.9,24477.2,225,24482.9,75,75,13037700
NIFTY-I.NFO,08/05/2025,11:47:38,24480,24477.7,75,24482.9,75,75,13037700
NIFTY-I.NFO,08/05/2025,11:47:39,24478.1,24477.4,375,24482.9,75,225,13037700
NIFTY-I.NFO,08/05/2025,11:47:41,24477.4,24478.4,1050,24480,75,150,13037700
NIFTY-I.NFO,08/05/2025,11:47:42,24477.4,24478.5,975,24480,75,0,13037700
NIFTY-I.NFO,08/05/2025,11:47:44,24480,24478.9,750,24482.9,75,75,13037700
NIFTY-I.NFO,08/05/2025,11:47:46,24480,24479.2,675,24482.9,75,0,13037700
NIFTY-I.NFO,08/05/2025,11:47:47,24480,24480,375,24482.9,75,0,13037700
NIFTY-I.NFO,08/05/2025,11:47:49,24480,24480,450,24482.9,75,0,13037700
NIFTY-I.NFO,08/05/2025,11:47:56,24480,24480,225,24482.9,75,300,13037700
NIFTY-I.NFO,08/05/2025,11:47:57,24480,24480,225,24482.9,75,0,13037700
NIFTY-I.NFO,08/05/2025,11:47:59,24480,24478.7,375,24480,75,300,13037700
NIFTY-I.NFO,08/05/2025,11:48:01,24484.1,24478.7,75,24484.1,150,1950,13037700
NIFTY-I.NFO,08/05/2025,11:48:02,24478.6,24478.5,75,24484.1,225,300,13037700
NIFTY-I.NFO,08/05/2025,11:48:04,24483.9,24478.5,75,24484,600,225,13037700
NIFTY-I.NFO,08/05/2025,11:48:05,24483.9,24478.5,375,24480,300,0,13037700
NIFTY-I.NFO,08/05/2025,11:48:07,24483.9,24478.5,75,24480,300,0,13037700
NIFTY-I.NFO,08/05/2025,11:48:09,24483.9,24478.6,75,24480,300,0,13037700
NIFTY-I.NFO,08/05/2025,11:48:10,24478.6,24478.4,75,24480,300,75,13037700
NIFTY-I.NFO,08/05/2025,11:48:12,24478.6,24478.5,75,24480,300,0,13037700
NIFTY-I.NFO,08/05/2025,11:48:14,24478.6,24478.7,375,24480,300,0,13037700
NIFTY-I.NFO,08/05/2025,11:48:15,24478.6,24478.7,75,24480,300,0,13037700
NIFTY-I.NFO,08/05/2025,11:48:17,24480,24478.7,675,24480,225,150,13037700
NIFTY-I.NFO,08/05/2025,11:48:19,24480,24478.6,375,24480,225,0,13037700
NIFTY-I.NFO,08/05/2025,11:48:20,24478.6,24478.6,750,24480,225,75,13037700
NIFTY-I.NFO,08/05/2025,11:48:22,24480,24478.7,675,24480,150,75,13037700
NIFTY-I.NFO,08/05/2025,11:48:23,24480,24478.8,375,24480,150,0,13037700
NIFTY-I.NFO,08/05/2025,11:48:25,24480,24478.9,975,24480,225,0,13037700
NIFTY-I.NFO,08/05/2025,11:48:27,24478.9,24478.9,375,24480,225,75,13037700
NIFTY-I.NFO,08/05/2025,11:48:28,24480,24479,975,24480,150,75,13037700
NIFTY-I.NFO,08/05/2025,11:48:30,24480,24479.1,375,24480,150,0,13037700
NIFTY-I.NFO,08/05/2025,11:48:31,24480,24479,375,24480,150,0,13037700
NIFTY-I.NFO,08/05/2025,11:48:33,24480,24479.1,675,24483,75,225,13037700
NIFTY-I.NFO,08/05/2025,11:48:35,24480,24479.1,375,24480,300,0,13037700
NIFTY-I.NFO,08/05/2025,11:48:36,24480,24479.3,375,24480,225,75,13037700
NIFTY-I.NFO,08/05/2025,11:48:38,24480,24479.3,75,24480,300,0,13037700
NIFTY-I.NFO,08/05/2025,11:48:39,24480,24479.2,375,24480,225,75,13037700
NIFTY-I.NFO,08/05/2025,11:48:41,24480,24479.1,375,24480,225,0,13037700
NIFTY-I.NFO,08/05/2025,11:48:43,24480,24479,75,24480,225,0,13037700
NIFTY-I.NFO,08/05/2025,11:48:44,24480,24479,75,24480,525,0,13037700
NIFTY-I.NFO,08/05/2025,11:48:46,24479.1,24478.6,450,24480,525,75,13036800
NIFTY-I.NFO,08/05/2025,11:48:47,24479.1,24478.6,150,24479.8,75,75,13036800
NIFTY-I.NFO,08/05/2025,11:48:49,24479.1,24478.6,525,24479.8,75,0,13036800
NIFTY-I.NFO,08/05/2025,11:48:51,24478.6,24478.6,450,24479.8,75,75,13036800
NIFTY-I.NFO,08/05/2025,11:48:52,24478.6,24478.5,75,24479.8,75,300,13036800
NIFTY-I.NFO,08/05/2025,11:48:54,24478.6,24478.5,75,24479.8,75,0,13036800
NIFTY-I.NFO,08/05/2025,11:48:56,24479.8,24478.6,150,24479.7,75,75,13036800
NIFTY-I.NFO,08/05/2025,11:48:57,24479.8,24478.6,150,24479.7,75,0,13036800
NIFTY-I.NFO,08/05/2025,11:49:00,24480,24480,375,24483,75,750,13036800
NIFTY-I.NFO,08/05/2025,11:49:02,24483,24480.1,900,24483.8,75,75,13036800
NIFTY-I.NFO,08/05/2025,11:49:04,24480.1,24480.2,75,24483.8,75,150,13036800
NIFTY-I.NFO,08/05/2025,11:49:05,24480.4,24480.4,75,24483.8,75,75,13036800
NIFTY-I.NFO,08/05/2025,11:49:07,24480.4,24480.4,75,24483.7,75,0,13036800
NIFTY-I.NFO,08/05/2025,11:49:09,24480.4,24481.3,525,24483.7,75,0,13036800
NIFTY-I.NFO,08/05/2025,11:49:13,24480.4,24481.3,150,24483.7,75,0,13036800
NIFTY-I.NFO,08/05/2025,11:49:25,24480.4,24482,150,24483.7,75,0,13036800
NIFTY-I.NFO,08/05/2025,11:49:31,24483.7,24483.7,75,24483.8,75,150,13036800
NIFTY-I.NFO,08/05/2025,11:49:33,24483.7,24483.7,75,24483.8,75,225,13036800
NIFTY-I.NFO,08/05/2025,11:49:34,24483.7,24482,75,24483.7,150,75,13036800
NIFTY-I.NFO,08/05/2025,11:49:36,24483.6,24482,75,24483.6,75,75,13036800
NIFTY-I.NFO,08/05/2025,11:49:38,24480.3,24480.2,825,24483.6,75,150,13036800
NIFTY-I.NFO,08/05/2025,11:49:39,24480.2,24480.2,675,24483.6,75,75,13036800
NIFTY-I.NFO,08/05/2025,11:49:41,24483.6,24480.2,675,24483.6,150,75,13036800
NIFTY-I.NFO,08/05/2025,11:49:43,24483.6,24480.2,675,24483.6,150,0,13036800
NIFTY-I.NFO,08/05/2025,11:49:46,24480.2,24480.2,600,24483.6,150,75,13036800
NIFTY-I.NFO,08/05/2025,11:49:47,24483.6,24480.2,600,24483.6,75,75,13036800
NIFTY-I.NFO,08/05/2025,11:49:49,24480.4,24480.2,600,24480.4,75,75,13036800
NIFTY-I.NFO,08/05/2025,11:49:51,24480.4,24480.2,600,24480.4,75,0,13036800
NIFTY-I.NFO,08/05/2025,11:49:52,24480.4,24480.2,600,24480.3,75,0,13036800
NIFTY-I.NFO,08/05/2025,11:49:56,24480.4,24480.2,675,24480.3,75,0,13036800
NIFTY-I.NFO,08/05/2025,11:49:57,24480,24480,75,24480.3,75,75,13036800
NIFTY-I.NFO,08/05/2025,11:49:59,24480,24479.7,75,24480.3,75,150,13036800
NIFTY-I.NFO,08/05/2025,11:50:01,24480,24479.9,75,24480.2,75,0,13036800
NIFTY-I.NFO,08/05/2025,11:50:02,24480.2,24480.1,75,24480.4,150,75,13036800
NIFTY-I.NFO,08/05/2025,11:50:04,24480.2,24480.1,375,24480.4,150,0,13036800
NIFTY-I.NFO,08/05/2025,11:50:05,24480.2,24480.3,675,24480.4,150,0,13036800
NIFTY-I.NFO,08/05/2025,11:50:07,24480.4,24480.4,300,24483.6,75,150,13036800
NIFTY-I.NFO,08/05/2025,11:50:09,24480.4,24480.4,225,24483.6,75,75,13036800
NIFTY-I.NFO,08/05/2025,11:50:10,24480.4,24480.4,225,24483.6,75,0,13036800
NIFTY-I.NFO,08/05/2025,11:50:12,24480.4,24479.9,300,24483.5,150,0,13036800
NIFTY-I.NFO,08/05/2025,11:50:14,24480.4,24480,375,24483.5,75,0,13036800
NIFTY-I.NFO,08/05/2025,11:50:15,24480.4,24480.3,375,24483.6,75,0,13036800
NIFTY-I.NFO,08/05/2025,11:50:17,24479.9,24480.2,375,24483.6,75,1125,13036800
NIFTY-I.NFO,08/05/2025,11:50:19,24483.6,24480.5,375,24483.8,75,75,13036800
NIFTY-I.NFO,08/05/2025,11:50:20,24483.6,24480.6,375,24483.8,75,0,13036800
NIFTY-I.NFO,08/05/2025,11:50:22,24483.6,24480.6,375,24483.7,75,0,13036800
NIFTY-I.NFO,08/05/2025,11:50:25,24483.6,24480.6,375,24483.7,75,150,13036800
NIFTY-I.NFO,08/05/2025,11:50:27,24483.6,24480.6,375,24483.7,75,0,13036800
NIFTY-I.NFO,08/05/2025,11:50:28,24483.9,24480.6,300,24484,150,225,13036800
NIFTY-I.NFO,08/05/2025,11:50:30,24484,24480.6,300,24484,75,75,13036800
NIFTY-I.NFO,08/05/2025,11:50:32,24480.6,24480.6,150,24484,75,150,13036800
NIFTY-I.NFO,08/05/2025,11:50:33,24480.6,24480.3,75,24484,75,0,13036800
NIFTY-I.NFO,08/05/2025,11:50:36,24480.6,24480.3,675,24480.6,75,0,13036800
NIFTY-I.NFO,08/05/2025,11:50:38,24480.6,24480.3,75,24484,150,75,13036800
NIFTY-I.NFO,08/05/2025,11:50:39,24480.6,24480.3,75,24484,150,0,13036800
NIFTY-I.NFO,08/05/2025,11:50:41,24480.6,24480.3,375,24482.1,75,0,13036800
NIFTY-I.NFO,08/05/2025,11:50:44,24480.6,24480.3,375,24481.2,75,0,13036800
NIFTY-I.NFO,08/05/2025,11:50:47,24480.3,24480.1,75,24484,150,150,13036800
NIFTY-I.NFO,08/05/2025,11:50:49,24480.3,24480.1,75,24484,150,0,13036800
NIFTY-I.NFO,08/05/2025,11:50:51,24480.3,24480.6,75,24482,75,0,13036800
NIFTY-I.NFO,08/05/2025,11:50:55,24482,24480.6,75,24484,150,75,13036800
NIFTY-I.NFO,08/05/2025,11:50:57,24482,24480.6,75,24484,150,0,13036800
NIFTY-I.NFO,08/05/2025,11:51:02,24482,24480.6,75,24482,75,0,13036800
NIFTY-I.NFO,08/05/2025,11:51:06,24482,24480.7,150,24484,75,75,13036800
NIFTY-I.NFO,08/05/2025,11:51:08,24484,24480.7,75,24483.9,75,75,13036800
NIFTY-I.NFO,08/05/2025,11:51:10,24480.6,24480.6,300,24483.9,75,225,13036800
NIFTY-I.NFO,08/05/2025,11:51:11,24480.6,24480.6,300,24483.9,75,0,13036800
NIFTY-I.NFO,08/05/2025,11:51:13,24480.6,24480.6,300,24482,75,0,13036800
NIFTY-I.NFO,08/05/2025,11:51:16,24480.6,24480.7,300,24482,75,0,13036800
NIFTY-I.NFO,08/05/2025,11:51:19,24480.7,24480.7,825,24482,75,75,13036800
NIFTY-I.NFO,08/05/2025,11:51:21,24480.7,24480.7,675,24482,75,150,13036800
NIFTY-I.NFO,08/05/2025,11:51:23,24481,24480.7,75,24484,450,150,13036800
NIFTY-I.NFO,08/05/2025,11:51:24,24481,24480.7,75,24484,450,0,13036800
NIFTY-I.NFO,08/05/2025,11:51:26,24480.7,24480.5,150,24484,450,75,13036800
NIFTY-I.NFO,08/05/2025,11:51:27,24484,24480.5,150,24483.9,150,450,13036800
NIFTY-I.NFO,08/05/2025,11:51:29,24483.9,24480.5,450,24480.7,75,75,13036800
NIFTY-I.NFO,08/05/2025,11:51:31,24483.9,24480.5,450,24480.7,75,0,13036800
NIFTY-I.NFO,08/05/2025,11:51:32,24483.9,24480.4,450,24480.7,75,0,13036800
NIFTY-I.NFO,08/05/2025,11:51:34,24480.4,24480.4,375,24480.7,75,75,13036800
NIFTY-I.NFO,08/05/2025,11:51:36,24480.7,24480.4,75,24483.9,75,75,13036800
NIFTY-I.NFO,08/05/2025,11:51:37,24480.7,24480.5,75,24483.9,75,0,13036800
NIFTY-I.NFO,08/05/2025,11:51:42,24480.5,24480.3,525,24483.9,75,75,13036800
NIFTY-I.NFO,08/05/2025,11:51:44,24480.5,24480.4,150,24483.9,75,0,13036800
NIFTY-I.NFO,08/05/2025,11:51:52,24480.5,24480.7,150,24483.9,75,75,13035750
NIFTY-I.NFO,08/05/2025,11:51:53,24480.7,24480.4,150,24483.9,75,150,13035750
NIFTY-I.NFO,08/05/2025,11:51:55,24480.7,24480.4,150,24483.9,75,0,13035750
NIFTY-I.NFO,08/05/2025,11:51:57,24483.9,24480.4,75,24484.2,75,150,13035750
NIFTY-I.NFO,08/05/2025,11:51:58,24483.9,24480.4,75,24483.9,150,0,13035750
NIFTY-I.NFO,08/05/2025,11:52:03,24483.9,24480.5,75,24483.9,150,0,13035750
NIFTY-I.NFO,08/05/2025,11:52:08,24483.9,24480.5,75,24483,225,0,13035750
NIFTY-I.NFO,08/05/2025,11:52:09,24483.9,24480.5,75,24483,375,0,13035750
NIFTY-I.NFO,08/05/2025,11:52:13,24483.9,24480.5,75,24483,450,0,13035750
NIFTY-I.NFO,08/05/2025,11:52:16,24483.9,24480.5,75,24483,300,0,13035750
NIFTY-I.NFO,08/05/2025,11:52:17,24483,24481.1,75,24483,150,150,13035750
NIFTY-I.NFO,08/05/2025,11:52:21,24483,24481.4,150,24483,150,0,13035750
NIFTY-I.NFO,08/05/2025,11:52:22,24483,24481.5,225,24483,150,0,13035750
NIFTY-I.NFO,08/05/2025,11:52:24,24481.5,24481.3,375,24483,150,75,13035750
NIFTY-I.NFO,08/05/2025,11:52:26,24481.5,24481.3,75,24483,5550,0,13035750
NIFTY-I.NFO,08/05/2025,11:52:27,24481.5,24481.3,75,24482,75,0,13035750
NIFTY-I.NFO,08/05/2025,11:52:34,24483,24481.3,225,24483,5325,300,13035750
NIFTY-I.NFO,08/05/2025,11:52:36,24483,24481.5,225,24483,5325,0,13035750
NIFTY-I.NFO,08/05/2025,11:52:37,24483,24482,150,24483,5250,75,13035750
NIFTY-I.NFO,08/05/2025,11:52:39,24483,24482,150,24483,5250,0,13035750
NIFTY-I.NFO,08/05/2025,11:52:40,24483,24482,150,24483,5325,0,13035750
NIFTY-I.NFO,08/05/2025,11:52:45,24483,24482,75,24483,4425,975,13035750
NIFTY-I.NFO,08/05/2025,11:52:47,24481.7,24481.7,300,24483,4350,300,13035750
NIFTY-I.NFO,08/05/2025,11:52:49,24481.7,24481.7,300,24483,4350,0,13035750
NIFTY-I.NFO,08/05/2025,11:52:52,24483,24481.7,300,24483,3600,750,13035750
NIFTY-I.NFO,08/05/2025,11:52:54,24481.5,24481.5,75,24483,3600,150,13035750
NIFTY-I.NFO,08/05/2025,11:52:55,24483,24481.5,75,24483,3525,75,13035750
NIFTY-I.NFO,08/05/2025,11:52:57,24483,24481.5,75,24483,3525,0,13035750
NIFTY-I.NFO,08/05/2025,11:53:02,24483,24481.5,75,24483,3675,0,13035750
NIFTY-I.NFO,08/05/2025,11:53:05,24483,24481.8,75,24483,3675,0,13035750
NIFTY-I.NFO,08/05/2025,11:53:06,24483,24481.8,75,24483,3750,0,13035750
NIFTY-I.NFO,08/05/2025,11:53:11,24481.8,24481.4,150,24481.8,150,75,13035750
NIFTY-I.NFO,08/05/2025,11:53:13,24481.8,24481.4,150,24483,3750,75,13035750
NIFTY-I.NFO,08/05/2025,11:53:15,24481.4,24481.1,375,24483,3750,75,13035750
NIFTY-I.NFO,08/05/2025,11:53:16,24481.4,24481,75,24481.8,150,0,13035750
NIFTY-I.NFO,08/05/2025,11:53:18,24481,24480.6,150,24481,225,75,13035750
NIFTY-I.NFO,08/05/2025,11:53:20,24480.6,24480.5,375,24481.8,150,150,13035750
NIFTY-I.NFO,08/05/2025,11:53:21,24480.5,24480.5,75,24481.8,150,300,13035750
NIFTY-I.NFO,08/05/2025,11:53:23,24481.8,24479.8,150,24481,225,150,13035750
NIFTY-I.NFO,08/05/2025,11:53:25,24481.8,24479.8,150,24481,225,0,13035750
NIFTY-I.NFO,08/05/2025,11:53:30,24479.8,24479.8,75,24481,225,75,13035750
NIFTY-I.NFO,08/05/2025,11:53:31,24479.8,24480,150,24481,225,0,13035750
NIFTY-I.NFO,08/05/2025,11:53:33,24480,24480,75,24481,225,75,13035750
NIFTY-I.NFO,08/05/2025,11:53:38,24480,24480.1,675,24481,225,0,13035750
NIFTY-I.NFO,08/05/2025,11:53:39,24480.1,24480.2,75,24481,225,75,13035750
NIFTY-I.NFO,08/05/2025,11:53:41,24480.1,24480.2,75,24480.5,225,0,13035750
NIFTY-I.NFO,08/05/2025,11:53:43,24480.1,24480.1,225,24480.5,225,225,13035750
NIFTY-I.NFO,08/05/2025,11:53:44,24480.1,24480.1,225,24480.5,225,0,13035750
NIFTY-I.NFO,08/05/2025,11:53:46,24480,24479.9,825,24480,3825,1650,13035750
NIFTY-I.NFO,08/05/2025,11:53:48,24480,24479.9,1200,24480,3675,150,13035750
NIFTY-I.NFO,08/05/2025,11:53:49,24480,24479.9,375,24480,2025,1800,13035750
NIFTY-I.NFO,08/05/2025,11:53:51,24480,24479.9,750,24480,1200,975,13035750
NIFTY-I.NFO,08/05/2025,11:53:53,24480,24479.9,225,24480,1275,0,13035750
NIFTY-I.NFO,08/05/2025,11:53:54,24480,24479.9,150,24480,1275,0,13035750
NIFTY-I.NFO,08/05/2025,11:53:56,24480.5,24480,75,24480.5,75,1950,13035750
NIFTY-I.NFO,08/05/2025,11:53:57,24480.5,24480,75,24480.5,75,0,13035750
NIFTY-I.NFO,08/05/2025,11:53:59,24483,24480,75,24482.7,150,1800,13035750
NIFTY-I.NFO,08/05/2025,11:54:01,24480,24479.8,600,24480,1200,2175,13035750
NIFTY-I.NFO,08/05/2025,11:54:02,24483.7,24479.8,1200,24484.1,75,1800,13035750
NIFTY-I.NFO,08/05/2025,11:54:04,24479.8,24479.7,75,24484.1,75,225,13035750
NIFTY-I.NFO,08/05/2025,11:54:05,24485,24479.7,150,24484.7,600,1800,13035750
NIFTY-I.NFO,08/05/2025,11:54:07,24479.2,24479.7,75,24484.7,600,4425,13035750
NIFTY-I.NFO,08/05/2025,11:54:09,24479.2,24479.7,75,24484.7,600,0,13035750
NIFTY-I.NFO,08/05/2025,11:54:10,24479.2,24479.7,75,24484.5,600,0,13035750
NIFTY-I.NFO,08/05/2025,11:54:12,24479.2,24479.7,375,24484.7,600,0,13035750
NIFTY-I.NFO,08/05/2025,11:54:14,24479.2,24479.6,600,24484.5,600,0,13035750
NIFTY-I.NFO,08/05/2025,11:54:15,24479.6,24479.4,375,24485.5,150,1800,13035750
NIFTY-I.NFO,08/05/2025,11:54:17,24485.5,24479.4,525,24485.5,75,150,13035750
NIFTY-I.NFO,08/05/2025,11:54:19,24485.5,24479.4,375,24485.1,150,0,13035750
NIFTY-I.NFO,08/05/2025,11:54:23,24485.5,24479.4,600,24484.9,75,0,13035750
NIFTY-I.NFO,08/05/2025,11:54:25,24485.5,24479.4,525,24484.9,75,0,13035750
NIFTY-I.NFO,08/05/2025,11:54:26,24485.5,24479.5,525,24484.9,75,0,13035750
NIFTY-I.NFO,08/05/2025,11:54:28,24481.5,24479.6,225,24484.9,75,75,13035750
NIFTY-I.NFO,08/05/2025,11:54:30,24481.5,24479.6,1125,24484.9,75,0,13035750
NIFTY-I.NFO,08/05/2025,11:54:33,24481.5,24479.7,1125,24484.9,75,0,13035750
NIFTY-I.NFO,08/05/2025,11:54:34,24481.5,24479.8,525,24484.9,75,0,13035750
NIFTY-I.NFO,08/05/2025,11:54:36,24485,24479.8,525,24484.9,150,975,13035750
NIFTY-I.NFO,08/05/2025,11:54:38,24485,24479.8,525,24484.9,150,0,13035750
NIFTY-I.NFO,08/05/2025,11:54:43,24479.8,24479.3,150,24484.9,150,225,13035750
NIFTY-I.NFO,08/05/2025,11:54:44,24479.8,24479.3,450,24484.9,225,0,13035750
NIFTY-I.NFO,08/05/2025,11:54:46,24481,24480,75,24484.9,225,75,13035750
NIFTY-I.NFO,08/05/2025,11:54:48,24480,24479.3,450,24484.9,225,225,13021425
NIFTY-I.NFO,08/05/2025,11:54:49,24480,24479.3,1050,24484.9,225,0,13021425
NIFTY-I.NFO,08/05/2025,11:54:51,24480,24479.4,600,24484.9,225,0,13021425
NIFTY-I.NFO,08/05/2025,11:54:52,24480,24479.7,975,24484.9,225,0,13021425
NIFTY-I.NFO,08/05/2025,11:54:54,24479.8,24479.8,750,24484.9,225,150,13021425
NIFTY-I.NFO,08/05/2025,11:54:56,24479.8,24479.8,600,24484.9,225,0,13021425
NIFTY-I.NFO,08/05/2025,11:54:57,24479.7,24479.6,150,24484.9,300,150,13021425
NIFTY-I.NFO,08/05/2025,11:54:59,24480.2,24480.2,300,24484.9,225,225,13021425
NIFTY-I.NFO,08/05/2025,11:55:05,24480.2,24480.2,825,24484.9,225,0,13021425
NIFTY-I.NFO,08/05/2025,11:55:07,24480.2,24480.2,750,24484.9,225,75,13021425
NIFTY-I.NFO,08/05/2025,11:55:08,24480.2,24480.2,750,24484.9,225,0,13021425
NIFTY-I.NFO,08/05/2025,11:55:10,24480.2,24480.3,900,24484.9,225,0,13021425
NIFTY-I.NFO,08/05/2025,11:55:12,24480.4,24480.6,1500,24484.9,225,75,13021425
NIFTY-I.NFO,08/05/2025,11:55:13,24480.4,24480.5,75,24484.9,225,0,13021425
NIFTY-I.NFO,08/05/2025,11:55:15,24480.4,24480.7,225,24484.9,225,0,13021425
NIFTY-I.NFO,08/05/2025,11:55:16,24480.4,24480.7,525,24484.9,225,0,13021425
NIFTY-I.NFO,08/05/2025,11:55:21,24480.7,24480.7,450,24484.9,225,75,13021425
NIFTY-I.NFO,08/05/2025,11:55:23,24480.7,24480.7,450,24484.9,225,0,13021425
NIFTY-I.NFO,08/05/2025,11:55:24,24480.8,24480.8,375,24484.9,225,75,13021425
NIFTY-I.NFO,08/05/2025,11:55:26,24484.9,24480.8,525,24484.9,150,75,13021425
NIFTY-I.NFO,08/05/2025,11:55:27,24484.9,24480.8,1125,24484.9,150,0,13021425
NIFTY-I.NFO,08/05/2025,11:55:29,24484.9,24480.9,150,24484.9,150,0,13021425
NIFTY-I.NFO,08/05/2025,11:55:31,24484.9,24480.9,450,24484.9,150,0,13021425
NIFTY-I.NFO,08/05/2025,11:55:32,24480.8,24480.6,150,24484.9,150,600,13021425
NIFTY-I.NFO,08/05/2025,11:55:34,24480.6,24480.5,150,24484.9,150,300,13021425
NIFTY-I.NFO,08/05/2025,11:55:36,24480.6,24480.5,150,24484.9,150,0,13021425
NIFTY-I.NFO,08/05/2025,11:55:39,24484.9,24480.5,750,24484.9,75,75,13021425
NIFTY-I.NFO,08/05/2025,11:55:40,24484.9,24480.5,1050,24481,75,0,13021425
NIFTY-I.NFO,08/05/2025,11:55:43,24480.5,24480.3,525,24481,75,150,13021425
NIFTY-I.NFO,08/05/2025,11:55:45,24481,24480.3,225,24483.9,75,75,13021425
NIFTY-I.NFO,08/05/2025,11:55:46,24481,24480.3,225,24483.9,75,0,13021425
NIFTY-I.NFO,08/05/2025,11:55:49,24481,24480.3,525,24481,150,0,13021425
NIFTY-I.NFO,08/05/2025,11:55:54,24481,24480.5,525,24481,150,0,13021425
NIFTY-I.NFO,08/05/2025,11:55:57,24480.5,24480.5,450,24481,150,75,13021425
NIFTY-I.NFO,08/05/2025,11:55:59,24482.9,24480.5,150,24483,1050,225,13021425
NIFTY-I.NFO,08/05/2025,11:56:00,24480.5,24480.3,75,24481.7,75,150,13021425
NIFTY-I.NFO,08/05/2025,11:56:02,24480.3,24480,1350,24480.3,150,75,13021425
NIFTY-I.NFO,08/05/2025,11:56:03,24480.3,24480,1350,24480.1,75,0,13021425
NIFTY-I.NFO,08/05/2025,11:56:08,24480,24480,1725,24480.3,150,75,13021425
NIFTY-I.NFO,08/05/2025,11:56:10,24480.3,24480.1,1050,24480.3,75,75,13021425
NIFTY-I.NFO,08/05/2025,11:56:11,24480.3,24480.5,75,24483,1050,150,13021425
NIFTY-I.NFO,08/05/2025,11:56:13,24480.5,24480.3,525,24483,1125,75,13021425
NIFTY-I.NFO,08/05/2025,11:56:14,24480.5,24480.3,525,24483,1125,0,13021425
NIFTY-I.NFO,08/05/2025,11:56:18,24480.5,24480.3,450,24483,1125,0,13021425
NIFTY-I.NFO,08/05/2025,11:56:19,24480.3,24481.1,75,24483,975,225,13021425
NIFTY-I.NFO,08/05/2025,11:56:21,24480.3,24480.6,75,24483,975,0,13021425
NIFTY-I.NFO,08/05/2025,11:56:24,24480.3,24481.1,75,24483,975,0,13021425
NIFTY-I.NFO,08/05/2025,11:56:26,24483,24480.5,75,24483,900,75,13021425
NIFTY-I.NFO,08/05/2025,11:56:27,24483,24480.5,75,24483,900,0,13021425
NIFTY-I.NFO,08/05/2025,11:56:29,24480.5,24480.5,750,24483,900,75,13021425
NIFTY-I.NFO,08/05/2025,11:56:31,24480.5,24480.5,750,24482.7,150,0,13021425
NIFTY-I.NFO,08/05/2025,11:56:35,24482.7,24480.5,750,24482.7,75,75,13021425
NIFTY-I.NFO,08/05/2025,11:56:37,24482.7,24480.5,750,24482.7,75,0,13021425
NIFTY-I.NFO,08/05/2025,11:56:39,24482.7,24480.7,750,24482.9,75,0,13021425
NIFTY-I.NFO,08/05/2025,11:56:40,24482.7,24480.7,750,24482.7,75,0,13021425
NIFTY-I.NFO,08/05/2025,11:56:42,24480.7,24480.5,525,24482.9,75,225,13021425
NIFTY-I.NFO,08/05/2025,11:56:43,24480.5,24480.5,450,24483,900,75,13021425
NIFTY-I.NFO,08/05/2025,11:56:45,24480.5,24480.5,450,24482.7,75,0,13021425
NIFTY-I.NFO,08/05/2025,11:56:51,24480.5,24480.5,225,24482.7,150,300,13021425
NIFTY-I.NFO,08/05/2025,11:56:53,24480.5,24480.5,375,24482,75,225,13021425
NIFTY-I.NFO,08/05/2025,11:56:54,24480.6,24480.5,75,24483,975,225,13021425
NIFTY-I.NFO,08/05/2025,11:56:56,24480.6,24480.5,150,24483,825,0,13021425
NIFTY-I.NFO,08/05/2025,11:56:58,24480.6,24481.3,75,24482.7,150,0,13021425
NIFTY-I.NFO,08/05/2025,11:56:59,24481.1,24481.3,75,24482.9,150,150,13021425
NIFTY-I.NFO,08/05/2025,11:57:01,24481.3,24481,75,24482.7,150,75,13021425
NIFTY-I.NFO,08/05/2025,11:57:03,24483.4,24481,75,24483.4,75,900,13021425
NIFTY-I.NFO,08/05/2025,11:57:04,24484.6,24480.8,75,24484.8,150,375,13021425
NIFTY-I.NFO,08/05/2025,11:57:06,24484.6,24480.8,75,24484.6,150,0,13021425
NIFTY-I.NFO,08/05/2025,11:57:07,24484.6,24483,150,24484.6,150,0,13021425
NIFTY-I.NFO,08/05/2025,11:57:09,24484.8,24480.7,75,24483,150,450,13021425
NIFTY-I.NFO,08/05/2025,11:57:11,24480.7,24481.1,75,24484.6,150,75,13021425
NIFTY-I.NFO,08/05/2025,11:57:12,24480.7,24481.1,75,24484.6,150,0,13021425
NIFTY-I.NFO,08/05/2025,11:57:14,24481.1,24481,75,24484.8,150,75,13021425
NIFTY-I.NFO,08/05/2025,11:57:15,24481.1,24482.9,75,24484.6,150,0,13021425
NIFTY-I.NFO,08/05/2025,11:57:17,24482.9,24480.6,225,24484.6,150,75,13021425
NIFTY-I.NFO,08/05/2025,11:57:18,24482.9,24480.5,75,24484.6,150,0,13021425
NIFTY-I.NFO,08/05/2025,11:57:20,24482.9,24481,75,24484.7,375,0,13021425
NIFTY-I.NFO,08/05/2025,11:57:22,24482.9,24481.9,75,24484.6,150,0,13021425
NIFTY-I.NFO,08/05/2025,11:57:23,24481.9,24481.3,75,24483,75,75,13021425
NIFTY-I.NFO,08/05/2025,11:57:25,24481.9,24481.4,75,24483,75,0,13021425
NIFTY-I.NFO,08/05/2025,11:57:27,24481.9,24481.6,150,24483,75,0,13021425
NIFTY-I.NFO,08/05/2025,11:57:28,24481.7,24481.1,75,24483,75,75,13021425
NIFTY-I.NFO,08/05/2025,11:57:30,24484.8,24481,150,24484.8,75,150,13021425
NIFTY-I.NFO,08/05/2025,11:57:31,24481,24480.9,150,24484.8,75,75,13021425
NIFTY-I.NFO,08/05/2025,11:57:33,24481,24480.9,150,24484.8,75,0,13021425
NIFTY-I.NFO,08/05/2025,11:57:35,24481,24481.3,150,24482,300,0,13021425
NIFTY-I.NFO,08/05/2025,11:57:40,24481,24481.4,75,24482,300,375,13021425
NIFTY-I.NFO,08/05/2025,11:57:41,24481,24481.3,75,24482,300,0,13021425
NIFTY-I.NFO,08/05/2025,11:57:46,24481,24481.2,75,24482,300,0,13021425
NIFTY-I.NFO,08/05/2025,11:57:51,24481,24481.1,75,24482,300,0,13021425
NIFTY-I.NFO,08/05/2025,11:57:53,24481,24481,75,24482,300,0,13021425
NIFTY-I.NFO,08/05/2025,11:57:56,24481,24480.9,75,24481.9,75,0,13021425
NIFTY-I.NFO,08/05/2025,11:57:58,24481,24480.8,75,24481.9,75,0,13021425
NIFTY-I.NFO,08/05/2025,11:57:59,24481,24480.9,75,24481.9,75,0,13021425
NIFTY-I.NFO,08/05/2025,11:58:01,24481,24480.4,75,24481,75,0,13021425
NIFTY-I.NFO,08/05/2025,11:58:04,24481,24480.2,75,24481,75,0,13021425
NIFTY-I.NFO,08/05/2025,11:58:06,24481,24480,1500,24481,75,0,13021425
NIFTY-I.NFO,08/05/2025,11:58:09,24481,24480,1500,24481,225,0,13021425
NIFTY-I.NFO,08/05/2025,11:58:11,24480.2,24480.5,225,24481,225,75,13020375
NIFTY-I.NFO,08/05/2025,11:58:12,24480.2,24480.5,225,24480.9,75,0,13020375
NIFTY-I.NFO,08/05/2025,11:58:14,24480.5,24480.5,150,24480.9,75,75,13020375
NIFTY-I.NFO,08/05/2025,11:58:15,24480.5,24480.5,150,24480.9,75,0,13020375
NIFTY-I.NFO,08/05/2025,11:58:19,24480.5,24480.2,150,24480.9,75,150,13020375
NIFTY-I.NFO,08/05/2025,11:58:20,24480.5,24480.6,75,24480.9,75,0,13020375
NIFTY-I.NFO,08/05/2025,11:58:22,24481,24480.6,75,24482,750,375,13020375
NIFTY-I.NFO,08/05/2025,11:58:24,24481,24480.8,75,24482,750,0,13020375
NIFTY-I.NFO,08/05/2025,11:58:25,24482,24480.8,75,24482,675,75,13020375
NIFTY-I.NFO,08/05/2025,11:58:27,24483.9,24481,75,24483.9,150,825,13020375
NIFTY-I.NFO,08/05/2025,11:58:28,24483.9,24481,150,24483.9,150,0,13020375
NIFTY-I.NFO,08/05/2025,11:58:33,24483.9,24481,150,24483.9,225,0,13020375
NIFTY-I.NFO,08/05/2025,11:58:35,24481,24480.9,150,24483.9,225,150,13020375
NIFTY-I.NFO,08/05/2025,11:58:37,24481,24480.9,150,24483.9,300,0,13020375
NIFTY-I.NFO,08/05/2025,11:58:38,24483.9,24480.9,150,24483.8,150,150,13020375
NIFTY-I.NFO,08/05/2025,11:58:40,24483.9,24483,300,24483.8,150,0,13020375
NIFTY-I.NFO,08/05/2025,11:58:42,24483,24480.9,150,24483.8,75,300,13020375
NIFTY-I.NFO,08/05/2025,11:58:43,24483.8,24481.9,75,24483.9,150,75,13020375
NIFTY-I.NFO,08/05/2025,11:58:45,24483.8,24481.9,75,24483.8,375,0,13020375
NIFTY-I.NFO,08/05/2025,11:58:46,24483.8,24481.9,75,24483.8,525,0,13020375
NIFTY-I.NFO,08/05/2025,11:58:48,24483.8,24481.9,75,24483.8,825,0,13020375
NIFTY-I.NFO,08/05/2025,11:58:50,24481.9,24480.9,150,24483.8,675,75,13020375
NIFTY-I.NFO,08/05/2025,11:58:51,24483.7,24480.6,375,24483.8,300,75,13020375
NIFTY-I.NFO,08/05/2025,11:58:53,24483.8,24480.6,375,24483.7,375,75,13020375
NIFTY-I.NFO,08/05/2025,11:58:54,24483.8,24480.6,375,24483.7,375,0,13020375
NIFTY-I.NFO,08/05/2025,11:58:58,24483.8,24481,75,24482,225,0,13020375
NIFTY-I.NFO,08/05/2025,11:59:03,24481,24480.4,150,24482,225,75,13020375
NIFTY-I.NFO,08/05/2025,11:59:04,24481,24480,1275,24482,225,0,13020375
NIFTY-I.NFO,08/05/2025,11:59:11,24480,24480,1050,24483.5,150,225,13020375
NIFTY-I.NFO,08/05/2025,11:59:12,24480,24480,900,24482.9,150,150,13020375
NIFTY-I.NFO,08/05/2025,11:59:14,24480,24480,900,24482.9,150,0,13020375
NIFTY-I.NFO,08/05/2025,11:59:15,24480,24480,975,24482.7,150,0,13020375
NIFTY-I.NFO,08/05/2025,11:59:17,24480,24480,975,24482.9,150,0,13020375
NIFTY-I.NFO,08/05/2025,11:59:19,24480,24480,975,24482.7,150,0,13020375
NIFTY-I.NFO,08/05/2025,11:59:20,24480,24480,825,24482.7,75,150,13020375
NIFTY-I.NFO,08/05/2025,11:59:21,24480,24480,750,24483,300,75,13020375
NIFTY-I.NFO,08/05/2025,11:59:23,24480,24480,750,24483,300,0,13020375
NIFTY-I.NFO,08/05/2025,11:59:26,24480,24480,750,24481.8,375,0,13020375
NIFTY-I.NFO,08/05/2025,11:59:28,24480,24480,675,24481.7,150,75,13020375
NIFTY-I.NFO,08/05/2025,11:59:30,24480,24480,675,24481.7,150,0,13020375
NIFTY-I.NFO,08/05/2025,11:59:31,24480,24480,675,24482,225,0,13020375
NIFTY-I.NFO,08/05/2025,11:59:33,24480,24480,600,24481.9,525,75,13020375
NIFTY-I.NFO,08/05/2025,11:59:35,24480,24480,600,24481.9,525,0,13020375
NIFTY-I.NFO,08/05/2025,11:59:36,24480,24480,600,24481.7,150,0,13020375
NIFTY-I.NFO,08/05/2025,11:59:38,24480,24480,525,24481.9,150,75,13020375
NIFTY-I.NFO,08/05/2025,11:59:39,24480,24480,450,24482,225,75,13020375
NIFTY-I.NFO,08/05/2025,11:59:41,24480,24480,450,24482,375,0,13020375
NIFTY-I.NFO,08/05/2025,11:59:44,24480,24480,450,24482,450,0,13020375
NIFTY-I.NFO,08/05/2025,11:59:46,24480,24480,375,24481.9,225,75,13020375
NIFTY-I.NFO,08/05/2025,11:59:47,24479.6,24479.6,375,24481.9,75,450,13020375
NIFTY-I.NFO,08/05/2025,11:59:49,24479.8,24479.9,75,24481.9,75,75,13020375
NIFTY-I.NFO,08/05/2025,11:59:51,24485.7,24480.3,675,24484.7,150,2325,13020375
NIFTY-I.NFO,08/05/2025,11:59:52,24485.7,24480.3,675,24484.7,150,0,13020375
NIFTY-I.NFO,08/05/2025,11:59:54,24480.3,24480.3,75,24484.7,225,150,13020375
NIFTY-I.NFO,08/05/2025,11:59:56,24484.7,24480.3,75,24484.7,150,225,13020375
NIFTY-I.NFO,08/05/2025,11:59:57,24480.4,24480.4,75,24484.3,150,975,13020375
NIFTY-I.NFO,08/05/2025,11:59:59,24480.4,24480.5,450,24484.5,150,0,13020375
NIFTY-I.NFO,08/05/2025,12:00:02,24480.4,24480.6,75,24484.4,75,0,13020375
NIFTY-I.NFO,08/05/2025,12:00:04,24480.6,24480.5,150,24484.3,375,75,13020375
NIFTY-I.NFO,08/05/2025,12:00:05,24480.6,24480.5,150,24484.4,225,0,13020375
NIFTY-I.NFO,08/05/2025,12:00:07,24480.5,24480.4,300,24484.4,225,150,13020375
NIFTY-I.NFO,08/05/2025,12:00:09,24484.4,24480.4,600,24484.4,75,150,13020375
NIFTY-I.NFO,08/05/2025,12:00:10,24480.4,24480.6,75,24484.7,150,300,13020375
NIFTY-I.NFO,08/05/2025,12:00:12,24480.4,24480.4,150,24484.7,150,0,13020375
NIFTY-I.NFO,08/05/2025,12:00:14,24480.5,24480.4,150,24484.7,150,75,13020375
NIFTY-I.NFO,08/05/2025,12:00:15,24480.5,24480.4,150,24484.7,150,0,13020375
NIFTY-I.NFO,08/05/2025,12:00:17,24480.4,24480.4,75,24484.7,150,75,13020375
NIFTY-I.NFO,08/05/2025,12:00:18,24480.4,24480.4,75,24484.9,150,0,13020375
NIFTY-I.NFO,08/05/2025,12:00:20,24480.4,24480.4,75,24484.7,150,0,13020375
NIFTY-I.NFO,08/05/2025,12:00:21,24480.4,24480.4,75,24484.7,225,0,13020375
NIFTY-I.NFO,08/05/2025,12:00:23,24484.7,24480.4,75,24484.7,150,75,13020375
NIFTY-I.NFO,08/05/2025,12:00:25,24480.4,24479.8,300,24484.6,150,150,13020375
NIFTY-I.NFO,08/05/2025,12:00:26,24479.9,24479.8,225,24484.4,150,75,13020375
NIFTY-I.NFO,08/05/2025,12:00:28,24479.9,24480.4,300,24484.4,150,0,13020375
NIFTY-I.NFO,08/05/2025,12:00:29,24480.6,24480.6,150,24484,225,75,13020375
NIFTY-I.NFO,08/05/2025,12:00:31,24480.6,24481.1,300,24484,225,0,13020375
NIFTY-I.NFO,08/05/2025,12:00:34,24480.6,24481.1,375,24484,300,0,13020375
NIFTY-I.NFO,08/05/2025,12:00:36,24481.1,24481.1,75,24484,225,75,13020375
NIFTY-I.NFO,08/05/2025,12:00:37,24481.1,24481,300,24484,225,75,13020375
NIFTY-I.NFO,08/05/2025,12:00:39,24481.1,24480.6,150,24484,225,0,13020375
NIFTY-I.NFO,08/05/2025,12:00:41,24480.6,24480.4,300,24484,225,150,13020375
NIFTY-I.NFO,08/05/2025,12:00:42,24480.6,24480.4,300,24484,225,0,13020375
NIFTY-I.NFO,08/05/2025,12:00:44,24484,24480,450,24484,150,225,13020375
NIFTY-I.NFO,08/05/2025,12:00:45,24484,24480,450,24484,150,0,13020375
NIFTY-I.NFO,08/05/2025,12:00:48,24480,24480,375,24483.6,75,75,13010175
NIFTY-I.NFO,08/05/2025,12:00:50,24480,24480,375,24483.6,75,0,13010175
NIFTY-I.NFO,08/05/2025,12:00:52,24480,24480.1,75,24483.6,300,0,13010175
NIFTY-I.NFO,08/05/2025,12:00:53,24480,24480.1,150,24483.5,525,0,13010175
NIFTY-I.NFO,08/05/2025,12:00:55,24480,24480.1,150,24483.3,150,0,13010175
NIFTY-I.NFO,08/05/2025,12:00:56,24480.1,24480.1,75,24483.3,150,75,13010175
NIFTY-I.NFO,08/05/2025,12:00:58,24480.1,24480.1,75,24483.3,150,0,13010175
NIFTY-I.NFO,08/05/2025,12:00:59,24483.3,24480.1,75,24483.3,75,75,13010175
NIFTY-I.NFO,08/05/2025,12:01:01,24483.3,24480.1,75,24483.3,150,75,13010175
NIFTY-I.NFO,08/05/2025,12:01:03,24480.1,24480,75,24483.5,150,150,13010175
NIFTY-I.NFO,08/05/2025,12:01:04,24480.1,24480.1,75,24483.5,150,0,13010175
NIFTY-I.NFO,08/05/2025,12:01:07,24480.1,24480.1,375,24483.5,150,0,13010175
NIFTY-I.NFO,08/05/2025,12:01:09,24480.1,24480.2,300,24483.6,225,150,13010175
NIFTY-I.NFO,08/05/2025,12:01:11,24480.1,24480,150,24483.6,225,0,13010175
NIFTY-I.NFO,08/05/2025,12:01:12,24480.1,24480,150,24483.6,375,0,13010175
NIFTY-I.NFO,08/05/2025,12:01:14,24480.1,24480,150,24483.5,150,0,13010175
NIFTY-I.NFO,08/05/2025,12:01:15,24480.1,24480,150,24483.5,75,0,13010175
NIFTY-I.NFO,08/05/2025,12:01:17,24483.5,24480,150,24483,75,75,13010175
NIFTY-I.NFO,08/05/2025,12:01:19,24483.5,24480,150,24481.5,75,0,13010175
NIFTY-I.NFO,08/05/2025,12:01:20,24480,24480,75,24481.5,75,75,13010175
NIFTY-I.NFO,08/05/2025,12:01:23,24480,24480,75,24480.7,75,0,13010175
NIFTY-I.NFO,08/05/2025,12:01:26,24481.5,24480,75,24483,150,300,13010175
NIFTY-I.NFO,08/05/2025,12:01:28,24481.5,24480,75,24483,150,0,13010175
NIFTY-I.NFO,08/05/2025,12:01:30,24478.9,24479,300,24483,150,300,13010175
NIFTY-I.NFO,08/05/2025,12:01:31,24478.9,24479,300,24483,150,0,13010175
NIFTY-I.NFO,08/05/2025,12:01:33,24478.9,24479.7,300,24483,150,0,13010175
NIFTY-I.NFO,08/05/2025,12:01:38,24478.9,24480.4,300,24483,150,0,13010175
NIFTY-I.NFO,08/05/2025,12:01:41,24480.4,24480.2,300,24483,150,75,13010175
NIFTY-I.NFO,08/05/2025,12:01:43,24480.4,24480.2,300,24481.4,75,0,13010175
NIFTY-I.NFO,08/05/2025,12:01:47,24480.2,24480.3,300,24481.4,75,150,13010175
NIFTY-I.NFO,08/05/2025,12:01:49,24480.3,24480.4,300,24481.5,75,150,13010175
NIFTY-I.NFO,08/05/2025,12:01:50,24480.3,24480.4,300,24481.5,75,0,13010175
NIFTY-I.NFO,08/05/2025,12:01:53,24483.1,24480.4,300,24483.4,150,150,13010175
NIFTY-I.NFO,08/05/2025,12:01:55,24483.1,24480.4,300,24483.4,150,0,13010175
NIFTY-I.NFO,08/05/2025,12:01:57,24483.1,24480.4,300,24483.5,150,0,13010175
NIFTY-I.NFO,08/05/2025,12:01:58,24483.1,24479.8,375,24483.4,225,0,13010175
NIFTY-I.NFO,08/05/2025,12:02:00,24479.9,24477.7,600,24483.4,450,2700,13010175
NIFTY-I.NFO,08/05/2025,12:02:02,24479.9,24478.4,75,24480,150,0,13010175
NIFTY-I.NFO,08/05/2025,12:02:03,24480,24478.4,75,24480,75,75,13010175
NIFTY-I.NFO,08/05/2025,12:02:05,24480.1,24479.4,75,24483.4,150,150,13010175
NIFTY-I.NFO,08/05/2025,12:02:07,24483.4,24480.1,75,24482.6,375,75,13010175
NIFTY-I.NFO,08/05/2025,12:02:08,24480.1,24478.4,75,24480.2,375,75,13010175
NIFTY-I.NFO,08/05/2025,12:02:10,24480,24480,975,24480.2,375,150,13010175
NIFTY-I.NFO,08/05/2025,12:02:12,24480.2,24480,975,24480.1,75,75,13010175
NIFTY-I.NFO,08/05/2025,12:02:13,24480.2,24480,975,24480.1,75,0,13010175
NIFTY-I.NFO,08/05/2025,12:02:16,24480.2,24480,975,24480.1,225,0,13010175
NIFTY-I.NFO,08/05/2025,12:02:18,24480,24480,825,24480.1,75,150,13010175
NIFTY-I.NFO,08/05/2025,12:02:20,24480,24480,825,24480.1,75,0,13010175
NIFTY-I.NFO,08/05/2025,12:02:21,24480,24480,750,24480.1,75,75,13010175
NIFTY-I.NFO,08/05/2025,12:02:23,24480,24480,675,24480.1,75,75,13010175
NIFTY-I.NFO,08/05/2025,12:02:24,24480,24480,675,24480.1,75,0,13010175
NIFTY-I.NFO,08/05/2025,12:02:28,24480,24480,450,24480.1,75,225,13010175
NIFTY-I.NFO,08/05/2025,12:02:29,24480,24480,375,24480.1,75,75,13010175
NIFTY-I.NFO,08/05/2025,12:02:31,24480,24480,375,24480.1,75,0,13010175
NIFTY-I.NFO,08/05/2025,12:02:36,24480,24480,300,24480.1,75,75,13010175
NIFTY-I.NFO,08/05/2025,12:02:38,24480,24480,75,24480.1,75,225,13010175
NIFTY-I.NFO,08/05/2025,12:02:39,24480,24478.4,75,24480.1,75,75,13010175
NIFTY-I.NFO,08/05/2025,12:02:41,24478.4,24477.9,375,24480.1,75,75,13010175
NIFTY-I.NFO,08/05/2025,12:02:43,24478.4,24477.8,150,24480.1,75,0,13010175
NIFTY-I.NFO,08/05/2025,12:02:44,24478.1,24477.8,75,24478.1,300,150,13010175
NIFTY-I.NFO,08/05/2025,12:02:46,24478.1,24478.1,75,24480.1,75,300,13010175
NIFTY-I.NFO,08/05/2025,12:02:48,24478.1,24478.2,75,24480.1,75,0,13010175
NIFTY-I.NFO,08/05/2025,12:02:49,24478.1,24478.2,375,24480.1,75,0,13010175
NIFTY-I.NFO,08/05/2025,12:02:51,24478.1,24477.8,150,24480,75,0,13010175
NIFTY-I.NFO,08/05/2025,12:02:52,24478.1,24478,75,24480,75,0,13010175
NIFTY-I.NFO,08/05/2025,12:02:54,24480,24479.3,75,24480.1,450,75,13010175
NIFTY-I.NFO,08/05/2025,12:02:56,24478.6,24478.7,75,24480.1,450,75,13010175
NIFTY-I.NFO,08/05/2025,12:02:57,24480.1,24479.8,150,24482.9,75,450,13010175
NIFTY-I.NFO,08/05/2025,12:02:59,24480.1,24479.8,525,24482.9,75,0,13010175
NIFTY-I.NFO,08/05/2025,12:03:01,24480.1,24480,525,24482.9,75,75,13010175
NIFTY-I.NFO,08/05/2025,12:03:02,24480.1,24480,525,24482.9,75,0,13010175
NIFTY-I.NFO,08/05/2025,12:03:04,24480.1,24480,675,24482.9,75,0,13010175
NIFTY-I.NFO,08/05/2025,12:03:06,24480.1,24480,225,24482.9,75,0,13010175
NIFTY-I.NFO,08/05/2025,12:03:07,24480.1,24480.6,150,24482.9,75,0,13010175
NIFTY-I.NFO,08/05/2025,12:03:09,24480.1,24480.5,150,24482.9,75,0,13010175
NIFTY-I.NFO,08/05/2025,12:03:11,24480.1,24480.6,150,24482.9,75,0,13010175
NIFTY-I.NFO,08/05/2025,12:03:12,24480.1,24480.7,150,24482.9,75,0,13010175
NIFTY-I.NFO,08/05/2025,12:03:14,24480.7,24480.6,150,24482.9,75,75,13010175
NIFTY-I.NFO,08/05/2025,12:03:15,24480.7,24480.8,75,24482.9,75,0,13010175
NIFTY-I.NFO,08/05/2025,12:03:19,24480.7,24480.5,75,24482.9,75,0,13010175
NIFTY-I.NFO,08/05/2025,12:03:20,24480.7,24480.7,75,24482.9,75,0,13010175
NIFTY-I.NFO,08/05/2025,12:03:22,24480.7,24480.8,75,24482.9,75,0,13010175
NIFTY-I.NFO,08/05/2025,12:03:25,24480.7,24480.8,75,24482.9,75,75,13010175
NIFTY-I.NFO,08/05/2025,12:03:27,24480.7,24480.9,75,24482.9,75,0,13010175
NIFTY-I.NFO,08/05/2025,12:03:29,24480.7,24481,75,24482.9,75,0,13010175
NIFTY-I.NFO,08/05/2025,12:03:30,24480.7,24480.8,75,24482.9,75,0,13010175
NIFTY-I.NFO,08/05/2025,12:03:32,24483,24480.8,75,24483.4,75,450,13010175
NIFTY-I.NFO,08/05/2025,12:03:34,24480.6,24480.3,75,24483.4,75,75,13010175
NIFTY-I.NFO,08/05/2025,12:03:35,24483.4,24480.3,75,24483.5,450,75,13010175
NIFTY-I.NFO,08/05/2025,12:03:37,24483.4,24482.2,75,24483.5,450,0,13010175
NIFTY-I.NFO,08/05/2025,12:03:38,24483.4,24482.2,75,24483,75,0,13010175
NIFTY-I.NFO,08/05/2025,12:03:40,24483.4,24481.9,75,24483,75,0,13010175
NIFTY-I.NFO,08/05/2025,12:03:42,24483.4,24482,75,24483,75,0,13010175
NIFTY-I.NFO,08/05/2025,12:03:43,24482.5,24480,75,24483.1,375,225,13010175
NIFTY-I.NFO,08/05/2025,12:03:45,24480,24482,75,24483.1,375,150,13010175
NIFTY-I.NFO,08/05/2025,12:03:47,24480,24482.2,75,24483.1,375,0,13010175
NIFTY-I.NFO,08/05/2025,12:03:48,24480,24482.1,75,24483.1,375,0,13010175
NIFTY-I.NFO,08/05/2025,12:03:50,24480,24482,75,24483.1,375,0,13010175
NIFTY-I.NFO,08/05/2025,12:03:53,24480,24481.9,75,24483.1,375,0,13010175
NIFTY-I.NFO,08/05/2025,12:03:55,24482.1,24481.9,75,24482.1,300,150,12980925
NIFTY-I.NFO,08/05/2025,12:03:57,24482.1,24480,75,24482.1,150,150,12980925
NIFTY-I.NFO,08/05/2025,12:03:58,24482.1,24479.8,75,24483.3,75,150,12980925
NIFTY-I.NFO,08/05/2025,12:04:00,24482.1,24481.7,75,24483.3,75,0,12980925
NIFTY-I.NFO,08/05/2025,12:04:01,24482.1,24482,75,24483.3,75,0,12980925
NIFTY-I.NFO,08/05/2025,12:04:03,24482.1,24482.1,75,24483.3,75,0,12980925
NIFTY-I.NFO,08/05/2025,12:04:05,24483.3,24480,75,24483.4,450,150,12980925
NIFTY-I.NFO,08/05/2025,12:04:06,24482,24480.2,75,24483.5,75,525,12980925
NIFTY-I.NFO,08/05/2025,12:04:08,24482,24480.2,75,24483.5,75,0,12980925
NIFTY-I.NFO,08/05/2025,12:04:10,24482,24480,75,24483.5,75,0,12980925
NIFTY-I.NFO,08/05/2025,12:04:11,24482,24480.2,75,24482.1,75,0,12980925
NIFTY-I.NFO,08/05/2025,12:04:15,24482,24480,75,24482.1,75,0,12980925
NIFTY-I.NFO,08/05/2025,12:04:16,24482,24479.4,225,24482,75,0,12980925
NIFTY-I.NFO,08/05/2025,12:04:18,24482,24482,450,24482.1,75,150,12980925
NIFTY-I.NFO,08/05/2025,12:04:21,24482.1,24479.5,75,24482.2,450,450,12980925
NIFTY-I.NFO,08/05/2025,12:04:23,24482.1,24482.1,450,24482.2,450,0,12980925
NIFTY-I.NFO,08/05/2025,12:04:25,24483,24482.1,225,24483.4,150,750,12980925
NIFTY-I.NFO,08/05/2025,12:04:26,24483.4,24479.6,75,24483.4,150,225,12980925
NIFTY-I.NFO,08/05/2025,12:04:28,24483.4,24479.3,150,24483.4,150,0,12980925
NIFTY-I.NFO,08/05/2025,12:04:30,24483.4,24479.4,75,24483.4,75,75,12980925
NIFTY-I.NFO,08/05/2025,12:04:31,24483.4,24479.4,75,24483.4,75,0,12980925
NIFTY-I.NFO,08/05/2025,12:04:33,24483.4,24479.5,75,24483.4,75,0,12980925
NIFTY-I.NFO,08/05/2025,12:04:34,24483.4,24479.6,75,24483.4,75,0,12980925
NIFTY-I.NFO,08/05/2025,12:04:36,24483.4,24479.6,75,24483.4,150,150,12980925
NIFTY-I.NFO,08/05/2025,12:04:38,24483.4,24479.6,75,24483,150,0,12980925
NIFTY-I.NFO,08/05/2025,12:04:39,24483.1,24479.8,75,24483.1,300,225,12980925
NIFTY-I.NFO,08/05/2025,12:04:41,24483.1,24480,1050,24483.1,300,0,12980925
NIFTY-I.NFO,08/05/2025,12:04:42,24483.1,24480,1350,24483.1,450,0,12980925
NIFTY-I.NFO,08/05/2025,12:04:44,24483.1,24480.1,300,24483,150,0,12980925
NIFTY-I.NFO,08/05/2025,12:04:46,24480.1,24480.1,300,24483,150,300,12980925
NIFTY-I.NFO,08/05/2025,12:04:47,24480.1,24480.1,300,24483,150,0,12980925
NIFTY-I.NFO,08/05/2025,12:04:49,24480.1,24480.1,150,24483,150,150,12980925
NIFTY-I.NFO,08/05/2025,12:04:51,24483,24480.1,225,24483,75,75,12980925
NIFTY-I.NFO,08/05/2025,12:04:52,24483.1,24480.1,225,24483,150,150,12980925
NIFTY-I.NFO,08/05/2025,12:04:54,24483.1,24480.1,525,24483,150,0,12980925
NIFTY-I.NFO,08/05/2025,12:04:55,24483.1,24480.1,525,24483,225,0,12980925
NIFTY-I.NFO,08/05/2025,12:04:57,24483.1,24480.1,525,24483,375,0,12980925
NIFTY-I.NFO,08/05/2025,12:04:59,24483.1,24480.1,525,24482.9,150,0,12980925
NIFTY-I.NFO,08/05/2025,12:05:02,24483.1,24480.3,75,24482.9,225,0,12980925
NIFTY-I.NFO,08/05/2025,12:05:04,24483.1,24480.3,150,24482.9,225,0,12980925
NIFTY-I.NFO,08/05/2025,12:05:05,24480.3,24480.3,375,24482.9,225,150,12980925
NIFTY-I.NFO,08/05/2025,12:05:07,24482.9,24480.3,375,24482.9,150,75,12980925
NIFTY-I.NFO,08/05/2025,12:05:09,24483.1,24480.3,450,24483.4,150,900,12980925
NIFTY-I.NFO,08/05/2025,12:05:10,24480.3,24480.3,225,24483.4,150,375,12980925
NIFTY-I.NFO,08/05/2025,12:05:12,24480.3,24480.3,300,24483.4,150,225,12980925
NIFTY-I.NFO,08/05/2025,12:05:14,24480.3,24480.3,300,24483.4,150,0,12980925
NIFTY-I.NFO,08/05/2025,12:05:17,24480.4,24480.4,75,24483.4,150,150,12980925
NIFTY-I.NFO,08/05/2025,12:05:22,24483.4,24480.4,225,24483.4,75,75,12980925
NIFTY-I.NFO,08/05/2025,12:05:23,24483.4,24480.4,225,24483.4,75,0,12980925
NIFTY-I.NFO,08/05/2025,12:05:28,24480.4,24480.4,300,24483.4,150,600,12980925
NIFTY-I.NFO,08/05/2025,12:05:30,24480.4,24480.4,225,24483.4,150,75,12980925
NIFTY-I.NFO,08/05/2025,12:05:31,24480.4,24480.4,225,24483.4,150,0,12980925
NIFTY-I.NFO,08/05/2025,12:05:33,24483,24480.4,225,24483.4,150,300,12980925
NIFTY-I.NFO,08/05/2025,12:05:34,24483,24480.4,225,24483.4,150,0,12980925
NIFTY-I.NFO,08/05/2025,12:05:36,24480.4,24480.4,75,24483.4,150,150,12980925
NIFTY-I.NFO,08/05/2025,12:05:38,24480.4,24480.4,75,24483.4,150,0,12980925
NIFTY-I.NFO,08/05/2025,12:05:42,24480.4,24480.2,75,24483.4,150,75,12980925
NIFTY-I.NFO,08/05/2025,12:05:44,24480.4,24480.2,75,24483.4,150,0,12980925
NIFTY-I.NFO,08/05/2025,12:05:45,24480.4,24480.2,75,24482.9,150,0,12980925
NIFTY-I.NFO,08/05/2025,12:05:49,24480.3,24480.2,375,24482.9,150,75,12980925
NIFTY-I.NFO,08/05/2025,12:05:50,24482.9,24480.7,75,24483,525,75,12980925
NIFTY-I.NFO,08/05/2025,12:05:52,24482.9,24480.6,375,24483,525,0,12980925
NIFTY-I.NFO,08/05/2025,12:05:54,24482.9,24480.6,375,24482.9,75,0,12980925
NIFTY-I.NFO,08/05/2025,12:06:00,24482.9,24480.9,75,24482.9,75,0,12980925
NIFTY-I.NFO,08/05/2025,12:06:02,24480.2,24480.1,300,24482.9,75,75,12980925
NIFTY-I.NFO,08/05/2025,12:06:04,24480.6,24481.1,75,24482.9,75,150,12980925
NIFTY-I.NFO,08/05/2025,12:06:05,24480.6,24480.3,75,24482.9,75,0,12980925
NIFTY-I.NFO,08/05/2025,12:06:07,24480.6,24480.8,75,24482.9,75,0,12980925
NIFTY-I.NFO,08/05/2025,12:06:08,24480.6,24480.9,75,24482.9,75,0,12980925
NIFTY-I.NFO,08/05/2025,12:06:10,24480.9,24480.8,75,24482.9,75,75,12980925
NIFTY-I.NFO,08/05/2025,12:06:12,24480.9,24480.9,75,24482.9,75,0,12980925
NIFTY-I.NFO,08/05/2025,12:06:13,24480.9,24481.1,75,24482.9,75,0,12980925
NIFTY-I.NFO,08/05/2025,12:06:15,24483,24480.6,75,24483.6,225,600,12980925
NIFTY-I.NFO,08/05/2025,12:06:17,24483,24480.7,75,24483.6,225,0,12980925
NIFTY-I.NFO,08/05/2025,12:06:18,24483,24480.6,75,24483.6,225,0,12980925
NIFTY-I.NFO,08/05/2025,12:06:20,24483,24480.7,75,24483.6,225,0,12980925
NIFTY-I.NFO,08/05/2025,12:06:23,24483,24480.8,75,24483.6,225,0,12980925
NIFTY-I.NFO,08/05/2025,12:06:25,24483,24481,75,24483.5,150,0,12980925
NIFTY-I.NFO,08/05/2025,12:06:27,24483,24480.4,75,24483.5,150,0,12980925
NIFTY-I.NFO,08/05/2025,12:06:28,24483,24480.5,75,24483.5,150,0,12980925
NIFTY-I.NFO,08/05/2025,12:06:33,24480.5,24480.2,75,24483.5,150,75,12980925
NIFTY-I.NFO,08/05/2025,12:06:35,24480.5,24480.1,150,24483.5,150,0,12980925
NIFTY-I.NFO,08/05/2025,12:06:36,24480.1,24480,1125,24483.5,150,225,12980925
NIFTY-I.NFO,08/05/2025,12:06:38,24481.9,24480.9,75,24481.9,75,375,12980925
NIFTY-I.NFO,08/05/2025,12:06:40,24481.9,24480.9,75,24481.9,75,0,12980925
NIFTY-I.NFO,08/05/2025,12:06:43,24480.8,24480.7,75,24481.9,75,75,12980925
NIFTY-I.NFO,08/05/2025,12:06:45,24480.8,24481,75,24481.9,75,0,12980925
NIFTY-I.NFO,08/05/2025,12:06:46,24480.8,24480.9,75,24481.9,75,0,12980925
NIFTY-I.NFO,08/05/2025,12:06:48,24480.8,24481,75,24481.9,75,0,12980925
NIFTY-I.NFO,08/05/2025,12:06:50,24480.8,24480.9,75,24481.9,75,0,12980925
NIFTY-I.NFO,08/05/2025,12:06:53,24480.8,24481.1,75,24481.9,75,0,12980925
NIFTY-I.NFO,08/05/2025,12:06:54,24480.8,24481.2,75,24481.9,75,0,12980925
NIFTY-I.NFO,08/05/2025,12:06:58,24481.2,24480.9,75,24481.9,75,75,12983175
NIFTY-I.NFO,08/05/2025,12:06:59,24481.2,24481.1,75,24481.9,75,0,12983175
NIFTY-I.NFO,08/05/2025,12:07:01,24481.2,24481.2,75,24481.9,75,0,12983175
NIFTY-I.NFO,08/05/2025,12:07:03,24481.1,24481.1,75,24481.9,75,75,12983175
NIFTY-I.NFO,08/05/2025,12:07:04,24481,24480.8,75,24481.9,75,150,12983175
NIFTY-I.NFO,08/05/2025,12:07:06,24481,24481.2,75,24481.9,75,0,12983175
NIFTY-I.NFO,08/05/2025,12:07:08,24481.5,24481.2,75,24483.5,75,975,12983175
NIFTY-I.NFO,08/05/2025,12:07:09,24481.4,24481.1,75,24483.5,75,150,12983175
NIFTY-I.NFO,08/05/2025,12:07:11,24481.4,24481.2,75,24483.5,75,0,12983175
NIFTY-I.NFO,08/05/2025,12:07:13,24481.4,24481.4,75,24483.5,75,0,12983175
NIFTY-I.NFO,08/05/2025,12:07:21,24481.4,24481.5,75,24483.5,75,0,12983175
NIFTY-I.NFO,08/05/2025,12:07:22,24481.5,24481,75,24483.5,75,75,12983175
NIFTY-I.NFO,08/05/2025,12:07:24,24481.5,24481,75,24483.5,75,0,12983175
NIFTY-I.NFO,08/05/2025,12:07:26,24481.5,24482,75,24483.5,75,75,12983175
NIFTY-I.NFO,08/05/2025,12:07:27,24481.5,24481.9,75,24483.5,75,0,12983175
NIFTY-I.NFO,08/05/2025,12:07:29,24481.5,24481.7,75,24483.5,75,0,12983175
NIFTY-I.NFO,08/05/2025,12:07:31,24483.5,24481.8,75,24483.6,75,75,12983175
NIFTY-I.NFO,08/05/2025,12:07:32,24481.9,24481.6,75,24483.6,75,75,12983175
NIFTY-I.NFO,08/05/2025,12:07:34,24481.9,24481.4,75,24483.6,75,0,12983175
NIFTY-I.NFO,08/05/2025,12:07:35,24481.9,24481.3,75,24483.6,75,0,12983175
NIFTY-I.NFO,08/05/2025,12:07:42,24481.1,24481.2,75,24483.6,75,225,12983175
NIFTY-I.NFO,08/05/2025,12:07:43,24481.1,24481.2,75,24483.6,75,0,12983175
NIFTY-I.NFO,08/05/2025,12:07:48,24481.1,24481.2,75,24483.6,225,0,12983175
NIFTY-I.NFO,08/05/2025,12:07:53,24483.6,24481.2,75,24483.8,150,75,12983175
NIFTY-I.NFO,08/05/2025,12:07:55,24483.6,24481.2,75,24483.8,150,0,12983175
NIFTY-I.NFO,08/05/2025,12:07:57,24483.6,24481.2,75,24483.5,150,0,12983175
NIFTY-I.NFO,08/05/2025,12:07:58,24481.2,24481.1,225,24483.5,150,75,12983175
NIFTY-I.NFO,08/05/2025,12:08:00,24481.2,24481.1,225,24483.5,150,0,12983175
NIFTY-I.NFO,08/05/2025,12:08:03,24483.5,24481.1,150,24483.6,75,75,12983175
NIFTY-I.NFO,08/05/2025,12:08:05,24481.1,24481.1,75,24483.6,150,75,12983175
NIFTY-I.NFO,08/05/2025,12:08:06,24481.1,24481.1,75,24483.6,150,0,12983175
NIFTY-I.NFO,08/05/2025,12:08:08,24481.1,24481.1,75,24483.5,75,0,12983175
NIFTY-I.NFO,08/05/2025,12:08:14,24481.1,24480.1,225,24483.5,75,75,12983175
NIFTY-I.NFO,08/05/2025,12:08:16,24480.1,24480,1125,24483.5,75,225,12983175
NIFTY-I.NFO,08/05/2025,12:08:17,24480.1,24480,1125,24483.5,75,0,12983175
NIFTY-I.NFO,08/05/2025,12:08:19,24480.1,24480,1125,24481,75,0,12983175
NIFTY-I.NFO,08/05/2025,12:08:22,24480.1,24480,1125,24480.1,150,0,12983175
NIFTY-I.NFO,08/05/2025,12:08:24,24480,24480,300,24480.1,75,825,12983175
NIFTY-I.NFO,08/05/2025,12:08:26,24480,24479,75,24480.1,75,300,12983175
NIFTY-I.NFO,08/05/2025,12:08:27,24480.1,24479,150,24481,150,75,12983175
NIFTY-I.NFO,08/05/2025,12:08:29,24480.1,24479,150,24481,150,0,12983175
NIFTY-I.NFO,08/05/2025,12:08:32,24479,24478,150,24480.8,150,150,12983175
NIFTY-I.NFO,08/05/2025,12:08:34,24479,24478.1,150,24481,150,0,12983175
NIFTY-I.NFO,08/05/2025,12:08:37,24478.1,24478.1,75,24481,150,75,12983175
NIFTY-I.NFO,08/05/2025,12:08:39,24478.1,24478,300,24481,150,75,12983175
NIFTY-I.NFO,08/05/2025,12:08:41,24478.1,24478.1,75,24481,150,0,12983175
NIFTY-I.NFO,08/05/2025,12:08:44,24478.1,24478.2,300,24481,150,0,12983175
NIFTY-I.NFO,08/05/2025,12:08:47,24478.2,24478.2,75,24481,150,225,12983175
NIFTY-I.NFO,08/05/2025,12:08:49,24478.2,24478.2,150,24481,150,0,12983175
NIFTY-I.NFO,08/05/2025,12:08:54,24478.2,24478.2,225,24481,150,0,12983175
NIFTY-I.NFO,08/05/2025,12:08:57,24478.1,24478.1,150,24481,150,300,12983175
NIFTY-I.NFO,08/05/2025,12:08:59,24478.1,24478.1,150,24479.9,150,0,12983175
NIFTY-I.NFO,08/05/2025,12:09:00,24478,24478,225,24479.9,150,225,12983175
NIFTY-I.NFO,08/05/2025,12:09:02,24478,24478,225,24479.9,150,0,12983175
NIFTY-I.NFO,08/05/2025,12:09:13,24478,24478,150,24479.9,150,75,12983175
NIFTY-I.NFO,08/05/2025,12:09:15,24478,24478.1,75,24479.9,150,0,12983175
NIFTY-I.NFO,08/05/2025,12:09:21,24478,24478.8,75,24479.9,150,150,12983175
NIFTY-I.NFO,08/05/2025,12:09:23,24478,24478.2,75,24479.9,150,0,12983175
NIFTY-I.NFO,08/05/2025,12:09:25,24478.2,24478,150,24479.9,75,150,12983175
NIFTY-I.NFO,08/05/2025,12:09:26,24478,24478,75,24479.9,75,75,12983175
NIFTY-I.NFO,08/05/2025,12:09:28,24478,24478,75,24479.9,75,0,12983175
NIFTY-I.NFO,08/05/2025,12:09:31,24478,24478.5,150,24479.9,75,75,12983175
NIFTY-I.NFO,08/05/2025,12:09:33,24478,24478.9,75,24479.9,75,0,12983175
NIFTY-I.NFO,08/05/2025,12:09:34,24478,24478.8,450,24479.9,75,0,12983175
NIFTY-I.NFO,08/05/2025,12:09:36,24478.8,24478.8,375,24479.9,75,75,12983175
NIFTY-I.NFO,08/05/2025,12:09:38,24480,24478.8,300,24481.9,150,375,12983175
NIFTY-I.NFO,08/05/2025,12:09:39,24478.8,24478.8,225,24481.9,150,75,12983175
NIFTY-I.NFO,08/05/2025,12:09:41,24478.8,24478.8,225,24479.9,225,0,12983175
NIFTY-I.NFO,08/05/2025,12:09:47,24478.8,24478.9,75,24479.9,225,0,12983175
NIFTY-I.NFO,08/05/2025,12:09:52,24478.8,24478.8,150,24479.9,225,150,12983025
NIFTY-I.NFO,08/05/2025,12:09:54,24478.8,24478.8,150,24479.9,225,0,12983025
NIFTY-I.NFO,08/05/2025,12:09:57,24478.8,24478.8,75,24479.9,225,75,12983025
NIFTY-I.NFO,08/05/2025,12:10:02,24480,24478.8,300,24481.9,150,375,12983025
NIFTY-I.NFO,08/05/2025,12:10:04,24480,24478.8,600,24481.9,150,0,12983025
NIFTY-I.NFO,08/05/2025,12:10:05,24480,24478.8,300,24481.9,150,0,12983025
NIFTY-I.NFO,08/05/2025,12:10:10,24478.9,24479.9,450,24481.9,150,75,12983025
NIFTY-I.NFO,08/05/2025,12:10:12,24478.8,24478.8,150,24481.9,150,525,12983025
NIFTY-I.NFO,08/05/2025,12:10:13,24478.8,24478.8,225,24481.9,150,0,12983025
NIFTY-I.NFO,08/05/2025,12:10:15,24478.8,24478.8,225,24479.9,150,0,12983025
NIFTY-I.NFO,08/05/2025,12:10:17,24478.8,24478.8,150,24479.9,150,75,12983025
NIFTY-I.NFO,08/05/2025,12:10:18,24478.8,24478.8,150,24479.9,375,0,12983025
NIFTY-I.NFO,08/05/2025,12:10:21,24478.8,24479.2,75,24479.9,375,0,12983025
NIFTY-I.NFO,08/05/2025,12:10:25,24478.8,24479.2,150,24479.9,375,0,12983025
NIFTY-I.NFO,08/05/2025,12:10:26,24479.2,24479.3,300,24479.9,375,150,12983025
NIFTY-I.NFO,08/05/2025,12:10:28,24479.3,24479.3,75,24479.9,375,75,12983025
NIFTY-I.NFO,08/05/2025,12:10:30,24479.9,24479.3,75,24479.9,300,75,12983025
NIFTY-I.NFO,08/05/2025,12:10:31,24479.9,24479.3,75,24479.9,300,0,12983025
NIFTY-I.NFO,08/05/2025,12:10:33,24479.9,24479.4,150,24479.9,450,0,12983025
NIFTY-I.NFO,08/05/2025,12:10:34,24479.9,24479.2,300,24481.9,150,600,12983025
NIFTY-I.NFO,08/05/2025,12:10:36,24479.9,24479.2,300,24481.9,150,0,12983025
NIFTY-I.NFO,08/05/2025,12:10:38,24481.9,24479.3,300,24481.9,75,150,12983025
NIFTY-I.NFO,08/05/2025,12:10:39,24479.5,24479.5,300,24481.9,75,75,12983025
NIFTY-I.NFO,08/05/2025,12:10:41,24479.5,24479.6,225,24481.9,75,0,12983025
NIFTY-I.NFO,08/05/2025,12:10:43,24479.5,24479.6,150,24481.9,75,0,12983025
NIFTY-I.NFO,08/05/2025,12:10:44,24481.9,24479.6,300,24481.9,150,75,12983025
NIFTY-I.NFO,08/05/2025,12:10:46,24481.9,24479.7,300,24481.9,150,0,12983025
NIFTY-I.NFO,08/05/2025,12:10:48,24479.4,24479.8,300,24481.9,150,375,12983025
NIFTY-I.NFO,08/05/2025,12:10:49,24479.4,24479.8,150,24481.9,150,0,12983025
NIFTY-I.NFO,08/05/2025,12:10:51,24479.4,24479.8,225,24481.9,150,0,12983025
NIFTY-I.NFO,08/05/2025,12:10:53,24484,24479.8,300,24483.9,150,450,12983025
NIFTY-I.NFO,08/05/2025,12:10:54,24479.9,24479.9,225,24483.9,150,75,12983025
NIFTY-I.NFO,08/05/2025,12:10:56,24479.9,24479.9,225,24483.9,150,0,12983025
NIFTY-I.NFO,08/05/2025,12:10:58,24479.9,24480,225,24483.9,150,0,12983025
NIFTY-I.NFO,08/05/2025,12:10:59,24480,24480,150,24482.9,150,75,12983025
NIFTY-I.NFO,08/05/2025,12:11:01,24480,24480,150,24482.9,150,0,12983025
NIFTY-I.NFO,08/05/2025,12:11:03,24480,24479.5,225,24482.9,150,150,12983025
NIFTY-I.NFO,08/05/2025,12:11:04,24482.3,24482.4,225,24482.9,150,675,12983025
NIFTY-I.NFO,08/05/2025,12:11:06,24482.2,24479.7,225,24482.3,150,525,12983025
NIFTY-I.NFO,08/05/2025,12:11:08,24482.2,24480.2,225,24481.9,150,0,12983025
NIFTY-I.NFO,08/05/2025,12:11:09,24482.2,24480.2,150,24481.9,150,0,12983025
NIFTY-I.NFO,08/05/2025,12:11:16,24482.2,24480.2,150,24482.1,150,0,12983025
NIFTY-I.NFO,08/05/2025,12:11:18,24482.2,24480.2,300,24482.1,150,0,12983025
NIFTY-I.NFO,08/05/2025,12:11:19,24482.2,24480.2,150,24482.1,150,0,12983025
NIFTY-I.NFO,08/05/2025,12:11:21,24480.2,24480.2,75,24482.1,150,75,12983025
NIFTY-I.NFO,08/05/2025,12:11:22,24480.2,24480.2,225,24482.1,150,0,12983025
NIFTY-I.NFO,08/05/2025,12:11:24,24480.2,24480.3,75,24482.1,150,0,12983025
NIFTY-I.NFO,08/05/2025,12:11:27,24480.2,24480.3,75,24482,225,0,12983025
NIFTY-I.NFO,08/05/2025,12:11:31,24480.3,24480.3,300,24482,225,75,12983025
NIFTY-I.NFO,08/05/2025,12:11:32,24480.3,24480.4,225,24482,225,0,12983025
NIFTY-I.NFO,08/05/2025,12:11:35,24480.4,24480.4,150,24482,225,75,12983025
NIFTY-I.NFO,08/05/2025,12:11:37,24480.4,24480.4,75,24482,225,75,12983025
NIFTY-I.NFO,08/05/2025,12:11:39,24480.4,24480.5,150,24482,225,0,12983025
NIFTY-I.NFO,08/05/2025,12:11:40,24480.4,24480.5,600,24482,225,0,12983025
NIFTY-I.NFO,08/05/2025,12:11:42,24480.4,24480.5,150,24482,225,0,12983025
NIFTY-I.NFO,08/05/2025,12:11:47,24482,24480.8,225,24482,150,75,12983025
NIFTY-I.NFO,08/05/2025,12:11:48,24482,24480.9,450,24482,75,0,12983025
NIFTY-I.NFO,08/05/2025,12:11:50,24482,24480.9,225,24482,150,0,12983025
NIFTY-I.NFO,08/05/2025,12:11:51,24482,24481,450,24482,150,0,12983025
NIFTY-I.NFO,08/05/2025,12:11:55,24482,24481.1,150,24482,150,0,12983025
NIFTY-I.NFO,08/05/2025,12:11:56,24481.5,24481.1,75,24481.9,150,225,12983025
NIFTY-I.NFO,08/05/2025,12:11:58,24481.5,24481.2,450,24481.9,150,0,12983025
NIFTY-I.NFO,08/05/2025,12:12:08,24481.5,24481.5,150,24481.9,150,0,12983025
NIFTY-I.NFO,08/05/2025,12:12:09,24481.5,24481.5,225,24481.9,150,0,12983025
NIFTY-I.NFO,08/05/2025,12:12:11,24481.9,24481.9,450,24482,75,150,12983025
NIFTY-I.NFO,08/05/2025,12:12:13,24481.9,24481.9,450,24482,75,0,12983025
NIFTY-I.NFO,08/05/2025,12:12:14,24481.9,24481.9,75,24482,75,0,12983025
NIFTY-I.NFO,08/05/2025,12:12:16,24481.9,24481.9,150,24482,75,0,12983025
NIFTY-I.NFO,08/05/2025,12:12:18,24482,24482,375,24482.1,75,75,12983025
NIFTY-I.NFO,08/05/2025,12:12:19,24482,24482,75,24482.1,75,0,12983025
NIFTY-I.NFO,08/05/2025,12:12:21,24482.1,24482.1,225,24483.9,150,150,12983025
NIFTY-I.NFO,08/05/2025,12:12:22,24481.2,24481.2,300,24483.9,150,225,12983025
NIFTY-I.NFO,08/05/2025,12:12:24,24483.9,24481.2,300,24483.9,150,150,12983025
NIFTY-I.NFO,08/05/2025,12:12:25,24481.2,24481.2,225,24483.9,150,75,12983025
NIFTY-I.NFO,08/05/2025,12:12:27,24481.2,24482,300,24483.9,150,0,12983025
NIFTY-I.NFO,08/05/2025,12:12:29,24482,24481.2,300,24483.9,150,300,12983025
NIFTY-I.NFO,08/05/2025,12:12:30,24482,24481.2,375,24483.9,150,0,12983025
NIFTY-I.NFO,08/05/2025,12:12:34,24481.2,24481.2,300,24483.9,150,75,12983025
NIFTY-I.NFO,08/05/2025,12:12:35,24481.2,24481.2,300,24483.9,150,0,12983025
NIFTY-I.NFO,08/05/2025,12:12:38,24481.2,24481.1,75,24483.9,150,300,12983025
NIFTY-I.NFO,08/05/2025,12:12:40,24481.2,24481.1,150,24482.9,150,0,12983025
NIFTY-I.NFO,08/05/2025,12:12:42,24481.1,24481.1,75,24482.9,150,75,12983025
NIFTY-I.NFO,08/05/2025,12:12:43,24481.1,24481.1,75,24482.9,150,0,12983025
NIFTY-I.NFO,08/05/2025,12:12:48,24481.1,24481,75,24481.2,75,75,12983025
NIFTY-I.NFO,08/05/2025,12:12:50,24481.1,24481,75,24481.2,75,0,12983025
NIFTY-I.NFO,08/05/2025,12:12:51,24481,24480.9,75,24481.2,75,75,12983550
NIFTY-I.NFO,08/05/2025,12:12:53,24483,24480.9,75,24483,225,225,12983550
NIFTY-I.NFO,08/05/2025,12:12:55,24483,24480.9,75,24483.9,150,375,12983550
NIFTY-I.NFO,08/05/2025,12:12:56,24483,24480.9,75,24483.9,150,0,12983550
NIFTY-I.NFO,08/05/2025,12:12:58,24480.5,24480.3,75,24483.9,150,150,12983550
NIFTY-I.NFO,08/05/2025,12:13:00,24480.5,24480.4,150,24483.9,150,0,12983550
NIFTY-I.NFO,08/05/2025,12:13:01,24481,24480.1,150,24483.7,150,75,12983550
NIFTY-I.NFO,08/05/2025,12:13:03,24481,24481,75,24483.7,150,0,12983550
NIFTY-I.NFO,08/05/2025,12:13:04,24480.4,24480.2,150,24483.7,150,150,12983550
NIFTY-I.NFO,08/05/2025,12:13:06,24480.4,24480.2,75,24483.9,150,0,12983550
NIFTY-I.NFO,08/05/2025,12:13:08,24480.4,24480.3,150,24483.9,150,0,12983550
NIFTY-I.NFO,08/05/2025,12:13:12,24480.4,24480.4,150,24483.7,150,0,12983550
NIFTY-I.NFO,08/05/2025,12:13:16,24482,24480.2,150,24483.7,150,75,12983550
NIFTY-I.NFO,08/05/2025,12:13:17,24482,24480.2,150,24483.7,150,0,12983550
NIFTY-I.NFO,08/05/2025,12:13:19,24482,24480.4,150,24483.9,150,0,12983550
NIFTY-I.NFO,08/05/2025,12:13:20,24482,24480.3,150,24483.9,150,0,12983550
NIFTY-I.NFO,08/05/2025,12:13:22,24483.9,24480.3,150,24483.9,75,75,12983550
NIFTY-I.NFO,08/05/2025,12:13:24,24483.9,24480.3,150,24483.9,75,0,12983550
NIFTY-I.NFO,08/05/2025,12:13:25,24483.9,24480.3,150,24483.9,150,150,12983550
NIFTY-I.NFO,08/05/2025,12:13:27,24483.9,24480.5,75,24483.9,150,0,12983550
NIFTY-I.NFO,08/05/2025,12:13:28,24480.5,24480.2,150,24483.9,150,75,12983550
NIFTY-I.NFO,08/05/2025,12:13:30,24480.5,24480.1,600,24483.9,150,0,12983550
NIFTY-I.NFO,08/05/2025,12:13:32,24480.5,24480.2,150,24483.9,150,0,12983550
NIFTY-I.NFO,08/05/2025,12:13:33,24483.9,24480.6,450,24483.9,75,75,12983550
NIFTY-I.NFO,08/05/2025,12:13:35,24483.9,24480.4,75,24483.9,375,0,12983550
NIFTY-I.NFO,08/05/2025,12:13:37,24483.9,24480.4,150,24483.8,150,75,12983550
NIFTY-I.NFO,08/05/2025,12:13:38,24483.9,24480.4,75,24483.8,150,0,12983550
NIFTY-I.NFO,08/05/2025,12:13:40,24483.8,24480.3,75,24483.8,75,75,12983550
NIFTY-I.NFO,08/05/2025,12:13:41,24480.4,24480.6,150,24483.8,150,225,12983550
NIFTY-I.NFO,08/05/2025,12:13:43,24483.8,24480.1,225,24483.8,75,225,12983550
NIFTY-I.NFO,08/05/2025,12:13:45,24480,24479.6,375,24480,975,1575,12983550
NIFTY-I.NFO,08/05/2025,12:13:46,24480,24479.7,75,24483.7,150,975,12983550
NIFTY-I.NFO,08/05/2025,12:13:48,24480,24479.8,150,24483.7,150,0,12983550
NIFTY-I.NFO,08/05/2025,12:13:50,24480,24480,150,24483.7,150,0,12983550
NIFTY-I.NFO,08/05/2025,12:13:53,24480,24480,300,24483.7,150,0,12983550
NIFTY-I.NFO,08/05/2025,12:13:54,24482,24480.1,75,24481.9,150,825,12983550
NIFTY-I.NFO,08/05/2025,12:13:56,24482,24480.1,75,24481.9,150,0,12983550
NIFTY-I.NFO,08/05/2025,12:13:58,24478.1,24478.4,750,24481.9,150,3600,12983550
NIFTY-I.NFO,08/05/2025,12:13:59,24481.9,24478.4,1050,24481.9,75,75,12983550
NIFTY-I.NFO,08/05/2025,12:14:01,24481.9,24478.4,1050,24481.9,150,75,12983550
NIFTY-I.NFO,08/05/2025,12:14:04,24481.9,24478.5,675,24481.9,150,0,12983550
NIFTY-I.NFO,08/05/2025,12:14:06,24479.4,24479.5,225,24481.9,150,150,12983550
NIFTY-I.NFO,08/05/2025,12:14:07,24479.4,24479.5,225,24481.9,675,0,12983550
NIFTY-I.NFO,08/05/2025,12:14:10,24477,24479.1,375,24481.9,600,3750,12983550
NIFTY-I.NFO,08/05/2025,12:14:12,24477,24478.1,375,24481.9,600,0,12983550
NIFTY-I.NFO,08/05/2025,12:14:14,24477,24478.2,675,24481.9,675,0,12983550
NIFTY-I.NFO,08/05/2025,12:14:19,24478.2,24478.2,375,24481.9,675,300,12983550
NIFTY-I.NFO,08/05/2025,12:14:20,24478.2,24478.2,375,24481.9,675,0,12983550
NIFTY-I.NFO,08/05/2025,12:14:22,24481.9,24478.2,375,24481.8,150,150,12983550
NIFTY-I.NFO,08/05/2025,12:14:24,24481.9,24478.3,375,24481.8,150,0,12983550
NIFTY-I.NFO,08/05/2025,12:14:25,24478.3,24478.2,375,24481.8,150,75,12983550
NIFTY-I.NFO,08/05/2025,12:14:27,24478.3,24478.2,1050,24481.8,150,0,12983550
NIFTY-I.NFO,08/05/2025,12:14:29,24478.3,24478.2,750,24481.8,150,0,12983550
NIFTY-I.NFO,08/05/2025,12:14:30,24478.3,24478.2,375,24481.8,150,0,12983550
NIFTY-I.NFO,08/05/2025,12:14:34,24478.3,24480,75,24480.9,150,0,12983550
NIFTY-I.NFO,08/05/2025,12:14:35,24480.9,24479.9,75,24480.9,75,75,12983550
NIFTY-I.NFO,08/05/2025,12:14:37,24480.9,24480,75,24480.9,75,0,12983550
NIFTY-I.NFO,08/05/2025,12:14:38,24481,24480.3,75,24481.8,150,150,12983550
NIFTY-I.NFO,08/05/2025,12:14:40,24480.2,24479.8,75,24481.8,150,150,12983550
NIFTY-I.NFO,08/05/2025,12:14:42,24480.2,24479.9,75,24481.8,150,0,12983550
NIFTY-I.NFO,08/05/2025,12:14:43,24480.2,24480,75,24481.8,150,0,12983550
NIFTY-I.NFO,08/05/2025,12:14:47,24481.8,24480.1,75,24481.9,600,75,12983550
NIFTY-I.NFO,08/05/2025,12:14:48,24481.8,24480.9,75,24481.9,600,0,12983550
NIFTY-I.NFO,08/05/2025,12:14:50,24481.9,24481,75,24481.9,450,2175,12983550
NIFTY-I.NFO,08/05/2025,12:14:52,24481.9,24478.8,450,24481.9,75,450,12983550
NIFTY-I.NFO,08/05/2025,12:14:53,24481.9,24478.6,450,24481.9,75,0,12983550
NIFTY-I.NFO,08/05/2025,12:14:55,24481.9,24478.7,450,24481.9,75,0,12983550
NIFTY-I.NFO,08/05/2025,12:14:57,24481.9,24478.6,750,24481.9,75,0,12983550
NIFTY-I.NFO,08/05/2025,12:14:58,24481.9,24478.6,900,24481.9,75,0,12983550
NIFTY-I.NFO,08/05/2025,12:15:00,24482,24480.9,75,24482,150,225,12983550
NIFTY-I.NFO,08/05/2025,12:15:02,24482,24481,75,24482,75,75,12983550
NIFTY-I.NFO,08/05/2025,12:15:03,24482,24481.1,75,24483.8,75,75,12983550
NIFTY-I.NFO,08/05/2025,12:15:05,24481.1,24479.3,450,24483.8,75,75,12983550
NIFTY-I.NFO,08/05/2025,12:15:07,24481.1,24481,75,24483.8,75,0,12983550
NIFTY-I.NFO,08/05/2025,12:15:08,24480,24479.8,300,24483.8,75,1425,12983550
NIFTY-I.NFO,08/05/2025,12:15:10,24480,24480.5,75,24483.8,75,75,12983550
NIFTY-I.NFO,08/05/2025,12:15:12,24483.8,24480.2,75,24484.3,900,75,12983550
NIFTY-I.NFO,08/05/2025,12:15:13,24483.8,24480.3,75,24484,300,0,12983550
NIFTY-I.NFO,08/05/2025,12:15:15,24483.8,24480.2,75,24484,300,0,12983550
NIFTY-I.NFO,08/05/2025,12:15:17,24483.8,24480.2,75,24484,450,0,12983550
NIFTY-I.NFO,08/05/2025,12:15:18,24483.8,24480.2,75,24483.9,75,0,12983550
NIFTY-I.NFO,08/05/2025,12:15:20,24483.8,24480.3,75,24483.9,525,0,12983550
NIFTY-I.NFO,08/05/2025,12:15:21,24483.8,24480.2,75,24483.9,525,0,12983550
NIFTY-I.NFO,08/05/2025,12:15:23,24483.8,24480.3,75,24483.9,225,0,12983550
NIFTY-I.NFO,08/05/2025,12:15:25,24483.8,24480.5,75,24483.9,225,0,12983550
NIFTY-I.NFO,08/05/2025,12:15:26,24480.5,24480.2,75,24483.9,225,75,12983550
NIFTY-I.NFO,08/05/2025,12:15:28,24480.1,24480,75,24483.9,525,75,12983550
NIFTY-I.NFO,08/05/2025,12:15:30,24480.1,24480,75,24483.9,525,0,12983550
NIFTY-I.NFO,08/05/2025,12:15:31,24480.1,24480,600,24483.9,150,0,12983550
NIFTY-I.NFO,08/05/2025,12:15:33,24484,24483.8,75,24484,225,225,12983550
NIFTY-I.NFO,08/05/2025,12:15:35,24483.8,24483.8,150,24484,75,225,12983550
NIFTY-I.NFO,08/05/2025,12:15:36,24484,24483.8,225,24484.4,75,75,12983550
NIFTY-I.NFO,08/05/2025,12:15:38,24484.9,24484.3,75,24485,675,900,12983550
NIFTY-I.NFO,08/05/2025,12:15:40,24485,24484.4,75,24485,600,75,12983550
NIFTY-I.NFO,08/05/2025,12:15:41,24485,24484.4,150,24485,375,225,12983550
NIFTY-I.NFO,08/05/2025,12:15:43,24485,24484.4,150,24485,300,75,12983550
NIFTY-I.NFO,08/05/2025,12:15:44,24484.4,24484.4,75,24485,300,75,12983550
NIFTY-I.NFO,08/05/2025,12:15:46,24484.4,24484.2,75,24485,300,75,12983550
NIFTY-I.NFO,08/05/2025,12:15:48,24484.4,24484.4,75,24485,300,0,12983550
NIFTY-I.NFO,08/05/2025,12:15:49,24484.4,24484.2,75,24485,300,750,12983550
NIFTY-I.NFO,08/05/2025,12:15:51,24484.3,24484.1,75,24486,150,450,12988200
NIFTY-I.NFO,08/05/2025,12:15:53,24484.3,24484.7,75,24486,150,0,12988200
NIFTY-I.NFO,08/05/2025,12:15:54,24484.3,24485.2,75,24486,150,0,12988200
NIFTY-I.NFO,08/05/2025,12:15:56,24486,24485.2,75,24486,75,75,12988200
NIFTY-I.NFO,08/05/2025,12:15:58,24486,24486.1,75,24486.6,75,75,12988200
NIFTY-I.NFO,08/05/2025,12:15:59,24487,24486.9,75,24488,900,300,12988200
NIFTY-I.NFO,08/05/2025,12:16:01,24487.7,24487,75,24488,900,75,12988200
NIFTY-I.NFO,08/05/2025,12:16:03,24489,24487.4,75,24489,75,1125,12988200
NIFTY-I.NFO,08/05/2025,12:16:04,24489,24487.6,75,24490,1125,75,12988200
NIFTY-I.NFO,08/05/2025,12:16:06,24489,24488.5,75,24490,1125,0,12988200
NIFTY-I.NFO,08/05/2025,12:16:08,24490,24488.5,75,24490,1050,75,12988200
NIFTY-I.NFO,08/05/2025,12:16:09,24490,24488.5,75,24490,1050,0,12988200
NIFTY-I.NFO,08/05/2025,12:16:11,24490,24488.5,150,24490,1050,0,12988200
NIFTY-I.NFO,08/05/2025,12:16:13,24490,24488.6,75,24490,1050,0,12988200
NIFTY-I.NFO,08/05/2025,12:16:14,24490,24487.7,75,24490,1050,0,12988200
NIFTY-I.NFO,08/05/2025,12:16:16,24487.7,24487.1,75,24490,1275,150,12988200
NIFTY-I.NFO,08/05/2025,12:16:18,24487.7,24487.3,75,24489.9,75,0,12988200
NIFTY-I.NFO,08/05/2025,12:16:19,24487.2,24487,75,24489.9,75,75,12988200
NIFTY-I.NFO,08/05/2025,12:16:21,24487.3,24487.4,75,24490,1050,75,12988200
NIFTY-I.NFO,08/05/2025,12:16:23,24487.3,24486.6,75,24490,1125,0,12988200
NIFTY-I.NFO,08/05/2025,12:16:24,24487.3,24487.2,75,24489.9,675,0,12988200
NIFTY-I.NFO,08/05/2025,12:16:26,24487.3,24487.2,75,24489.7,75,0,12988200
NIFTY-I.NFO,08/05/2025,12:16:28,24487.3,24487.2,450,24489.9,75,0,12988200
NIFTY-I.NFO,08/05/2025,12:16:29,24487.3,24487.2,150,24490,1650,0,12988200
NIFTY-I.NFO,08/05/2025,12:16:31,24487.3,24487.2,150,24489.8,600,0,12988200
NIFTY-I.NFO,08/05/2025,12:16:33,24487.3,24487.2,150,24489.7,75,0,12988200
NIFTY-I.NFO,08/05/2025,12:16:36,24486,24485.2,75,24486,1200,300,12988200
NIFTY-I.NFO,08/05/2025,12:16:38,24486,24485.7,75,24486,1200,0,12988200
NIFTY-I.NFO,08/05/2025,12:16:39,24486.1,24486.1,75,24489.8,75,1275,12988200
NIFTY-I.NFO,08/05/2025,12:16:41,24485.9,24485.7,75,24488.9,75,225,12988200
NIFTY-I.NFO,08/05/2025,12:16:43,24485.9,24486,150,24488.9,75,0,12988200
NIFTY-I.NFO,08/05/2025,12:16:48,24485.9,24486,525,24488.9,75,0,12988200
NIFTY-I.NFO,08/05/2025,12:16:49,24486.1,24486,150,24488.9,75,75,12988200
NIFTY-I.NFO,08/05/2025,12:16:51,24488.9,24486,150,24489,525,75,12988200
NIFTY-I.NFO,08/05/2025,12:16:53,24488.9,24486,225,24489.8,150,0,12988200
NIFTY-I.NFO,08/05/2025,12:16:54,24489.8,24486,225,24489.8,75,75,12988200
NIFTY-I.NFO,08/05/2025,12:16:56,24489.6,24486,225,24489.6,150,75,12988200
NIFTY-I.NFO,08/05/2025,12:16:58,24489.6,24486,225,24489.8,150,0,12988200
NIFTY-I.NFO,08/05/2025,12:16:59,24489.8,24486,225,24489.8,900,150,12988200
NIFTY-I.NFO,08/05/2025,12:17:01,24486,24486,75,24489.5,150,150,12988200
NIFTY-I.NFO,08/05/2025,12:17:03,24486,24486,75,24489.6,600,75,12988200
NIFTY-I.NFO,08/05/2025,12:17:04,24489.5,24486,75,24489.6,900,150,12988200
NIFTY-I.NFO,08/05/2025,12:17:06,24489.7,24486,75,24489.7,75,75,12988200
NIFTY-I.NFO,08/05/2025,12:17:07,24489.6,24486,75,24489.7,75,75,12988200
NIFTY-I.NFO,08/05/2025,12:17:09,24489.6,24486,75,24489.3,75,0,12988200
NIFTY-I.NFO,08/05/2025,12:17:12,24488.6,24486,75,24488.4,450,150,12988200
NIFTY-I.NFO,08/05/2025,12:17:14,24488.6,24486,75,24488.4,450,0,12988200
NIFTY-I.NFO,08/05/2025,12:17:16,24487.2,24486,75,24489.1,900,450,12988200
NIFTY-I.NFO,08/05/2025,12:17:17,24487.2,24487,75,24489.3,900,0,12988200
NIFTY-I.NFO,08/05/2025,12:17:19,24487,24487,75,24489.5,750,225,12988200
NIFTY-I.NFO,08/05/2025,12:17:20,24487,24487,75,24489.2,450,0,12988200
NIFTY-I.NFO,08/05/2025,12:17:22,24487,24487,75,24488.9,1050,0,12988200
NIFTY-I.NFO,08/05/2025,12:17:24,24487,24487,75,24488.9,450,0,12988200
NIFTY-I.NFO,08/05/2025,12:17:25,24487,24486.5,75,24488.5,450,150,12988200
NIFTY-I.NFO,08/05/2025,12:17:27,24487,24483.4,450,24487.9,150,300,12988200
NIFTY-I.NFO,08/05/2025,12:17:29,24486.5,24482.5,375,24487.9,750,75,12988200
NIFTY-I.NFO,08/05/2025,12:17:30,24486.5,24482.5,300,24488,525,0,12988200
NIFTY-I.NFO,08/05/2025,12:17:32,24486.5,24482.5,600,24488.2,150,0,12988200
NIFTY-I.NFO,08/05/2025,12:17:34,24486.5,24482.5,600,24488,375,0,12988200
NIFTY-I.NFO,08/05/2025,12:17:35,24486.5,24485.1,1875,24488,375,0,12988200
NIFTY-I.NFO,08/05/2025,12:17:39,24486.5,24485.1,2025,24488,375,0,12988200
NIFTY-I.NFO,08/05/2025,12:17:40,24485.1,24482.5,75,24486.8,675,2025,12988200
NIFTY-I.NFO,08/05/2025,12:17:42,24485.1,24482.5,150,24487,225,0,12988200
NIFTY-I.NFO,08/05/2025,12:17:45,24485.1,24482.5,150,24486.8,225,0,12988200
NIFTY-I.NFO,08/05/2025,12:17:47,24485.1,24483,975,24486.8,150,0,12988200
NIFTY-I.NFO,08/05/2025,12:17:52,24485.1,24483,975,24486.8,225,0,12988200
NIFTY-I.NFO,08/05/2025,12:17:54,24485.1,24483,975,24486.4,225,0,12988200
NIFTY-I.NFO,08/05/2025,12:17:55,24485.1,24483,975,24485.9,150,0,12988200
NIFTY-I.NFO,08/05/2025,12:17:57,24483,24483,900,24485,150,75,12988200
NIFTY-I.NFO,08/05/2025,12:17:58,24483,24483,900,24485,150,0,12988200
NIFTY-I.NFO,08/05/2025,12:18:00,24485,24483,900,24485,75,75,12988200
NIFTY-I.NFO,08/05/2025,12:18:02,24483,24483,825,24485.9,75,75,12988200
NIFTY-I.NFO,08/05/2025,12:18:03,24483,24483,825,24485.9,75,0,12988200
NIFTY-I.NFO,08/05/2025,12:18:05,24483,24483,300,24485.9,75,525,12988200
NIFTY-I.NFO,08/05/2025,12:18:06,24482.5,24482.1,75,24485.5,375,1350,12988200
NIFTY-I.NFO,08/05/2025,12:18:08,24485.5,24482.1,150,24484.9,150,225,12988200
NIFTY-I.NFO,08/05/2025,12:18:10,24483,24482.1,450,24483,900,450,12988200
NIFTY-I.NFO,08/05/2025,12:18:11,24483,24482.1,150,24483,900,75,12988200
NIFTY-I.NFO,08/05/2025,12:18:13,24483,24482.1,150,24483,900,0,12988200
NIFTY-I.NFO,08/05/2025,12:18:16,24483,24482.1,150,24483,975,0,12988200
NIFTY-I.NFO,08/05/2025,12:18:22,24483,24482.1,150,24483,900,75,12988200
NIFTY-I.NFO,08/05/2025,12:18:24,24483,24482.1,150,24483,825,75,12988200
NIFTY-I.NFO,08/05/2025,12:18:26,24483,24482.1,150,24483,825,0,12988200
NIFTY-I.NFO,08/05/2025,12:18:27,24482.1,24482.1,75,24483,825,150,12988200
NIFTY-I.NFO,08/05/2025,12:18:29,24482.1,24482.1,75,24483,825,0,12988200
NIFTY-I.NFO,08/05/2025,12:18:31,24482.1,24482.8,75,24483,825,0,12988200
NIFTY-I.NFO,08/05/2025,12:18:32,24482.1,24482.8,150,24483,825,0,12988200
NIFTY-I.NFO,08/05/2025,12:18:34,24482.8,24482.8,75,24483,825,150,12988200
NIFTY-I.NFO,08/05/2025,12:18:36,24482.8,24482,975,24482.9,150,75,12988200
NIFTY-I.NFO,08/05/2025,12:18:37,24482.8,24482,975,24482.9,150,0,12988200
NIFTY-I.NFO,08/05/2025,12:18:47,24482.9,24482,900,24483,825,150,12988200
NIFTY-I.NFO,08/05/2025,12:18:49,24482.9,24482,900,24482.8,75,0,12988200
NIFTY-I.NFO,08/05/2025,12:18:55,24482,24482,225,24482.9,75,750,12989475
NIFTY-I.NFO,08/05/2025,12:18:57,24482,24482,225,24482.9,75,0,12989475
NIFTY-I.NFO,08/05/2025,12:19:00,24482.2,24482,225,24482.9,75,75,12989475
NIFTY-I.NFO,08/05/2025,12:19:02,24482.2,24482,225,24482.9,75,0,12989475
NIFTY-I.NFO,08/05/2025,12:19:04,24482.2,24482,225,24483,225,0,12989475
NIFTY-I.NFO,08/05/2025,12:19:05,24482.2,24482,225,24482.8,150,0,12989475
NIFTY-I.NFO,08/05/2025,12:19:08,24482.8,24482,225,24482.9,150,75,12989475
NIFTY-I.NFO,08/05/2025,12:19:10,24482,24482,150,24482.9,150,75,12989475
NIFTY-I.NFO,08/05/2025,12:19:12,24482,24482.1,75,24482.9,150,0,12989475
NIFTY-I.NFO,08/05/2025,12:19:13,24482.1,24482,150,24482.9,150,75,12989475
NIFTY-I.NFO,08/05/2025,12:19:15,24482,24482,75,24482.9,150,75,12989475
NIFTY-I.NFO,08/05/2025,12:19:17,24482,24482,75,24483,225,0,12989475
NIFTY-I.NFO,08/05/2025,12:19:18,24482,24482,75,24482.9,150,0,12989475
NIFTY-I.NFO,08/05/2025,12:19:20,24482,24482,75,24483,225,0,12989475
NIFTY-I.NFO,08/05/2025,12:19:23,24482,24482,75,24482.9,150,0,12989475
NIFTY-I.NFO,08/05/2025,12:19:25,24482,24482,75,24482.8,150,0,12989475
NIFTY-I.NFO,08/05/2025,12:19:26,24482,24482.2,75,24482.8,150,0,12989475
NIFTY-I.NFO,08/05/2025,12:19:28,24482.2,24482,75,24482.8,150,75,12989475
NIFTY-I.NFO,08/05/2025,12:19:30,24482.2,24482,75,24482.4,225,0,12989475
NIFTY-I.NFO,08/05/2025,12:19:31,24482.2,24482,75,24482.3,150,0,12989475
NIFTY-I.NFO,08/05/2025,12:19:33,24482,24481.8,975,24482.4,150,75,12989475
NIFTY-I.NFO,08/05/2025,12:19:35,24482,24482.1,75,24482.4,150,0,12989475
NIFTY-I.NFO,08/05/2025,12:19:36,24482.1,24481.8,975,24482.4,150,75,12989475
NIFTY-I.NFO,08/05/2025,12:19:38,24481.8,24481.8,900,24482.4,150,75,12989475
NIFTY-I.NFO,08/05/2025,12:19:39,24481.8,24481.8,900,24482,150,0,12989475
NIFTY-I.NFO,08/05/2025,12:19:46,24481.8,24481.8,900,24482,225,0,12989475
NIFTY-I.NFO,08/05/2025,12:19:47,24482,24481.8,900,24482.3,150,75,12989475
NIFTY-I.NFO,08/05/2025,12:19:49,24481.8,24481.8,825,24482.3,150,75,12989475
NIFTY-I.NFO,08/05/2025,12:19:51,24482.3,24481.8,825,24482.3,150,150,12989475
NIFTY-I.NFO,08/05/2025,12:19:52,24482.3,24481.8,825,24482.2,150,0,12989475
NIFTY-I.NFO,08/05/2025,12:19:54,24481.8,24481.8,750,24482.1,225,75,12989475
NIFTY-I.NFO,08/05/2025,12:19:56,24481.8,24481.8,750,24482.1,225,0,12989475
NIFTY-I.NFO,08/05/2025,12:19:57,24481.8,24481.8,750,24481.9,225,0,12989475
NIFTY-I.NFO,08/05/2025,12:19:59,24481.8,24481.8,675,24481.9,225,75,12989475
NIFTY-I.NFO,08/05/2025,12:20:00,24481.8,24481.8,675,24481.9,225,0,12989475
NIFTY-I.NFO,08/05/2025,12:20:07,24481.9,24481.9,675,24482,300,225,12989475
NIFTY-I.NFO,08/05/2025,12:20:09,24481.9,24481.9,600,24482,300,75,12989475
NIFTY-I.NFO,08/05/2025,12:20:10,24481.9,24481.9,450,24482.2,150,225,12989475
NIFTY-I.NFO,08/05/2025,12:20:12,24481.9,24481.9,450,24482.1,225,0,12989475
NIFTY-I.NFO,08/05/2025,12:20:17,24482.1,24481.9,450,24482.2,150,75,12989475
NIFTY-I.NFO,08/05/2025,12:20:20,24482.1,24481.9,525,24482,225,0,12989475
NIFTY-I.NFO,08/05/2025,12:20:22,24482,24481.9,450,24482,150,75,12989475
NIFTY-I.NFO,08/05/2025,12:20:23,24482,24481.9,450,24482.2,150,75,12989475
NIFTY-I.NFO,08/05/2025,12:20:25,24482,24482,75,24482.2,150,0,12989475
NIFTY-I.NFO,08/05/2025,12:20:27,24482,24482,150,24482.2,150,0,12989475
NIFTY-I.NFO,08/05/2025,12:20:35,24482,24482,150,24482.1,150,0,12989475
NIFTY-I.NFO,08/05/2025,12:20:40,24482.1,24482,150,24482.4,150,75,12989475
NIFTY-I.NFO,08/05/2025,12:20:41,24482.1,24482,150,24482.4,150,0,12989475
NIFTY-I.NFO,08/05/2025,12:20:59,24482.4,24482,1050,24483,150,75,12989475
NIFTY-I.NFO,08/05/2025,12:21:01,24482.4,24482,1050,24483,150,0,12989475
NIFTY-I.NFO,08/05/2025,12:21:04,24483,24482,1050,24484,150,75,12989475
NIFTY-I.NFO,08/05/2025,12:21:06,24483,24482,1050,24484,150,0,12989475
NIFTY-I.NFO,08/05/2025,12:21:08,24482,24482,975,24484,225,75,12989475
NIFTY-I.NFO,08/05/2025,12:21:09,24482,24482,975,24484,225,0,12989475
NIFTY-I.NFO,08/05/2025,12:21:19,24483.8,24482,975,24483.8,225,75,12989475
NIFTY-I.NFO,08/05/2025,12:21:20,24483.8,24482,975,24483.8,225,0,12989475
NIFTY-I.NFO,08/05/2025,12:21:24,24483.8,24482,975,24483.8,150,75,12989475
NIFTY-I.NFO,08/05/2025,12:21:25,24483.8,24482,975,24483.8,150,0,12989475
NIFTY-I.NFO,08/05/2025,12:21:27,24483.8,24482,900,24483.8,150,150,12989475
NIFTY-I.NFO,08/05/2025,12:21:29,24483.8,24482,900,24483.8,150,0,12989475
NIFTY-I.NFO,08/05/2025,12:21:30,24483.8,24482,450,24483.8,75,525,12989475
NIFTY-I.NFO,08/05/2025,12:21:32,24482,24482,75,24483.8,75,375,12989475
NIFTY-I.NFO,08/05/2025,12:21:33,24482,24482,75,24483.8,75,0,12989475
NIFTY-I.NFO,08/05/2025,12:21:40,24482,24481.9,450,24483.8,75,75,12989475
NIFTY-I.NFO,08/05/2025,12:21:41,24481.9,24481.9,375,24482,300,75,12989475
NIFTY-I.NFO,08/05/2025,12:21:43,24482,24481.9,300,24483.8,150,300,12989475
NIFTY-I.NFO,08/05/2025,12:21:45,24482,24481.9,300,24483.8,150,0,12989475
NIFTY-I.NFO,08/05/2025,12:21:46,24482,24481.9,300,24483.8,150,75,12989475
NIFTY-I.NFO,08/05/2025,12:21:48,24481.9,24481.9,225,24483.8,150,75,12989475
NIFTY-I.NFO,08/05/2025,12:21:50,24481.9,24481.9,225,24483.8,150,0,12989475
NIFTY-I.NFO,08/05/2025,12:21:58,24481.9,24481.9,75,24483.8,225,225,12988500
NIFTY-I.NFO,08/05/2025,12:22:00,24481.9,24481.9,75,24483.8,525,0,12988500
NIFTY-I.NFO,08/05/2025,12:22:03,24481.9,24481.9,75,24483.8,225,0,12988500
NIFTY-I.NFO,08/05/2025,12:22:04,24481.9,24482,150,24483.8,225,0,12988500
NIFTY-I.NFO,08/05/2025,12:22:06,24482,24481.9,75,24483.8,525,150,12988500
NIFTY-I.NFO,08/05/2025,12:22:07,24482,24481.9,75,24483.8,225,0,12988500
NIFTY-I.NFO,08/05/2025,12:22:12,24482,24482,375,24483.8,225,0,12988500
NIFTY-I.NFO,08/05/2025,12:22:14,24482,24482,300,24483.8,225,75,12988500
NIFTY-I.NFO,08/05/2025,12:22:16,24482,24482,300,24483.8,225,0,12988500
NIFTY-I.NFO,08/05/2025,12:22:24,24483.8,24482,300,24483.8,225,225,12988500
NIFTY-I.NFO,08/05/2025,12:22:25,24483.8,24482,300,24483.8,225,0,12988500
NIFTY-I.NFO,08/05/2025,12:22:30,24482,24482,150,24483.8,225,150,12988500
NIFTY-I.NFO,08/05/2025,12:22:32,24482,24482,450,24483.9,225,0,12988500
NIFTY-I.NFO,08/05/2025,12:22:34,24482,24482,450,24483.8,150,0,12988500
NIFTY-I.NFO,08/05/2025,12:22:35,24484,24482,750,24484,75,375,12988500
NIFTY-I.NFO,08/05/2025,12:22:37,24484,24482,1425,24484,75,0,12988500
NIFTY-I.NFO,08/05/2025,12:22:40,24484,24482,1200,24485.5,225,75,12988500
NIFTY-I.NFO,08/05/2025,12:22:42,24482,24482,1125,24485.5,225,75,12988500
NIFTY-I.NFO,08/05/2025,12:22:43,24482,24482,1125,24485.5,225,0,12988500
NIFTY-I.NFO,08/05/2025,12:22:46,24486.4,24482,1125,24486.3,150,300,12988500
NIFTY-I.NFO,08/05/2025,12:22:48,24486.4,24482,1125,24486.3,150,0,12988500
NIFTY-I.NFO,08/05/2025,12:22:58,24482,24482,1050,24486.3,150,75,12988500
NIFTY-I.NFO,08/05/2025,12:22:59,24482.3,24482.3,150,24487,150,75,12988500
NIFTY-I.NFO,08/05/2025,12:23:01,24482.3,24482.6,450,24487.4,225,0,12988500
NIFTY-I.NFO,08/05/2025,12:23:03,24482.3,24482,750,24486.9,525,0,12988500
NIFTY-I.NFO,08/05/2025,12:23:04,24482.3,24482,825,24485.9,150,0,12988500
NIFTY-I.NFO,08/05/2025,12:23:08,24482.3,24482,825,24484.9,150,0,12988500
NIFTY-I.NFO,08/05/2025,12:23:11,24482.3,24482,825,24484.9,225,0,12988500
NIFTY-I.NFO,08/05/2025,12:23:19,24482,24481.7,150,24484.9,225,900,12988500
NIFTY-I.NFO,08/05/2025,12:23:21,24482,24481.7,150,24484.9,225,150,12988500
NIFTY-I.NFO,08/05/2025,12:23:22,24482,24481.7,75,24484.9,225,0,12988500
NIFTY-I.NFO,08/05/2025,12:23:24,24482,24481.7,75,24484.9,525,0,12988500
NIFTY-I.NFO,08/05/2025,12:23:26,24482,24481.7,75,24482,1725,450,12988500
NIFTY-I.NFO,08/05/2025,12:23:27,24482,24481.7,375,24482,1425,300,12988500
NIFTY-I.NFO,08/05/2025,12:23:29,24482,24481.7,375,24482,975,450,12988500
NIFTY-I.NFO,08/05/2025,12:23:30,24482,24481.5,1125,24482,150,2850,12988500
NIFTY-I.NFO,08/05/2025,12:23:32,24482,24481.5,1125,24482,150,0,12988500
NIFTY-I.NFO,08/05/2025,12:23:34,24482,24481.7,450,24482,150,0,12988500
NIFTY-I.NFO,08/05/2025,12:23:35,24482,24482,75,24484.9,150,300,12988500
NIFTY-I.NFO,08/05/2025,12:23:37,24482,24482,150,24484.9,150,0,12988500
NIFTY-I.NFO,08/05/2025,12:23:38,24482,24482,75,24484.9,150,75,12988500
NIFTY-I.NFO,08/05/2025,12:23:40,24482,24482,750,24484.9,150,75,12988500
NIFTY-I.NFO,08/05/2025,12:23:42,24482,24482,750,24484.9,150,0,12988500
NIFTY-I.NFO,08/05/2025,12:23:47,24482,24482,750,24484,75,0,12988500
NIFTY-I.NFO,08/05/2025,12:23:48,24482,24482,1200,24484,75,0,12988500
NIFTY-I.NFO,08/05/2025,12:23:50,24482,24482,1050,24484,75,0,12988500
NIFTY-I.NFO,08/05/2025,12:23:55,24482,24482,750,24484,75,0,12988500
NIFTY-I.NFO,08/05/2025,12:23:57,24482,24482,1050,24484,225,0,12988500
NIFTY-I.NFO,08/05/2025,12:23:58,24482,24482.7,75,24484,225,0,12988500
NIFTY-I.NFO,08/05/2025,12:24:00,24482.7,24482,750,24484,225,75,12988500
NIFTY-I.NFO,08/05/2025,12:24:01,24482,24482,675,24484,225,75,12988500
NIFTY-I.NFO,08/05/2025,12:24:03,24482,24482,675,24484,225,0,12988500
NIFTY-I.NFO,08/05/2025,12:24:05,24482,24482,600,24484,225,75,12988500
NIFTY-I.NFO,08/05/2025,12:24:06,24482,24482.1,150,24484,225,0,12988500
NIFTY-I.NFO,08/05/2025,12:24:13,24482,24482.6,75,24484,225,0,12988500
NIFTY-I.NFO,08/05/2025,12:24:16,24482,24482.6,375,24484,225,0,12988500
NIFTY-I.NFO,08/05/2025,12:24:18,24482,24482.7,75,24484,300,0,12988500
NIFTY-I.NFO,08/05/2025,12:24:19,24482.7,24482.6,75,24484,225,75,12988500
NIFTY-I.NFO,08/05/2025,12:24:21,24482.7,24482.7,75,24484,225,0,12988500
NIFTY-I.NFO,08/05/2025,12:24:25,24482.7,24482.6,75,24482.7,75,225,12988500
NIFTY-I.NFO,08/05/2025,12:24:27,24482.7,24482.1,300,24483.9,150,150,12988500
NIFTY-I.NFO,08/05/2025,12:24:28,24482.7,24482.1,300,24483.9,150,0,12988500
NIFTY-I.NFO,08/05/2025,12:24:33,24482.7,24483.4,450,24484,150,0,12988500
NIFTY-I.NFO,08/05/2025,12:24:35,24482.7,24483.3,450,24484,150,0,12988500
NIFTY-I.NFO,08/05/2025,12:24:36,24482.7,24483,450,24484,150,0,12988500
NIFTY-I.NFO,08/05/2025,12:24:38,24482.7,24483.9,75,24484,150,0,12988500
NIFTY-I.NFO,08/05/2025,12:24:52,24483.9,24482.8,150,24484,150,75,12988425
NIFTY-I.NFO,08/05/2025,12:24:53,24483.9,24482.7,450,24484,150,0,12988425
NIFTY-I.NFO,08/05/2025,12:24:55,24483.9,24483,450,24484,150,0,12988425
NIFTY-I.NFO,08/05/2025,12:24:57,24483.9,24483.9,75,24484,150,0,12988425
NIFTY-I.NFO,08/05/2025,12:25:07,24483.9,24483.2,450,24484,150,75,12988425
NIFTY-I.NFO,08/05/2025,12:25:09,24484,24485,900,24486.9,150,150,12988425
NIFTY-I.NFO,08/05/2025,12:25:11,24484,24485,900,24486.9,150,0,12988425
NIFTY-I.NFO,08/05/2025,12:25:22,24486.9,24485,900,24486.9,75,75,12988425
NIFTY-I.NFO,08/05/2025,12:25:23,24486.9,24485,1050,24486.9,75,0,12988425
NIFTY-I.NFO,08/05/2025,12:25:27,24486.9,24485.1,225,24486.9,75,0,12988425
NIFTY-I.NFO,08/05/2025,12:25:29,24486.9,24485.1,225,24486.9,150,75,12988425
NIFTY-I.NFO,08/05/2025,12:25:30,24486.9,24485.1,225,24486.9,150,0,12988425
NIFTY-I.NFO,08/05/2025,12:25:32,24486.9,24485.1,525,24486.9,150,0,12988425
NIFTY-I.NFO,08/05/2025,12:25:33,24486.9,24485.2,525,24487,75,75,12988425
NIFTY-I.NFO,08/05/2025,12:25:35,24487,24485.3,225,24488,150,75,12988425
NIFTY-I.NFO,08/05/2025,12:25:37,24485.3,24485,525,24488,150,525,12988425
NIFTY-I.NFO,08/05/2025,12:25:38,24485,24485,450,24488,150,150,12988425
NIFTY-I.NFO,08/05/2025,12:25:40,24485,24485,450,24488,150,0,12988425
NIFTY-I.NFO,08/05/2025,12:25:41,24485.3,24485,450,24487.9,75,75,12988425
NIFTY-I.NFO,08/05/2025,12:25:43,24485.3,24485,450,24487,300,0,12988425
NIFTY-I.NFO,08/05/2025,12:25:50,24485.3,24485,450,24487,375,0,12988425
NIFTY-I.NFO,08/05/2025,12:25:51,24485,24485,375,24487,675,75,12988425
NIFTY-I.NFO,08/05/2025,12:25:53,24485,24485,375,24487,375,0,12988425
NIFTY-I.NFO,08/05/2025,12:25:54,24485,24485,300,24487,375,75,12988425
NIFTY-I.NFO,08/05/2025,12:25:56,24485,24485,300,24487,675,0,12988425
NIFTY-I.NFO,08/05/2025,12:25:58,24485,24485,300,24487,375,0,12988425
NIFTY-I.NFO,08/05/2025,12:26:01,24485,24485,300,24487,675,0,12988425
NIFTY-I.NFO,08/05/2025,12:26:02,24485,24485,300,24486.4,75,0,12988425
NIFTY-I.NFO,08/05/2025,12:26:04,24485,24485,75,24486.4,375,225,12988425
NIFTY-I.NFO,08/05/2025,12:26:06,24485,24485,75,24486.4,375,0,12988425
NIFTY-I.NFO,08/05/2025,12:26:09,24485,24482.7,75,24485.9,75,75,12988425
NIFTY-I.NFO,08/05/2025,12:26:10,24485,24482.9,75,24485.9,75,0,12988425
NIFTY-I.NFO,08/05/2025,12:26:12,24485,24483,75,24485.9,75,0,12988425
NIFTY-I.NFO,08/05/2025,12:26:13,24485,24482.9,75,24485.9,75,0,12988425
NIFTY-I.NFO,08/05/2025,12:26:15,24482.9,24482.8,75,24485.9,75,75,12988425
NIFTY-I.NFO,08/05/2025,12:26:16,24482.9,24482.8,75,24484.9,75,0,12988425
NIFTY-I.NFO,08/05/2025,12:26:18,24482.9,24482.8,375,24484.9,75,0,12988425
NIFTY-I.NFO,08/05/2025,12:26:20,24485,24482.8,75,24484.9,150,150,12988425
NIFTY-I.NFO,08/05/2025,12:26:21,24485,24483,75,24484.9,150,0,12988425
NIFTY-I.NFO,08/05/2025,12:26:23,24485,24482.9,375,24484.9,150,0,12988425
NIFTY-I.NFO,08/05/2025,12:26:25,24484,24482.8,75,24487.8,75,375,12988425
NIFTY-I.NFO,08/05/2025,12:26:26,24484,24482.8,75,24487.9,150,0,12988425
NIFTY-I.NFO,08/05/2025,12:26:28,24484,24482.9,75,24487.9,150,0,12988425
NIFTY-I.NFO,08/05/2025,12:26:30,24482.8,24482.8,75,24487.9,150,150,12988425
NIFTY-I.NFO,08/05/2025,12:26:31,24482.8,24482.8,75,24487.9,750,0,12988425
NIFTY-I.NFO,08/05/2025,12:26:33,24482.8,24482.8,75,24484.9,150,0,12988425
NIFTY-I.NFO,08/05/2025,12:26:38,24482.8,24482.8,75,24484.9,150,75,12988425
NIFTY-I.NFO,08/05/2025,12:26:39,24482.8,24482.8,75,24484.9,150,75,12988425
NIFTY-I.NFO,08/05/2025,12:26:41,24482.8,24482.8,75,24484.9,150,0,12988425
NIFTY-I.NFO,08/05/2025,12:26:44,24482.8,24482.8,75,24484.9,225,0,12988425
NIFTY-I.NFO,08/05/2025,12:26:49,24482.8,24483,75,24484.9,225,0,12988425
NIFTY-I.NFO,08/05/2025,12:26:53,24483,24482.7,75,24484.9,225,75,12988425
NIFTY-I.NFO,08/05/2025,12:26:54,24482.7,24482.7,375,24484.9,225,75,12988425
NIFTY-I.NFO,08/05/2025,12:26:56,24482.7,24483,75,24484.9,225,0,12988425
NIFTY-I.NFO,08/05/2025,12:26:58,24483,24482.1,75,24484.9,225,75,12988425
NIFTY-I.NFO,08/05/2025,12:26:59,24483,24482.1,75,24484.9,225,0,12988425
NIFTY-I.NFO,08/05/2025,12:27:01,24483,24483.3,75,24487.7,225,0,12988425
NIFTY-I.NFO,08/05/2025,12:27:03,24483,24482.4,375,24487.7,225,0,12988425
NIFTY-I.NFO,08/05/2025,12:27:04,24483,24483.2,75,24487.7,225,0,12988425
NIFTY-I.NFO,08/05/2025,12:27:08,24483,24483.3,75,24487.5,525,0,12988425
NIFTY-I.NFO,08/05/2025,12:27:09,24483,24483,75,24487.5,525,0,12988425
NIFTY-I.NFO,08/05/2025,12:27:11,24483,24483.2,75,24487.5,525,0,12988425
NIFTY-I.NFO,08/05/2025,12:27:13,24483,24483,75,24485,150,0,12988425
NIFTY-I.NFO,08/05/2025,12:27:14,24483,24483.1,75,24485,150,0,12988425
NIFTY-I.NFO,08/05/2025,12:27:16,24483,24483.3,75,24485,150,0,12988425
NIFTY-I.NFO,08/05/2025,12:27:19,24485,24483.3,75,24487.5,525,75,12988425
NIFTY-I.NFO,08/05/2025,12:27:20,24485,24483.3,75,24487.5,525,0,12988425
NIFTY-I.NFO,08/05/2025,12:27:24,24483.3,24483,75,24485,150,75,12988425
NIFTY-I.NFO,08/05/2025,12:27:25,24485,24482.8,75,24487.5,525,75,12988425
NIFTY-I.NFO,08/05/2025,12:27:27,24482.8,24485,75,24487.5,525,75,12988425
NIFTY-I.NFO,08/05/2025,12:27:29,24482.8,24485,75,24487.3,525,0,12988425
NIFTY-I.NFO,08/05/2025,12:27:32,24482.8,24485,75,24487.3,600,0,12988425
NIFTY-I.NFO,08/05/2025,12:27:33,24485,24482.3,450,24487.3,225,75,12988425
NIFTY-I.NFO,08/05/2025,12:27:35,24485,24482.3,450,24486.9,225,0,12988425
NIFTY-I.NFO,08/05/2025,12:27:38,24485,24483.1,75,24486.9,525,0,12988425
NIFTY-I.NFO,08/05/2025,12:27:41,24486.6,24483,75,24486.6,450,75,12988425
NIFTY-I.NFO,08/05/2025,12:27:43,24486.6,24482.8,75,24486.6,450,0,12988425
NIFTY-I.NFO,08/05/2025,12:27:45,24486.4,24482.1,75,24486.3,525,525,12988425
NIFTY-I.NFO,08/05/2025,12:27:46,24486.4,24482.7,75,24486.3,225,0,12988425
NIFTY-I.NFO,08/05/2025,12:27:48,24485,24482.6,75,24486.3,525,150,12988425
NIFTY-I.NFO,08/05/2025,12:27:50,24485,24483,150,24486.3,525,0,12988425
NIFTY-I.NFO,08/05/2025,12:27:51,24485,24483,75,24486.3,525,0,12988425
NIFTY-I.NFO,08/05/2025,12:27:53,24483,24482.7,75,24484.2,150,900,12989250
NIFTY-I.NFO,08/05/2025,12:27:55,24482.7,24482.2,75,24484.2,150,75,12989250
NIFTY-I.NFO,08/05/2025,12:27:56,24482.7,24482.2,75,24484.2,150,0,12989250
NIFTY-I.NFO,08/05/2025,12:27:58,24483.2,24482.7,75,24484.9,150,75,12989250
NIFTY-I.NFO,08/05/2025,12:28:00,24484.9,24482.7,75,24485,150,75,12989250
NIFTY-I.NFO,08/05/2025,12:28:01,24484.9,24482.8,75,24485,150,0,12989250
NIFTY-I.NFO,08/05/2025,12:28:03,24482.9,24482.8,75,24485,225,75,12989250
NIFTY-I.NFO,08/05/2025,12:28:05,24482.9,24482.8,75,24485,225,0,12989250
NIFTY-I.NFO,08/05/2025,12:28:08,24482.9,24482.8,75,24485,375,0,12989250
NIFTY-I.NFO,08/05/2025,12:28:10,24482.9,24482.8,75,24485,300,0,12989250
NIFTY-I.NFO,08/05/2025,12:28:11,24482.9,24482.8,75,24485,375,0,12989250
NIFTY-I.NFO,08/05/2025,12:28:13,24482.9,24482.8,75,24485,225,0,12989250
NIFTY-I.NFO,08/05/2025,12:28:15,24482.8,24482.1,75,24485,225,75,12989250
NIFTY-I.NFO,08/05/2025,12:28:16,24482.1,24482,2400,24485,225,75,12989250
NIFTY-I.NFO,08/05/2025,12:28:18,24482.1,24482,2400,24485,225,0,12989250
NIFTY-I.NFO,08/05/2025,12:28:19,24485,24483.1,450,24485,150,75,12989250
NIFTY-I.NFO,08/05/2025,12:28:21,24485,24483,450,24485,150,0,12989250
NIFTY-I.NFO,08/05/2025,12:28:23,24482.8,24482.9,450,24485,150,75,12989250
NIFTY-I.NFO,08/05/2025,12:28:24,24482.8,24483,375,24485,150,0,12989250
NIFTY-I.NFO,08/05/2025,12:28:26,24482.8,24483,450,24485,150,0,12989250
NIFTY-I.NFO,08/05/2025,12:28:27,24482.8,24483,450,24484.9,75,0,12989250
NIFTY-I.NFO,08/05/2025,12:28:29,24483.1,24482.9,75,24484.9,75,75,12989250
NIFTY-I.NFO,08/05/2025,12:28:32,24483.1,24482,2100,24484.7,75,0,12989250
NIFTY-I.NFO,08/05/2025,12:28:34,24483.1,24483,150,24484.7,75,0,12989250
NIFTY-I.NFO,08/05/2025,12:28:36,24483.1,24483.2,150,24484.7,75,0,12989250
NIFTY-I.NFO,08/05/2025,12:28:37,24483.3,24483,150,24484.9,150,225,12989250
NIFTY-I.NFO,08/05/2025,12:28:39,24484.9,24483,150,24484.9,75,75,12989250
NIFTY-I.NFO,08/05/2025,12:28:42,24484.9,24483,300,24484.9,75,0,12989250
NIFTY-I.NFO,08/05/2025,12:28:44,24483,24483,150,24484.9,375,75,12989250
NIFTY-I.NFO,08/05/2025,12:28:45,24483,24483,75,24484.9,75,75,12989250
NIFTY-I.NFO,08/05/2025,12:28:47,24483,24483,75,24484.9,75,0,12989250
NIFTY-I.NFO,08/05/2025,12:28:50,24483,24483,75,24484.9,75,75,12989250
NIFTY-I.NFO,08/05/2025,12:28:52,24483,24482.6,150,24484.9,75,75,12989250
NIFTY-I.NFO,08/05/2025,12:28:53,24483,24482.1,75,24484.9,375,0,12989250
NIFTY-I.NFO,08/05/2025,12:28:55,24483,24482.1,75,24484.9,75,0,12989250
NIFTY-I.NFO,08/05/2025,12:28:58,24484.9,24482.1,75,24484.9,150,75,12989250
NIFTY-I.NFO,08/05/2025,12:29:00,24484.9,24482.1,75,24484.9,150,0,12989250
NIFTY-I.NFO,08/05/2025,12:29:03,24484.9,24482.8,150,24484.9,150,0,12989250
NIFTY-I.NFO,08/05/2025,12:29:05,24484.9,24482.7,150,24484.9,150,0,12989250
NIFTY-I.NFO,08/05/2025,12:29:06,24484.9,24482.8,150,24484.9,225,0,12989250
NIFTY-I.NFO,08/05/2025,12:29:10,24484.9,24483.1,150,24484.9,225,0,12989250
NIFTY-I.NFO,08/05/2025,12:29:11,24484.9,24483.2,150,24484.8,150,150,12989250
NIFTY-I.NFO,08/05/2025,12:29:13,24484.9,24483.3,150,24484.4,150,0,12989250
NIFTY-I.NFO,08/05/2025,12:29:16,24484.4,24483,150,24484.4,150,150,12989250
NIFTY-I.NFO,08/05/2025,12:29:18,24484.4,24483.1,150,24484.4,150,0,12989250
NIFTY-I.NFO,08/05/2025,12:29:21,24484.4,24483,150,24484.4,150,0,12989250
NIFTY-I.NFO,08/05/2025,12:29:23,24483.1,24483.2,150,24484.4,150,75,12989250
NIFTY-I.NFO,08/05/2025,12:29:24,24483.1,24483.2,150,24484.4,150,0,12989250
NIFTY-I.NFO,08/05/2025,12:29:26,24483.1,24483.1,150,24484.4,150,0,12989250
NIFTY-I.NFO,08/05/2025,12:29:31,24483.1,24482.9,150,24484.4,150,0,12989250
NIFTY-I.NFO,08/05/2025,12:29:33,24483.1,24482.8,150,24484.4,150,0,12989250
NIFTY-I.NFO,08/05/2025,12:29:34,24483.1,24482.9,150,24484.4,150,0,12989250
NIFTY-I.NFO,08/05/2025,12:29:36,24484.4,24482.3,150,24484.4,150,150,12989250
NIFTY-I.NFO,08/05/2025,12:29:37,24482.9,24482.5,150,24484.4,150,75,12989250
NIFTY-I.NFO,08/05/2025,12:29:39,24484.4,24482.9,150,24483.1,75,75,12989250
NIFTY-I.NFO,08/05/2025,12:29:41,24484.4,24482.9,150,24483.1,75,0,12989250
NIFTY-I.NFO,08/05/2025,12:29:42,24484.4,24482.8,150,24483.1,75,0,12989250
NIFTY-I.NFO,08/05/2025,12:29:44,24482.8,24482.8,150,24483.1,75,75,12989250
NIFTY-I.NFO,08/05/2025,12:29:46,24483.1,24482.8,150,24484.5,150,75,12989250
NIFTY-I.NFO,08/05/2025,12:29:47,24483.1,24482.6,150,24484.5,150,0,12989250
NIFTY-I.NFO,08/05/2025,12:29:49,24484.5,24482.6,750,24484.8,225,150,12989250
NIFTY-I.NFO,08/05/2025,12:29:51,24484.5,24482,2475,24484.8,225,0,12989250
NIFTY-I.NFO,08/05/2025,12:29:52,24484.5,24482,2625,24484.8,225,0,12989250
NIFTY-I.NFO,08/05/2025,12:29:54,24484.5,24482,2475,24484.8,225,0,12989250
NIFTY-I.NFO,08/05/2025,12:29:56,24484.8,24482,2400,24484.4,150,75,12989250
NIFTY-I.NFO,08/05/2025,12:29:57,24482,24482,2025,24484.8,225,2250,12989250
NIFTY-I.NFO,08/05/2025,12:29:59,24484.8,24482,1950,24484.9,75,1800,12989250
NIFTY-I.NFO,08/05/2025,12:30:01,24484.8,24482,2175,24484.8,75,75,12989250
NIFTY-I.NFO,08/05/2025,12:30:02,24484.8,24482,1875,24484.9,225,2025,12989250
NIFTY-I.NFO,08/05/2025,12:30:04,24484.8,24482.7,450,24484.9,75,0,12989250
NIFTY-I.NFO,08/05/2025,12:30:06,24484.9,24482.1,75,24486.5,450,2550,12989250
NIFTY-I.NFO,08/05/2025,12:30:07,24486.5,24482.1,75,24486.5,450,375,12989250
NIFTY-I.NFO,08/05/2025,12:30:09,24484.8,24482,1800,24486.6,525,1950,12989250
NIFTY-I.NFO,08/05/2025,12:30:11,24486.6,24482,1800,24486.6,375,75,12989250
NIFTY-I.NFO,08/05/2025,12:30:12,24486.6,24482,1875,24486.6,375,2775,12989250
NIFTY-I.NFO,08/05/2025,12:30:14,24485,24486.6,1650,24487.1,150,375,12989250
NIFTY-I.NFO,08/05/2025,12:30:16,24485,24486.6,1650,24487.1,150,0,12989250
NIFTY-I.NFO,08/05/2025,12:30:17,24487.3,24487.3,1275,24487.4,225,750,12989250
NIFTY-I.NFO,08/05/2025,12:30:19,24487.4,24487.4,2625,24487.7,150,75,12989250
NIFTY-I.NFO,08/05/2025,12:30:21,24487.7,24487.7,1425,24487.8,75,1650,12989250
NIFTY-I.NFO,08/05/2025,12:30:22,24487.8,24487.8,2625,24487.9,75,75,12989250
NIFTY-I.NFO,08/05/2025,12:30:24,24487.9,24487.9,4425,24488,300,75,12989250
NIFTY-I.NFO,08/05/2025,12:30:26,24488,24488,1425,24488.8,375,1575,12989250
NIFTY-I.NFO,08/05/2025,12:30:27,24488,24485,150,24487.9,750,4650,12989250
NIFTY-I.NFO,08/05/2025,12:30:29,24488,24485,375,24486.9,150,0,12989250
NIFTY-I.NFO,08/05/2025,12:30:31,24486.9,24485,225,24486.9,150,150,12989250
NIFTY-I.NFO,08/05/2025,12:30:32,24486.9,24485,225,24486.9,150,0,12989250
NIFTY-I.NFO,08/05/2025,12:30:34,24482.1,24485,75,24486.9,450,600,12989250
NIFTY-I.NFO,08/05/2025,12:30:35,24482.1,24485,75,24486.9,450,0,12989250
NIFTY-I.NFO,08/05/2025,12:30:37,24486.9,24485,75,24486.9,375,75,12989250
NIFTY-I.NFO,08/05/2025,12:30:39,24486.9,24485,75,24486.9,375,0,12989250
NIFTY-I.NFO,08/05/2025,12:30:40,24485,24482.1,300,24486.9,75,75,12989250
NIFTY-I.NFO,08/05/2025,12:30:42,24485,24482.5,525,24486.9,225,0,12989250
NIFTY-I.NFO,08/05/2025,12:30:44,24482.5,24482.5,450,24486.9,225,75,12989250
NIFTY-I.NFO,08/05/2025,12:30:45,24482.5,24482.8,75,24486.9,225,0,12989250
NIFTY-I.NFO,08/05/2025,12:30:55,24482.5,24482.8,150,24485.9,75,0,12989250
NIFTY-I.NFO,08/05/2025,12:31:03,24482.5,24482.9,75,24485.9,75,0,12989250
NIFTY-I.NFO,08/05/2025,12:31:05,24482.2,24482,2175,24485.9,75,1050,12996225
NIFTY-I.NFO,08/05/2025,12:31:06,24482.2,24482,2175,24485.9,75,0,12996225
NIFTY-I.NFO,08/05/2025,12:31:08,24482,24482,1800,24484.9,75,75,12996225
NIFTY-I.NFO,08/05/2025,12:31:10,24482,24482.9,150,24484.9,75,0,12996225
NIFTY-I.NFO,08/05/2025,12:31:11,24482,24482.4,75,24484.9,75,0,12996225
NIFTY-I.NFO,08/05/2025,12:31:13,24484.9,24482.5,75,24485,225,150,12996225
NIFTY-I.NFO,08/05/2025,12:31:14,24484.9,24482.4,75,24485,225,0,12996225
NIFTY-I.NFO,08/05/2025,12:31:16,24484.9,24482.4,75,24484.9,150,0,12996225
NIFTY-I.NFO,08/05/2025,12:31:19,24484.9,24482.4,75,24484.9,300,0,12996225
NIFTY-I.NFO,08/05/2025,12:31:22,24484.9,24483,375,24484.9,300,0,12996225
NIFTY-I.NFO,08/05/2025,12:31:26,24484.9,24483,450,24484.8,150,0,12996225
NIFTY-I.NFO,08/05/2025,12:31:27,24484.8,24483,300,24484.8,75,225,12996225
NIFTY-I.NFO,08/05/2025,12:31:29,24484.8,24483,300,24484.8,75,0,12996225
NIFTY-I.NFO,08/05/2025,12:31:42,24484.8,24483,300,24484.8,150,75,12996225
NIFTY-I.NFO,08/05/2025,12:31:43,24484.8,24483,300,24484.8,150,0,12996225
NIFTY-I.NFO,08/05/2025,12:31:47,24483,24483,75,24484.8,225,225,12996225
NIFTY-I.NFO,08/05/2025,12:31:48,24483,24482.2,75,24484.8,225,75,12996225
NIFTY-I.NFO,08/05/2025,12:31:50,24483,24482.2,75,24484.8,225,0,12996225
NIFTY-I.NFO,08/05/2025,12:31:53,24483,24482.2,75,24484.8,375,0,12996225
NIFTY-I.NFO,08/05/2025,12:31:55,24483,24482.2,75,24484,75,0,12996225
NIFTY-I.NFO,08/05/2025,12:31:56,24483,24482.2,75,24484,225,0,12996225
NIFTY-I.NFO,08/05/2025,12:32:00,24482.2,24482.2,75,24482.9,150,75,12996225
NIFTY-I.NFO,08/05/2025,12:32:01,24482.2,24482.2,75,24482.9,150,0,12996225
NIFTY-I.NFO,08/05/2025,12:32:03,24482.2,24482.6,75,24482.9,150,0,12996225
NIFTY-I.NFO,08/05/2025,12:32:05,24482.2,24482.4,75,24482.9,150,0,12996225
NIFTY-I.NFO,08/05/2025,12:32:06,24482.9,24482.4,75,24483,150,75,12996225
NIFTY-I.NFO,08/05/2025,12:32:08,24482.9,24482.4,75,24483,150,0,12996225
NIFTY-I.NFO,08/05/2025,12:32:11,24482.9,24482.5,150,24483,150,0,12996225
NIFTY-I.NFO,08/05/2025,12:32:13,24482.9,24482.4,225,24483,150,0,12996225
NIFTY-I.NFO,08/05/2025,12:32:15,24482.9,24482.4,300,24483,150,0,12996225
NIFTY-I.NFO,08/05/2025,12:32:16,24482.9,24482.6,75,24483,150,0,12996225
NIFTY-I.NFO,08/05/2025,12:32:18,24482.9,24482.3,225,24483,150,0,12996225
NIFTY-I.NFO,08/05/2025,12:32:20,24482.9,24482.3,300,24482.7,150,0,12996225
NIFTY-I.NFO,08/05/2025,12:32:21,24482.9,24482.4,150,24482.7,150,0,12996225
NIFTY-I.NFO,08/05/2025,12:32:23,24482.3,24482.1,150,24482.7,150,75,12996225
NIFTY-I.NFO,08/05/2025,12:32:25,24482.3,24482.2,150,24482.7,150,0,12996225
NIFTY-I.NFO,08/05/2025,12:32:26,24482.1,24482,1950,24482.7,150,150,12996225
NIFTY-I.NFO,08/05/2025,12:32:28,24482.1,24482.1,75,24482.7,150,0,12996225
NIFTY-I.NFO,08/05/2025,12:32:30,24482.1,24482.1,150,24482.7,150,0,12996225
NIFTY-I.NFO,08/05/2025,12:32:31,24482.1,24482,1950,24482.7,150,150,12996225
NIFTY-I.NFO,08/05/2025,12:32:33,24482.1,24482,1950,24482.7,150,0,12996225
NIFTY-I.NFO,08/05/2025,12:32:36,24482.1,24482,2100,24482.7,150,0,12996225
NIFTY-I.NFO,08/05/2025,12:32:38,24482.1,24482,1950,24482.7,150,0,12996225
NIFTY-I.NFO,08/05/2025,12:32:39,24482.1,24482.1,150,24482.7,150,0,12996225
NIFTY-I.NFO,08/05/2025,12:32:41,24482.1,24482.1,75,24482.7,150,75,12996225
NIFTY-I.NFO,08/05/2025,12:32:43,24482.1,24482.1,75,24482.7,150,0,12996225
NIFTY-I.NFO,08/05/2025,12:32:44,24482.1,24482.1,300,24482.7,150,0,12996225
NIFTY-I.NFO,08/05/2025,12:32:48,24482.1,24482.5,225,24482.7,150,0,12996225
NIFTY-I.NFO,08/05/2025,12:32:49,24482.7,24482.6,225,24483,75,150,12996225
NIFTY-I.NFO,08/05/2025,12:32:51,24482.7,24482.5,225,24483,75,0,12996225
NIFTY-I.NFO,08/05/2025,12:32:53,24483,24482.7,225,24484.7,75,75,12996225
NIFTY-I.NFO,08/05/2025,12:32:54,24483,24482.2,225,24484.7,75,0,12996225
NIFTY-I.NFO,08/05/2025,12:32:58,24482.2,24482.1,300,24484.7,75,150,12996225
NIFTY-I.NFO,08/05/2025,12:32:59,24482.2,24482.1,75,24484.7,75,0,12996225
NIFTY-I.NFO,08/05/2025,12:33:01,24482.2,24482.5,300,24484.7,75,0,12996225
NIFTY-I.NFO,08/05/2025,12:33:06,24484.7,24482.5,525,24484.8,150,75,12996225
NIFTY-I.NFO,08/05/2025,12:33:07,24484.7,24482.5,300,24484.8,150,0,12996225
NIFTY-I.NFO,08/05/2025,12:33:12,24482.5,24482.5,225,24483.2,75,75,12996225
NIFTY-I.NFO,08/05/2025,12:33:14,24482.6,24482.6,225,24483.2,75,75,12996225
NIFTY-I.NFO,08/05/2025,12:33:15,24482.6,24482.5,225,24483.2,75,0,12996225
NIFTY-I.NFO,08/05/2025,12:33:17,24482.6,24482.5,225,24482.8,75,0,12996225
NIFTY-I.NFO,08/05/2025,12:33:19,24482.5,24482.5,150,24482.8,75,75,12996225
NIFTY-I.NFO,08/05/2025,12:33:20,24482.5,24482.1,150,24482.6,75,150,12996225
NIFTY-I.NFO,08/05/2025,12:33:22,24482.2,24482.1,150,24482.6,75,150,12996225
NIFTY-I.NFO,08/05/2025,12:33:24,24482.2,24482.2,225,24482.6,75,0,12996225
NIFTY-I.NFO,08/05/2025,12:33:25,24482.2,24482.2,300,24482.4,75,0,12996225
NIFTY-I.NFO,08/05/2025,12:33:27,24482.4,24482.2,300,24483.9,150,75,12996225
NIFTY-I.NFO,08/05/2025,12:33:29,24483.9,24482.2,300,24483.9,150,225,12996225
NIFTY-I.NFO,08/05/2025,12:33:30,24483.9,24482.3,225,24483.9,150,0,12996225
NIFTY-I.NFO,08/05/2025,12:33:32,24483.9,24482.7,225,24483.9,150,0,12996225
NIFTY-I.NFO,08/05/2025,12:33:35,24483.9,24482.7,75,24483.8,150,0,12996225
NIFTY-I.NFO,08/05/2025,12:33:37,24483.9,24482.7,375,24483.8,150,0,12996225
NIFTY-I.NFO,08/05/2025,12:33:38,24483.8,24483.8,750,24483.9,75,225,12996225
NIFTY-I.NFO,08/05/2025,12:33:40,24484,24483.8,750,24484,75,150,12996225
NIFTY-I.NFO,08/05/2025,12:33:42,24484,24483.8,750,24484,75,0,12996225
NIFTY-I.NFO,08/05/2025,12:33:46,24484,24483.8,750,24484,1350,0,12996225
NIFTY-I.NFO,08/05/2025,12:33:48,24482,24482,1500,24484,1425,1800,12996225
NIFTY-I.NFO,08/05/2025,12:33:50,24482,24482,1500,24484,1275,0,12996225
NIFTY-I.NFO,08/05/2025,12:33:51,24482,24482,1500,24483.9,150,0,12996225
NIFTY-I.NFO,08/05/2025,12:33:53,24482,24482,1425,24483.9,150,75,12996225
NIFTY-I.NFO,08/05/2025,12:33:54,24482,24482.1,225,24483.9,150,1800,12996000
NIFTY-I.NFO,08/05/2025,12:33:56,24482.5,24482.6,225,24483.9,150,75,12996000
NIFTY-I.NFO,08/05/2025,12:33:58,24482.5,24482.3,225,24483.9,150,0,12996000
NIFTY-I.NFO,08/05/2025,12:33:59,24482,24481.2,75,24482,1425,450,12996000
NIFTY-I.NFO,08/05/2025,12:34:01,24482,24482.3,225,24483.9,150,1425,12996000
NIFTY-I.NFO,08/05/2025,12:34:02,24482,24482.4,225,24483.9,150,0,12996000
NIFTY-I.NFO,08/05/2025,12:34:04,24482,24482.3,225,24483.9,150,0,12996000
NIFTY-I.NFO,08/05/2025,12:34:06,24481,24481,150,24482,300,1650,12996000
NIFTY-I.NFO,08/05/2025,12:34:07,24482.1,24481.8,75,24483.9,150,375,12996000
NIFTY-I.NFO,08/05/2025,12:34:09,24482.1,24481,75,24483.9,150,0,12996000
NIFTY-I.NFO,08/05/2025,12:34:12,24483,24481,75,24483,675,75,12996000
NIFTY-I.NFO,08/05/2025,12:34:14,24483,24481,75,24483,675,0,12996000
NIFTY-I.NFO,08/05/2025,12:34:17,24483,24481.1,225,24483,675,0,12996000
NIFTY-I.NFO,08/05/2025,12:34:18,24482,24481.6,75,24482,375,1425,12996000
NIFTY-I.NFO,08/05/2025,12:34:20,24481.1,24481.1,150,24483,750,600,12996000
NIFTY-I.NFO,08/05/2025,12:34:21,24481.1,24481.1,150,24482.9,150,0,12996000
NIFTY-I.NFO,08/05/2025,12:34:23,24481.1,24481,75,24482.9,150,150,12996000
NIFTY-I.NFO,08/05/2025,12:34:24,24480.5,24482.4,75,24482.9,150,1875,12996000
NIFTY-I.NFO,08/05/2025,12:34:26,24482.5,24482.5,75,24482.9,75,150,12996000
NIFTY-I.NFO,08/05/2025,12:34:28,24482.6,24482.4,75,24482.9,75,75,12996000
NIFTY-I.NFO,08/05/2025,12:34:29,24482.6,24482.5,75,24482.9,75,0,12996000
NIFTY-I.NFO,08/05/2025,12:34:31,24482.5,24482.5,75,24482.9,75,75,12996000
NIFTY-I.NFO,08/05/2025,12:34:33,24482.9,24482.5,75,24483,600,75,12996000
NIFTY-I.NFO,08/05/2025,12:34:34,24482.9,24482.5,75,24483,600,0,12996000
NIFTY-I.NFO,08/05/2025,12:34:37,24483,24482.6,75,24483,525,75,12996000
NIFTY-I.NFO,08/05/2025,12:34:39,24483,24482.6,75,24483,450,450,12996000
NIFTY-I.NFO,08/05/2025,12:34:41,24483,24482.7,75,24482.9,150,0,12996000
NIFTY-I.NFO,08/05/2025,12:34:42,24482.4,24482.3,75,24482.9,150,300,12996000
NIFTY-I.NFO,08/05/2025,12:34:44,24482.4,24482.4,75,24482.9,150,0,12996000
NIFTY-I.NFO,08/05/2025,12:34:47,24482.4,24482.5,75,24482.9,150,0,12996000
NIFTY-I.NFO,08/05/2025,12:34:49,24482.9,24482.5,75,24483,450,150,12996000
NIFTY-I.NFO,08/05/2025,12:34:50,24483,24482.6,75,24483,225,225,12996000
NIFTY-I.NFO,08/05/2025,12:34:52,24483,24482.5,75,24483,225,0,12996000
NIFTY-I.NFO,08/05/2025,12:34:53,24482.9,24482.6,75,24483,225,300,12996000
NIFTY-I.NFO,08/05/2025,12:34:55,24482.9,24482.7,75,24483,225,0,12996000
NIFTY-I.NFO,08/05/2025,12:34:57,24482.9,24482.7,150,24482.9,150,0,12996000
NIFTY-I.NFO,08/05/2025,12:34:58,24482.9,24482.7,225,24482.9,150,0,12996000
NIFTY-I.NFO,08/05/2025,12:35:00,24482.7,24482.7,150,24482.9,75,75,12996000
NIFTY-I.NFO,08/05/2025,12:35:01,24482.8,24482.7,75,24482.9,75,75,12996000
NIFTY-I.NFO,08/05/2025,12:35:03,24482.8,24482.7,75,24482.9,150,75,12996000
NIFTY-I.NFO,08/05/2025,12:35:06,24482.8,24482.8,75,24482.9,150,0,12996000
NIFTY-I.NFO,08/05/2025,12:35:10,24482.8,24482.7,150,24482.9,150,150,12996000
NIFTY-I.NFO,08/05/2025,12:35:11,24482.8,24482.5,150,24482.7,75,0,12996000
NIFTY-I.NFO,08/05/2025,12:35:13,24482.9,24482.6,150,24482.9,75,225,12996000
NIFTY-I.NFO,08/05/2025,12:35:14,24482.9,24482.6,150,24483,225,75,12996000
NIFTY-I.NFO,08/05/2025,12:35:16,24479.3,24480,75,24483,225,3075,12996000
NIFTY-I.NFO,08/05/2025,12:35:18,24479.3,24480.3,75,24483,300,0,12996000
NIFTY-I.NFO,08/05/2025,12:35:19,24479.3,24482.5,75,24483,300,0,12996000
NIFTY-I.NFO,08/05/2025,12:35:21,24482.9,24482.6,75,24483,225,75,12996000
NIFTY-I.NFO,08/05/2025,12:35:22,24483,24482.6,75,24483,75,150,12996000
NIFTY-I.NFO,08/05/2025,12:35:24,24483,24482.7,75,24483,300,75,12996000
NIFTY-I.NFO,08/05/2025,12:35:26,24482.7,24482.7,75,24482.9,150,75,12996000
NIFTY-I.NFO,08/05/2025,12:35:27,24482.7,24482.7,75,24482.9,150,0,12996000
NIFTY-I.NFO,08/05/2025,12:35:29,24482.7,24482.6,75,24482.9,150,0,12996000
NIFTY-I.NFO,08/05/2025,12:35:30,24478.4,24482.4,75,24483,225,3000,12996000
NIFTY-I.NFO,08/05/2025,12:35:32,24478.4,24482.6,75,24483,225,0,12996000
NIFTY-I.NFO,08/05/2025,12:35:34,24482.6,24482.4,75,24483,225,75,12996000
NIFTY-I.NFO,08/05/2025,12:35:35,24482.4,24482.7,75,24482.9,150,75,12996000
NIFTY-I.NFO,08/05/2025,12:35:37,24482.4,24482.7,75,24482.9,150,0,12996000
NIFTY-I.NFO,08/05/2025,12:35:39,24482.4,24482.6,75,24482.9,150,0,12996000
NIFTY-I.NFO,08/05/2025,12:35:40,24482.5,24482.3,75,24482.9,150,675,12996000
NIFTY-I.NFO,08/05/2025,12:35:42,24482.5,24482.6,75,24482.9,150,0,12996000
NIFTY-I.NFO,08/05/2025,12:35:43,24482.5,24482.6,150,24482.9,150,0,12996000
NIFTY-I.NFO,08/05/2025,12:35:47,24482.6,24482.7,75,24482.9,150,75,12996000
NIFTY-I.NFO,08/05/2025,12:35:48,24482.6,24482.5,75,24482.9,150,0,12996000
NIFTY-I.NFO,08/05/2025,12:35:50,24482.9,24482.8,75,24483,150,75,12996000
NIFTY-I.NFO,08/05/2025,12:35:52,24483,24482.7,75,24484.8,75,150,12996000
NIFTY-I.NFO,08/05/2025,12:35:53,24482.9,24482.4,75,24484.8,75,150,12996000
NIFTY-I.NFO,08/05/2025,12:35:55,24482.9,24482.4,75,24484.8,75,0,12996000
NIFTY-I.NFO,08/05/2025,12:35:57,24482.4,24481.3,75,24484.8,75,75,12996000
NIFTY-I.NFO,08/05/2025,12:35:58,24482.4,24481.8,75,24484.8,75,0,12996000
NIFTY-I.NFO,08/05/2025,12:36:00,24482.4,24481.9,75,24484.8,75,75,12996000
NIFTY-I.NFO,08/05/2025,12:36:02,24482.4,24482.2,75,24484.8,75,0,12996000
NIFTY-I.NFO,08/05/2025,12:36:05,24482.1,24481.3,75,24484.8,75,75,12996000
NIFTY-I.NFO,08/05/2025,12:36:06,24482.1,24481.3,75,24484.8,75,0,12996000
NIFTY-I.NFO,08/05/2025,12:36:10,24482.1,24481.3,75,24482.5,300,0,12996000
NIFTY-I.NFO,08/05/2025,12:36:11,24482.5,24481.3,150,24484.8,150,300,12996000
NIFTY-I.NFO,08/05/2025,12:36:13,24481.7,24481.3,75,24484.8,150,150,12996000
NIFTY-I.NFO,08/05/2025,12:36:14,24481.7,24481.3,75,24484.8,450,0,12996000
NIFTY-I.NFO,08/05/2025,12:36:16,24481.7,24482.5,75,24484.8,150,0,12996000
NIFTY-I.NFO,08/05/2025,12:36:18,24481.7,24482.2,75,24484.8,150,0,12996000
NIFTY-I.NFO,08/05/2025,12:36:19,24481.7,24482.1,75,24484.8,450,0,12996000
NIFTY-I.NFO,08/05/2025,12:36:21,24480,24479.4,375,24484.8,150,3750,12996000
NIFTY-I.NFO,08/05/2025,12:36:22,24482.8,24482.8,75,24484.7,150,150,12996000
NIFTY-I.NFO,08/05/2025,12:36:24,24482.8,24482.7,75,24484.7,150,0,12996000
NIFTY-I.NFO,08/05/2025,12:36:26,24482.8,24482.8,75,24484.7,150,0,12996000
NIFTY-I.NFO,08/05/2025,12:36:27,24482.7,24482.9,75,24484.7,150,75,12996000
NIFTY-I.NFO,08/05/2025,12:36:29,24482.5,24482.3,75,24484.7,450,150,12996000
NIFTY-I.NFO,08/05/2025,12:36:30,24482.8,24482.6,75,24484.7,150,150,12996000
NIFTY-I.NFO,08/05/2025,12:36:32,24482.8,24482.5,75,24484.7,150,0,12996000
NIFTY-I.NFO,08/05/2025,12:36:35,24482.8,24482.6,75,24484.7,450,0,12996000
NIFTY-I.NFO,08/05/2025,12:36:37,24482.8,24482.5,75,24484.7,450,0,12996000
NIFTY-I.NFO,08/05/2025,12:36:40,24482.8,24482.5,75,24484.7,150,0,12996000
NIFTY-I.NFO,08/05/2025,12:36:43,24482.8,24482.5,75,24484.7,450,0,12996000
NIFTY-I.NFO,08/05/2025,12:36:45,24482.8,24482,75,24484.7,450,0,12996000
NIFTY-I.NFO,08/05/2025,12:36:46,24482,24480.6,75,24484.7,450,75,12996000
NIFTY-I.NFO,08/05/2025,12:36:48,24482,24482.2,75,24484.7,450,0,12996000
NIFTY-I.NFO,08/05/2025,12:36:50,24481.1,24480.1,150,24484.7,450,75,12996000
NIFTY-I.NFO,08/05/2025,12:36:51,24480.1,24480.1,75,24484.7,450,75,12996000
NIFTY-I.NFO,08/05/2025,12:36:53,24480.1,24480.1,75,24484.7,225,0,12996000
NIFTY-I.NFO,08/05/2025,12:36:54,24480.1,24480.6,75,24484.7,525,0,12996000
NIFTY-I.NFO,08/05/2025,12:36:59,24480.1,24480.6,75,24483,150,0,12996000
NIFTY-I.NFO,08/05/2025,12:37:01,24483,24482.3,75,24483.1,150,450,12998175
NIFTY-I.NFO,08/05/2025,12:37:02,24483.1,24482.6,75,24484.6,450,600,12998175
NIFTY-I.NFO,08/05/2025,12:37:04,24483.1,24482.6,75,24484.6,450,0,12998175
NIFTY-I.NFO,08/05/2025,12:37:07,24483.1,24482.5,75,24484.6,525,0,12998175
NIFTY-I.NFO,08/05/2025,12:37:14,24481.3,24481.2,225,24484.6,150,1125,12998175
NIFTY-I.NFO,08/05/2025,12:37:15,24484.6,24484.6,75,24484.7,375,825,12998175
NIFTY-I.NFO,08/05/2025,12:37:17,24484.6,24481.2,225,24484.6,75,150,12998175
NIFTY-I.NFO,08/05/2025,12:37:19,24484.6,24481.2,225,24484.6,75,0,12998175
NIFTY-I.NFO,08/05/2025,12:37:23,24484.6,24482,900,24484.6,75,0,12998175
NIFTY-I.NFO,08/05/2025,12:37:25,24482,24482,825,24484.6,75,75,12998175
NIFTY-I.NFO,08/05/2025,12:37:27,24482,24482,825,24484.6,75,0,12998175
NIFTY-I.NFO,08/05/2025,12:37:28,24482.6,24482,825,24484.6,75,75,12998175
NIFTY-I.NFO,08/05/2025,12:37:30,24482.6,24482.7,75,24484.6,75,0,12998175
NIFTY-I.NFO,08/05/2025,12:37:32,24482.7,24482.6,75,24484.6,375,75,12998175
NIFTY-I.NFO,08/05/2025,12:37:33,24482.7,24482.6,75,24484.6,375,0,12998175
NIFTY-I.NFO,08/05/2025,12:37:35,24484.6,24482.6,75,24484.6,450,150,12998175
NIFTY-I.NFO,08/05/2025,12:37:36,24484.6,24482.4,75,24484.6,75,150,12998175
NIFTY-I.NFO,08/05/2025,12:37:38,24482.3,24482,825,24484.6,75,75,12998175
NIFTY-I.NFO,08/05/2025,12:37:40,24482.3,24482.2,75,24484.6,75,0,12998175
NIFTY-I.NFO,08/05/2025,12:37:41,24482.2,24482,825,24484.6,75,75,12998175
NIFTY-I.NFO,08/05/2025,12:37:43,24482,24482,750,24484.6,75,150,12998175
NIFTY-I.NFO,08/05/2025,12:37:45,24482.1,24482.1,75,24484.6,375,75,12998175
NIFTY-I.NFO,08/05/2025,12:37:46,24482.1,24482.3,75,24484.6,75,75,12998175
NIFTY-I.NFO,08/05/2025,12:37:48,24482.1,24482.5,75,24484.6,75,0,12998175
NIFTY-I.NFO,08/05/2025,12:37:50,24484.6,24482.4,75,24484.6,450,75,12998175
NIFTY-I.NFO,08/05/2025,12:37:51,24484.6,24482.7,75,24484.6,375,300,12998175
NIFTY-I.NFO,08/05/2025,12:37:53,24484.6,24482.4,75,24484.6,75,0,12998175
NIFTY-I.NFO,08/05/2025,12:37:54,24482,24482.2,75,24484.6,375,225,12998175
NIFTY-I.NFO,08/05/2025,12:37:56,24482,24482.1,75,24484.6,450,0,12998175
NIFTY-I.NFO,08/05/2025,12:37:58,24484.6,24482.1,75,24484.5,150,75,12998175
NIFTY-I.NFO,08/05/2025,12:37:59,24484.6,24482.1,75,24484.5,150,0,12998175
NIFTY-I.NFO,08/05/2025,12:38:01,24484.6,24482.3,75,24484.5,150,0,12998175
NIFTY-I.NFO,08/05/2025,12:38:03,24482.4,24482,675,24484.5,225,75,12998175
NIFTY-I.NFO,08/05/2025,12:38:04,24482.4,24482,675,24484.3,225,0,12998175
NIFTY-I.NFO,08/05/2025,12:38:06,24482,24482,600,24483.9,150,75,12998175
NIFTY-I.NFO,08/05/2025,12:38:08,24482,24482,600,24483.9,150,0,12998175
NIFTY-I.NFO,08/05/2025,12:38:09,24482,24482,525,24483.9,150,75,12998175
NIFTY-I.NFO,08/05/2025,12:38:11,24482,24482,525,24483.9,150,0,12998175
NIFTY-I.NFO,08/05/2025,12:38:13,24482.9,24482,525,24482.9,150,375,12998175
NIFTY-I.NFO,08/05/2025,12:38:14,24482.4,24482,525,24483.9,150,375,12998175
NIFTY-I.NFO,08/05/2025,12:38:16,24482.4,24482.2,75,24483.9,150,0,12998175
NIFTY-I.NFO,08/05/2025,12:38:17,24482.4,24482.1,75,24483.9,150,0,12998175
NIFTY-I.NFO,08/05/2025,12:38:19,24482.4,24482,525,24483.9,150,0,12998175
NIFTY-I.NFO,08/05/2025,12:38:21,24483.9,24482,450,24483.9,75,150,12998175
NIFTY-I.NFO,08/05/2025,12:38:22,24483.9,24482,450,24483.9,75,0,12998175
NIFTY-I.NFO,08/05/2025,12:38:24,24483.9,24482.1,75,24483.9,75,0,12998175
NIFTY-I.NFO,08/05/2025,12:38:25,24483.9,24482,450,24483.9,75,0,12998175
NIFTY-I.NFO,08/05/2025,12:38:27,24483.9,24482,450,24483.9,150,75,12998175
NIFTY-I.NFO,08/05/2025,12:38:29,24483.9,24482,450,24483.9,150,0,12998175
NIFTY-I.NFO,08/05/2025,12:38:30,24482,24482,225,24483.9,150,225,12998175
NIFTY-I.NFO,08/05/2025,12:38:32,24482.9,24482.3,75,24483.9,150,225,12998175
NIFTY-I.NFO,08/05/2025,12:38:34,24482.9,24482.5,75,24483.9,150,0,12998175
NIFTY-I.NFO,08/05/2025,12:38:35,24482.5,24482.5,75,24483.9,150,75,12998175
NIFTY-I.NFO,08/05/2025,12:38:38,24482.4,24482,225,24483.9,450,225,12998175
NIFTY-I.NFO,08/05/2025,12:38:40,24482.4,24482,300,24482.4,75,675,12998175
NIFTY-I.NFO,08/05/2025,12:38:42,24482,24482,225,24483.9,150,525,12998175
NIFTY-I.NFO,08/05/2025,12:38:43,24482.3,24482,150,24483.7,150,75,12998175
NIFTY-I.NFO,08/05/2025,12:38:45,24482.4,24482.3,75,24483.8,75,150,12998175
NIFTY-I.NFO,08/05/2025,12:38:47,24483.8,24482.4,75,24483.9,150,75,12998175
NIFTY-I.NFO,08/05/2025,12:38:48,24483.8,24482.9,75,24483.9,150,0,12998175
NIFTY-I.NFO,08/05/2025,12:38:50,24483.8,24482.8,75,24483.9,150,0,12998175
NIFTY-I.NFO,08/05/2025,12:38:51,24482.7,24482.7,75,24483.9,150,75,12998175
NIFTY-I.NFO,08/05/2025,12:38:53,24482.7,24482.7,75,24483.9,150,0,12998175
NIFTY-I.NFO,08/05/2025,12:38:55,24482.7,24482.6,75,24483.3,150,0,12998175
NIFTY-I.NFO,08/05/2025,12:38:56,24482.6,24482.5,75,24483.3,150,150,12998175
NIFTY-I.NFO,08/05/2025,12:38:58,24482.6,24482.7,75,24483.3,150,0,12998175
NIFTY-I.NFO,08/05/2025,12:39:00,24482.7,24482.3,75,24483.3,75,225,12998175
NIFTY-I.NFO,08/05/2025,12:39:01,24482.7,24482.2,75,24483.3,75,0,12998175
NIFTY-I.NFO,08/05/2025,12:39:03,24483.4,24482.2,75,24483.9,150,225,12998175
NIFTY-I.NFO,08/05/2025,12:39:05,24483.4,24482.2,75,24483.9,150,0,12998175
NIFTY-I.NFO,08/05/2025,12:39:06,24483.4,24482.2,150,24483.9,150,0,12998175
NIFTY-I.NFO,08/05/2025,12:39:08,24482.2,24482.1,75,24483.9,225,75,12998175
NIFTY-I.NFO,08/05/2025,12:39:09,24482,24482.1,75,24483.8,150,225,12998175
NIFTY-I.NFO,08/05/2025,12:39:11,24482,24482.1,150,24483.4,150,0,12998175
NIFTY-I.NFO,08/05/2025,12:39:13,24482,24482.1,75,24483.4,150,0,12998175
NIFTY-I.NFO,08/05/2025,12:39:16,24482,24482.2,75,24483.4,150,0,12998175
NIFTY-I.NFO,08/05/2025,12:39:18,24482,24482.1,150,24483.4,150,0,12998175
NIFTY-I.NFO,08/05/2025,12:39:19,24482,24482.8,75,24483.4,150,0,12998175
NIFTY-I.NFO,08/05/2025,12:39:21,24482,24482.6,75,24483.4,150,0,12998175
NIFTY-I.NFO,08/05/2025,12:39:22,24482,24482.7,75,24483.2,150,0,12998175
NIFTY-I.NFO,08/05/2025,12:39:24,24482,24482.8,75,24483.2,150,0,12998175
NIFTY-I.NFO,08/05/2025,12:39:29,24482,24482.9,75,24483.2,150,0,12998175
NIFTY-I.NFO,08/05/2025,12:39:31,24482,24482.8,75,24483.4,150,0,12998175
NIFTY-I.NFO,08/05/2025,12:39:34,24482,24482.9,75,24483.4,150,0,12998175
NIFTY-I.NFO,08/05/2025,12:39:35,24483.4,24482.8,75,24483.5,75,900,12998175
NIFTY-I.NFO,08/05/2025,12:39:37,24482.8,24482.7,75,24483.5,75,150,12998175
NIFTY-I.NFO,08/05/2025,12:39:39,24482.8,24482.7,75,24483.4,150,75,12998175
NIFTY-I.NFO,08/05/2025,12:39:40,24482.8,24482.8,75,24483.4,150,0,12998175
NIFTY-I.NFO,08/05/2025,12:39:47,24482.8,24482.4,75,24483.4,150,150,12998175
NIFTY-I.NFO,08/05/2025,12:39:48,24482.3,24482.3,75,24483.4,150,75,12998175
NIFTY-I.NFO,08/05/2025,12:39:50,24482.3,24482.3,75,24483.4,150,0,12998175
NIFTY-I.NFO,08/05/2025,12:39:51,24483.4,24483.4,300,24483.5,225,225,12998175
NIFTY-I.NFO,08/05/2025,12:39:53,24483.4,24482.3,75,24483,225,300,12998175
NIFTY-I.NFO,08/05/2025,12:39:55,24482.4,24482.1,75,24483,225,75,12994350
NIFTY-I.NFO,08/05/2025,12:39:56,24482.4,24482.4,75,24483,225,0,12994350
NIFTY-I.NFO,08/05/2025,12:39:58,24482.4,24482.5,75,24482.9,150,0,12994350
NIFTY-I.NFO,08/05/2025,12:40:03,24482.9,24482.5,75,24482.9,75,75,12994350
NIFTY-I.NFO,08/05/2025,12:40:04,24482.9,24482.5,75,24482.9,75,0,12994350
NIFTY-I.NFO,08/05/2025,12:40:11,24482.1,24482.1,75,24482.9,75,150,12994350
NIFTY-I.NFO,08/05/2025,12:40:12,24482.1,24482.6,450,24482.9,75,0,12994350
NIFTY-I.NFO,08/05/2025,12:40:14,24482.6,24482.6,375,24482.9,75,75,12994350
NIFTY-I.NFO,08/05/2025,12:40:16,24482.6,24482.6,375,24482.9,75,0,12994350
NIFTY-I.NFO,08/05/2025,12:40:19,24482.6,24482.6,225,24482.9,75,150,12994350
NIFTY-I.NFO,08/05/2025,12:40:20,24482.6,24482.6,75,24482.9,75,150,12994350
NIFTY-I.NFO,08/05/2025,12:40:22,24482.5,24482.1,225,24482.5,75,375,12994350
NIFTY-I.NFO,08/05/2025,12:40:23,24482.6,24482.1,225,24482.9,75,225,12994350
NIFTY-I.NFO,08/05/2025,12:40:25,24482.9,24482.1,225,24482.6,75,75,12994350
NIFTY-I.NFO,08/05/2025,12:40:27,24482.6,24482.1,225,24483,75,75,12994350
NIFTY-I.NFO,08/05/2025,12:40:30,24482.6,24482.1,225,24483,75,0,12994350
NIFTY-I.NFO,08/05/2025,12:40:32,24483.5,24482.3,75,24483.9,150,150,12994350
NIFTY-I.NFO,08/05/2025,12:40:33,24484,24482.3,75,24484,75,225,12994350
NIFTY-I.NFO,08/05/2025,12:40:35,24484,24482.1,300,24484,225,0,12994350
NIFTY-I.NFO,08/05/2025,12:40:38,24484,24482.1,225,24484,225,0,12994350
NIFTY-I.NFO,08/05/2025,12:40:44,24482.1,24482.1,150,24484,225,75,12994350
NIFTY-I.NFO,08/05/2025,12:40:46,24484,24482.1,150,24484.6,150,75,12994350
NIFTY-I.NFO,08/05/2025,12:40:48,24484,24482.1,150,24484.6,150,0,12994350
NIFTY-I.NFO,08/05/2025,12:40:49,24482.1,24482.1,75,24484.6,450,75,12994350
NIFTY-I.NFO,08/05/2025,12:40:51,24482.1,24482.1,75,24484.6,450,0,12994350
NIFTY-I.NFO,08/05/2025,12:40:59,24482.1,24482.1,75,24484.6,150,0,12994350
NIFTY-I.NFO,08/05/2025,12:41:04,24481.1,24480.9,150,24484.6,450,450,12994350
NIFTY-I.NFO,08/05/2025,12:41:06,24481.1,24481.5,75,24484.6,450,0,12994350
NIFTY-I.NFO,08/05/2025,12:41:07,24481.1,24481.5,300,24484.6,150,0,12994350
NIFTY-I.NFO,08/05/2025,12:41:12,24481.1,24481.5,300,24484.6,450,0,12994350
NIFTY-I.NFO,08/05/2025,12:41:13,24481.6,24481.5,300,24484.8,150,675,12994350
NIFTY-I.NFO,08/05/2025,12:41:15,24481.5,24481.5,75,24484.8,450,225,12994350
NIFTY-I.NFO,08/05/2025,12:41:17,24481.5,24481.5,225,24484.9,525,75,12994350
NIFTY-I.NFO,08/05/2025,12:41:18,24482.2,24482.2,75,24484.7,450,75,12994350
NIFTY-I.NFO,08/05/2025,12:41:20,24482.2,24482.2,75,24484.4,525,300,12994350
NIFTY-I.NFO,08/05/2025,12:41:21,24482.2,24482.2,150,24483.8,225,0,12994350
NIFTY-I.NFO,08/05/2025,12:41:23,24482.2,24482.2,150,24484,150,0,12994350
NIFTY-I.NFO,08/05/2025,12:41:25,24479.9,24479.9,225,24483.1,150,750,12994350
NIFTY-I.NFO,08/05/2025,12:41:26,24482.1,24481.3,75,24483.1,150,450,12994350
NIFTY-I.NFO,08/05/2025,12:41:28,24482.1,24481.3,225,24483.1,150,0,12994350
NIFTY-I.NFO,08/05/2025,12:41:30,24482.1,24481.3,150,24483.1,150,0,12994350
NIFTY-I.NFO,08/05/2025,12:41:44,24482.1,24481.3,150,24482.8,150,0,12994350
NIFTY-I.NFO,08/05/2025,12:41:53,24481.3,24480.3,75,24482.8,450,150,12994350
NIFTY-I.NFO,08/05/2025,12:41:54,24483,24480.5,300,24483.1,150,3975,12994350
NIFTY-I.NFO,08/05/2025,12:41:56,24479.6,24479.6,150,24483.1,150,75,12994350
NIFTY-I.NFO,08/05/2025,12:42:01,24483.1,24480,75,24483.1,450,150,12994350
NIFTY-I.NFO,08/05/2025,12:42:03,24483.1,24479.6,150,24483.1,75,150,12994350
NIFTY-I.NFO,08/05/2025,12:42:04,24479.5,24479.6,75,24483,150,375,12994350
NIFTY-I.NFO,08/05/2025,12:42:06,24479.5,24479.6,75,24483,225,0,12994350
NIFTY-I.NFO,08/05/2025,12:42:08,24479.5,24481,750,24483,225,0,12994350
NIFTY-I.NFO,08/05/2025,12:42:09,24479.5,24481,750,24483,375,0,12994350
NIFTY-I.NFO,08/05/2025,12:42:11,24483,24481,750,24483,300,75,12994350
NIFTY-I.NFO,08/05/2025,12:42:12,24483,24481,750,24482.8,75,0,12994350
NIFTY-I.NFO,08/05/2025,12:42:14,24482.8,24481,750,24482.9,150,75,12994350
NIFTY-I.NFO,08/05/2025,12:42:16,24482.8,24481,750,24482.9,150,0,12994350
NIFTY-I.NFO,08/05/2025,12:42:25,24482.8,24481,825,24482.9,150,0,12994350
NIFTY-I.NFO,08/05/2025,12:42:27,24481.1,24481,825,24482.9,150,75,12994350
NIFTY-I.NFO,08/05/2025,12:42:29,24481.5,24481.5,525,24482.9,150,300,12994350
NIFTY-I.NFO,08/05/2025,12:42:30,24482.9,24481.5,525,24482.9,75,75,12994350
NIFTY-I.NFO,08/05/2025,12:42:32,24481.5,24481.5,450,24482.9,75,75,12994350
NIFTY-I.NFO,08/05/2025,12:42:34,24481.5,24481.5,450,24482.9,75,0,12994350
NIFTY-I.NFO,08/05/2025,12:42:35,24481.5,24481.5,375,24482.9,75,75,12994350
NIFTY-I.NFO,08/05/2025,12:42:37,24481.5,24481.5,375,24482.9,75,0,12994350
NIFTY-I.NFO,08/05/2025,12:42:40,24482.9,24481.5,375,24482.9,150,75,12994350
NIFTY-I.NFO,08/05/2025,12:42:42,24482.9,24482.5,150,24482.9,150,0,12994350
NIFTY-I.NFO,08/05/2025,12:42:43,24482.9,24482.5,225,24482.9,150,0,12994350
NIFTY-I.NFO,08/05/2025,12:42:45,24482.3,24481.5,300,24482.9,450,300,12994350
NIFTY-I.NFO,08/05/2025,12:42:47,24481.5,24481.5,225,24482.9,150,75,12994350
NIFTY-I.NFO,08/05/2025,12:42:48,24481.5,24481.5,150,24482.9,450,75,12994350
NIFTY-I.NFO,08/05/2025,12:42:50,24482.9,24481.5,150,24482.9,150,75,12994350
NIFTY-I.NFO,08/05/2025,12:42:51,24482.9,24481.5,150,24482.9,150,0,12994350
NIFTY-I.NFO,08/05/2025,12:42:56,24482.9,24481.5,150,24482.9,450,0,12994350
NIFTY-I.NFO,08/05/2025,12:43:00,24481.5,24481.5,75,24482.9,600,75,12996375
NIFTY-I.NFO,08/05/2025,12:43:01,24482.9,24481.5,75,24482.8,450,300,12996375
NIFTY-I.NFO,08/05/2025,12:43:03,24482.9,24481.5,75,24482.8,450,0,12996375
NIFTY-I.NFO,08/05/2025,12:43:04,24482.9,24481.5,75,24482.8,150,0,12996375
NIFTY-I.NFO,08/05/2025,12:43:06,24482.9,24481.5,75,24482.8,450,0,12996375
NIFTY-I.NFO,08/05/2025,12:43:09,24482.9,24481.5,75,24482.8,150,0,12996375
NIFTY-I.NFO,08/05/2025,12:43:13,24481.5,24479.9,75,24482.8,150,75,12996375
NIFTY-I.NFO,08/05/2025,12:43:14,24482.8,24479.7,75,24482.8,75,75,12996375
NIFTY-I.NFO,08/05/2025,12:43:16,24481,24479.6,75,24482.8,150,150,12996375
NIFTY-I.NFO,08/05/2025,12:43:18,24480.1,24480.1,150,24482.8,150,150,12996375
NIFTY-I.NFO,08/05/2025,12:43:19,24480.1,24480.3,75,24482.8,150,0,12996375
NIFTY-I.NFO,08/05/2025,12:43:21,24480.1,24480.1,150,24482.8,150,0,12996375
NIFTY-I.NFO,08/05/2025,12:43:26,24480.1,24480.1,150,24482.8,150,75,12996375
NIFTY-I.NFO,08/05/2025,12:43:27,24480.1,24480.1,150,24482.8,150,0,12996375
NIFTY-I.NFO,08/05/2025,12:43:32,24480.1,24480.1,150,24482.8,225,0,12996375
NIFTY-I.NFO,08/05/2025,12:43:35,24480.1,24480.1,225,24482.8,225,0,12996375
NIFTY-I.NFO,08/05/2025,12:43:51,24480.1,24480.1,150,24481.3,150,75,12996375
NIFTY-I.NFO,08/05/2025,12:43:53,24480.1,24480.1,150,24481.3,150,0,12996375
NIFTY-I.NFO,08/05/2025,12:43:54,24481.9,24480.1,75,24481.9,75,225,12996375
NIFTY-I.NFO,08/05/2025,12:43:56,24481.9,24480.1,75,24481.9,75,0,12996375
NIFTY-I.NFO,08/05/2025,12:43:58,24482,24479.1,75,24482.6,450,300,12996375
NIFTY-I.NFO,08/05/2025,12:43:59,24482,24479.1,75,24482.6,450,0,12996375
NIFTY-I.NFO,08/05/2025,12:44:01,24482,24478.9,75,24482.6,450,0,12996375
NIFTY-I.NFO,08/05/2025,12:44:03,24482,24478.9,150,24482.6,450,75,12996375
NIFTY-I.NFO,08/05/2025,12:44:04,24482,24478.9,75,24482.6,450,0,12996375
NIFTY-I.NFO,08/05/2025,12:44:08,24478.9,24478.8,75,24482.6,450,75,12996375
NIFTY-I.NFO,08/05/2025,12:44:09,24478.9,24478.8,75,24482.6,450,0,12996375
NIFTY-I.NFO,08/05/2025,12:44:11,24478.9,24478.8,75,24482.4,450,0,12996375
NIFTY-I.NFO,08/05/2025,12:44:12,24478.9,24479.3,75,24482.2,450,0,12996375
NIFTY-I.NFO,08/05/2025,12:44:14,24478.9,24478.1,75,24481.7,150,0,12996375
NIFTY-I.NFO,08/05/2025,12:44:16,24478.9,24478,150,24482,1200,0,12996375
NIFTY-I.NFO,08/05/2025,12:44:17,24478.9,24478,150,24481.7,1050,0,12996375
NIFTY-I.NFO,08/05/2025,12:44:19,24478.9,24478.1,75,24481.2,450,0,12996375
NIFTY-I.NFO,08/05/2025,12:44:21,24478.9,24478.2,75,24481.8,150,0,12996375
NIFTY-I.NFO,08/05/2025,12:44:22,24478.9,24478.5,75,24481.7,150,0,12996375
NIFTY-I.NFO,08/05/2025,12:44:26,24481.4,24478.5,75,24481.4,150,375,12996375
NIFTY-I.NFO,08/05/2025,12:44:27,24479,24478.5,75,24481.4,150,75,12996375
NIFTY-I.NFO,08/05/2025,12:44:29,24479,24478.5,75,24479.9,150,0,12996375
NIFTY-I.NFO,08/05/2025,12:44:34,24480.7,24478,150,24480.4,450,1500,12996375
NIFTY-I.NFO,08/05/2025,12:44:35,24480.7,24478,150,24480.5,150,0,12996375
NIFTY-I.NFO,08/05/2025,12:44:37,24480.7,24478,150,24480.5,450,0,12996375
NIFTY-I.NFO,08/05/2025,12:44:39,24480.7,24478,150,24480.8,150,0,12996375
NIFTY-I.NFO,08/05/2025,12:44:40,24478,24478,75,24480.5,525,75,12996375
NIFTY-I.NFO,08/05/2025,12:44:42,24478,24477,300,24480.5,825,75,12996375
NIFTY-I.NFO,08/05/2025,12:44:44,24478,24477,300,24479.9,525,0,12996375
NIFTY-I.NFO,08/05/2025,12:44:45,24478,24477,300,24479.7,225,0,12996375
NIFTY-I.NFO,08/05/2025,12:44:47,24477,24476.8,75,24479.2,450,300,12996375
NIFTY-I.NFO,08/05/2025,12:44:49,24477,24477,300,24480,150,375,12996375
NIFTY-I.NFO,08/05/2025,12:44:50,24477,24476.3,75,24479.8,600,300,12996375
NIFTY-I.NFO,08/05/2025,12:44:52,24476,24476.2,75,24480.4,900,525,12996375
NIFTY-I.NFO,08/05/2025,12:44:53,24476.3,24476,225,24479.9,150,825,12996375
NIFTY-I.NFO,08/05/2025,12:44:55,24476.3,24476.1,75,24479.9,450,0,12996375
NIFTY-I.NFO,08/05/2025,12:44:57,24476,24476,225,24479.9,150,150,12996375
NIFTY-I.NFO,08/05/2025,12:44:58,24476,24476,525,24479.9,150,0,12996375
NIFTY-I.NFO,08/05/2025,12:45:00,24476,24476,450,24479.9,150,75,12996375
NIFTY-I.NFO,08/05/2025,12:45:02,24479.9,24476.1,75,24479.8,150,150,12996375
NIFTY-I.NFO,08/05/2025,12:45:03,24479.9,24476.1,75,24479.6,750,0,12996375
NIFTY-I.NFO,08/05/2025,12:45:05,24479.6,24476.1,375,24479.6,375,150,12996375
NIFTY-I.NFO,08/05/2025,12:45:06,24479.6,24476.1,375,24479.6,75,0,12996375
NIFTY-I.NFO,08/05/2025,12:45:10,24476.6,24476.1,300,24476.6,75,300,12996375
NIFTY-I.NFO,08/05/2025,12:45:11,24476.7,24476.9,75,24477.9,150,975,12996375
NIFTY-I.NFO,08/05/2025,12:45:13,24476.6,24476.5,75,24477.9,150,150,12996375
NIFTY-I.NFO,08/05/2025,12:45:15,24477.1,24476.5,150,24477.9,150,300,12996375
NIFTY-I.NFO,08/05/2025,12:45:16,24476.5,24476.4,75,24477.9,150,75,12996375
NIFTY-I.NFO,08/05/2025,12:45:18,24476,24476.3,75,24477.9,150,225,12996375
NIFTY-I.NFO,08/05/2025,12:45:20,24476,24476.1,75,24477.9,150,0,12996375
NIFTY-I.NFO,08/05/2025,12:45:21,24476.1,24476,75,24478.1,150,75,12996375
NIFTY-I.NFO,08/05/2025,12:45:23,24476.1,24476,75,24478.1,150,0,12996375
NIFTY-I.NFO,08/05/2025,12:45:25,24476,24475.7,75,24478.1,150,75,12996375
NIFTY-I.NFO,08/05/2025,12:45:26,24475.7,24477.2,75,24478.1,150,75,12996375
NIFTY-I.NFO,08/05/2025,12:45:28,24475.7,24477.2,75,24478.1,150,0,12996375
NIFTY-I.NFO,08/05/2025,12:45:29,24477.1,24476.7,75,24477.1,75,150,12996375
NIFTY-I.NFO,08/05/2025,12:45:31,24477.2,24476.8,75,24478.1,150,375,12996375
NIFTY-I.NFO,08/05/2025,12:45:33,24475.9,24476.2,150,24478.1,150,150,12996375
NIFTY-I.NFO,08/05/2025,12:45:35,24476.6,24476.2,75,24477.9,150,75,12996375
NIFTY-I.NFO,08/05/2025,12:45:36,24476.6,24476.2,75,24477.9,150,0,12996375
NIFTY-I.NFO,08/05/2025,12:45:38,24477.2,24476.6,150,24477.9,450,75,12996375
NIFTY-I.NFO,08/05/2025,12:45:39,24477.2,24477.2,75,24477.9,150,0,12996375
NIFTY-I.NFO,08/05/2025,12:45:41,24477.9,24475.6,75,24477.9,75,75,12996375
NIFTY-I.NFO,08/05/2025,12:45:43,24477.9,24477.4,75,24477.9,75,0,12996375
NIFTY-I.NFO,08/05/2025,12:45:44,24477.6,24476.9,150,24477.9,75,75,12996375
NIFTY-I.NFO,08/05/2025,12:45:46,24477.4,24476.9,150,24477.9,75,75,12996375
NIFTY-I.NFO,08/05/2025,12:45:47,24477.4,24476.9,75,24478,75,525,12996375
NIFTY-I.NFO,08/05/2025,12:45:49,24476.9,24476.9,150,24477.7,150,150,12996375
NIFTY-I.NFO,08/05/2025,12:45:51,24476.9,24477.5,75,24477.7,150,0,12996375
NIFTY-I.NFO,08/05/2025,12:45:52,24477.7,24476.7,150,24477.7,150,150,12996375
NIFTY-I.NFO,08/05/2025,12:45:54,24477.7,24477.6,75,24477.7,75,75,12996375
NIFTY-I.NFO,08/05/2025,12:45:56,24477.8,24477.8,75,24478,150,150,12996750
NIFTY-I.NFO,08/05/2025,12:45:57,24477.8,24477.1,75,24478,150,0,12996750
NIFTY-I.NFO,08/05/2025,12:45:59,24477.8,24477.1,75,24477.7,450,0,12996750
NIFTY-I.NFO,08/05/2025,12:46:00,24477.8,24477.2,75,24477.7,150,0,12996750
NIFTY-I.NFO,08/05/2025,12:46:02,24477.7,24477.2,75,24477.7,75,75,12996750
NIFTY-I.NFO,08/05/2025,12:46:04,24477.1,24476.5,150,24477.7,75,225,12996750
NIFTY-I.NFO,08/05/2025,12:46:05,24477.1,24476,75,24477.7,75,0,12996750
NIFTY-I.NFO,08/05/2025,12:46:07,24475.8,24476.9,75,24477.9,75,150,12996750
NIFTY-I.NFO,08/05/2025,12:46:09,24477,24476.4,150,24477.9,75,150,12996750
NIFTY-I.NFO,08/05/2025,12:46:10,24477.1,24477,75,24477.9,75,150,12996750
NIFTY-I.NFO,08/05/2025,12:46:12,24477.3,24477.3,75,24477.9,75,75,12996750
NIFTY-I.NFO,08/05/2025,12:46:14,24477.3,24477.3,75,24477.9,75,0,12996750
NIFTY-I.NFO,08/05/2025,12:46:15,24477.3,24477.5,75,24477.9,75,0,12996750
NIFTY-I.NFO,08/05/2025,12:46:17,24477.9,24477.1,75,24477.9,150,150,12996750
NIFTY-I.NFO,08/05/2025,12:46:18,24477.2,24477.3,75,24477.9,450,75,12996750
NIFTY-I.NFO,08/05/2025,12:46:20,24477.2,24477.3,75,24477.9,150,0,12996750
NIFTY-I.NFO,08/05/2025,12:46:22,24476.9,24475.8,75,24477.9,450,75,12996750
NIFTY-I.NFO,08/05/2025,12:46:23,24476.9,24477.5,75,24477.9,150,0,12996750
NIFTY-I.NFO,08/05/2025,12:46:25,24477.5,24477.4,75,24477.9,150,75,12996750
NIFTY-I.NFO,08/05/2025,12:46:26,24477.4,24476.8,150,24477.4,600,150,12996750
NIFTY-I.NFO,08/05/2025,12:46:28,24477.4,24477.1,75,24477.4,150,450,12996750
NIFTY-I.NFO,08/05/2025,12:46:29,24477.7,24476,75,24477.9,150,450,12996750
NIFTY-I.NFO,08/05/2025,12:46:31,24477.7,24477.6,75,24477.9,150,0,12996750
NIFTY-I.NFO,08/05/2025,12:46:33,24477.9,24477,75,24477.9,375,75,12996750
NIFTY-I.NFO,08/05/2025,12:46:34,24477.7,24476.4,75,24477.9,75,75,12996750
NIFTY-I.NFO,08/05/2025,12:46:36,24477.7,24477.6,75,24477.9,75,0,12996750
NIFTY-I.NFO,08/05/2025,12:46:37,24477.8,24475.8,75,24477.9,375,75,12996750
NIFTY-I.NFO,08/05/2025,12:46:39,24477.8,24477.7,75,24477.9,75,0,12996750
NIFTY-I.NFO,08/05/2025,12:46:41,24477.8,24477.8,75,24477.9,75,0,12996750
NIFTY-I.NFO,08/05/2025,12:46:42,24477.9,24477.8,75,24477.9,150,75,12996750
NIFTY-I.NFO,08/05/2025,12:46:44,24477.9,24477.8,75,24477.9,150,0,12996750
NIFTY-I.NFO,08/05/2025,12:46:45,24477.8,24477.2,150,24477.9,75,150,12996750
NIFTY-I.NFO,08/05/2025,12:46:47,24477.8,24477.8,75,24477.9,75,0,12996750
NIFTY-I.NFO,08/05/2025,12:46:48,24477.8,24475.8,75,24477.7,150,525,12996750
NIFTY-I.NFO,08/05/2025,12:46:50,24477.7,24477.4,450,24477.7,150,150,12996750
NIFTY-I.NFO,08/05/2025,12:46:52,24477.8,24477.4,450,24477.7,150,225,12996750
NIFTY-I.NFO,08/05/2025,12:46:53,24477.8,24477.4,450,24477.8,525,375,12996750
NIFTY-I.NFO,08/05/2025,12:46:55,24477.8,24477.4,450,24477.8,525,0,12996750
NIFTY-I.NFO,08/05/2025,12:46:56,24477.8,24477.7,75,24477.8,525,0,12996750
NIFTY-I.NFO,08/05/2025,12:46:58,24477.8,24477.4,450,24477.8,525,0,12996750
NIFTY-I.NFO,08/05/2025,12:46:59,24477.8,24477.4,450,24477.8,375,150,12996750
NIFTY-I.NFO,08/05/2025,12:47:01,24477.8,24477.4,450,24477.8,300,75,12996750
NIFTY-I.NFO,08/05/2025,12:47:03,24477.8,24477.4,450,24477.8,300,0,12996750
NIFTY-I.NFO,08/05/2025,12:47:04,24477.4,24477.4,375,24477.8,300,75,12996750
NIFTY-I.NFO,08/05/2025,12:47:06,24477.4,24477.4,375,24477.8,300,0,12996750
NIFTY-I.NFO,08/05/2025,12:47:09,24477.4,24475.8,75,24477.3,450,375,12996750
NIFTY-I.NFO,08/05/2025,12:47:11,24477.4,24475.8,75,24477.3,450,0,12996750
NIFTY-I.NFO,08/05/2025,12:47:12,24477.3,24476,75,24477.3,75,75,12996750
NIFTY-I.NFO,08/05/2025,12:47:14,24477.3,24476,75,24477.3,75,0,12996750
NIFTY-I.NFO,08/05/2025,12:47:15,24477.3,24476,450,24477.3,150,75,12996750
NIFTY-I.NFO,08/05/2025,12:47:17,24476,24476,375,24477.3,225,75,12996750
NIFTY-I.NFO,08/05/2025,12:47:18,24476,24476,375,24477.3,225,0,12996750
NIFTY-I.NFO,08/05/2025,12:47:23,24475.8,24476,75,24477.3,525,300,12996750
NIFTY-I.NFO,08/05/2025,12:47:25,24475.7,24475.5,75,24477.3,450,150,12996750
NIFTY-I.NFO,08/05/2025,12:47:27,24475.7,24476,75,24477.3,450,75,12996750
NIFTY-I.NFO,08/05/2025,12:47:28,24476,24475.5,750,24477.3,150,75,12996750
NIFTY-I.NFO,08/05/2025,12:47:30,24477.3,24475.7,375,24477.3,75,150,12996750
NIFTY-I.NFO,08/05/2025,12:47:32,24477.4,24475.8,750,24477.3,150,225,12996750
NIFTY-I.NFO,08/05/2025,12:47:33,24477.4,24475.8,225,24477.3,150,0,12996750
NIFTY-I.NFO,08/05/2025,12:47:35,24477.4,24475.6,750,24477.3,150,0,12996750
NIFTY-I.NFO,08/05/2025,12:47:37,24475.6,24475.6,750,24477.3,150,75,12996750
NIFTY-I.NFO,08/05/2025,12:47:38,24477.3,24475.6,525,24477.3,75,75,12996750
NIFTY-I.NFO,08/05/2025,12:47:40,24477.3,24475.6,525,24477.3,75,0,12996750
NIFTY-I.NFO,08/05/2025,12:47:42,24477.3,24475.3,525,24477.3,75,0,12996750
NIFTY-I.NFO,08/05/2025,12:47:43,24477.3,24476.1,375,24477.3,75,0,12996750
NIFTY-I.NFO,08/05/2025,12:47:48,24476.1,24475.2,300,24477.3,150,75,12996750
NIFTY-I.NFO,08/05/2025,12:47:50,24475.2,24475.2,225,24477.3,150,75,12996750
NIFTY-I.NFO,08/05/2025,12:47:52,24475.2,24475.2,225,24477.3,150,0,12996750
NIFTY-I.NFO,08/05/2025,12:47:53,24475.2,24475.3,225,24477.3,150,0,12996750
NIFTY-I.NFO,08/05/2025,12:47:55,24475.2,24475.8,225,24477.3,150,0,12996750
NIFTY-I.NFO,08/05/2025,12:47:57,24475.8,24475.8,75,24477.2,150,225,12996750
NIFTY-I.NFO,08/05/2025,12:47:58,24475.8,24475.8,75,24475.9,150,0,12996750
NIFTY-I.NFO,08/05/2025,12:48:01,24475.8,24475.7,375,24475.9,150,75,12996750
NIFTY-I.NFO,08/05/2025,12:48:03,24475.9,24475.7,375,24475.9,150,300,12996750
NIFTY-I.NFO,08/05/2025,12:48:05,24475.7,24475.8,225,24476,300,375,12996750
NIFTY-I.NFO,08/05/2025,12:48:06,24475.8,24475.7,225,24476,825,450,12996750
NIFTY-I.NFO,08/05/2025,12:48:08,24476,24475.7,225,24476,750,75,12996750
NIFTY-I.NFO,08/05/2025,12:48:09,24476,24475.8,225,24476,675,75,12996750
NIFTY-I.NFO,08/05/2025,12:48:11,24476,24475.7,225,24476,675,0,12996750
NIFTY-I.NFO,08/05/2025,12:48:13,24475.8,24475.7,150,24476,600,225,12996750
NIFTY-I.NFO,08/05/2025,12:48:14,24475.8,24475.7,150,24475.9,150,0,12996750
NIFTY-I.NFO,08/05/2025,12:48:17,24475.9,24475.7,150,24475.9,75,75,12996750
NIFTY-I.NFO,08/05/2025,12:48:19,24475.9,24475.7,150,24475.9,150,75,12996750
NIFTY-I.NFO,08/05/2025,12:48:20,24476,24475.8,225,24476.9,75,1050,12996750
NIFTY-I.NFO,08/05/2025,12:48:22,24476,24476,300,24476.9,75,0,12996750
NIFTY-I.NFO,08/05/2025,12:48:35,24476,24476,225,24476.9,75,75,12996750
NIFTY-I.NFO,08/05/2025,12:48:38,24476,24476,150,24476.9,75,150,12996750
NIFTY-I.NFO,08/05/2025,12:48:40,24476,24476,150,24476.9,75,0,12996750
NIFTY-I.NFO,08/05/2025,12:48:47,24476.9,24476,150,24476.9,150,75,12996750
NIFTY-I.NFO,08/05/2025,12:48:49,24476.9,24476.2,75,24476.9,150,0,12996750
NIFTY-I.NFO,08/05/2025,12:48:50,24476.5,24476.5,75,24476.9,150,75,12996750
NIFTY-I.NFO,08/05/2025,12:48:54,24476.5,24476.5,150,24477.2,150,0,12996750
NIFTY-I.NFO,08/05/2025,12:48:55,24476.5,24476.6,75,24477.2,150,0,12996750
NIFTY-I.NFO,08/05/2025,12:48:57,24476.5,24476.6,75,24476.9,150,0,12996750
NIFTY-I.NFO,08/05/2025,12:49:00,24476.9,24476.6,75,24476.9,75,75,12996750
NIFTY-I.NFO,08/05/2025,12:49:02,24476.9,24476.5,150,24476.9,150,75,12998325
NIFTY-I.NFO,08/05/2025,12:49:03,24476.5,24476.5,75,24476.9,150,150,12998325
NIFTY-I.NFO,08/05/2025,12:49:05,24476.5,24476.5,75,24476.9,150,0,12998325
NIFTY-I.NFO,08/05/2025,12:49:06,24476.5,24475.6,75,24476.4,150,75,12998325
NIFTY-I.NFO,08/05/2025,12:49:10,24476.5,24475.7,150,24476,75,0,12998325
NIFTY-I.NFO,08/05/2025,12:49:11,24475.7,24475.8,150,24476,225,75,12998325
NIFTY-I.NFO,08/05/2025,12:49:13,24475.9,24475.9,75,24476,75,225,12998325
NIFTY-I.NFO,08/05/2025,12:49:15,24475.7,24475.6,75,24476.4,150,225,12998325
NIFTY-I.NFO,08/05/2025,12:49:16,24475.7,24475.6,75,24475.8,150,0,12998325
NIFTY-I.NFO,08/05/2025,12:49:18,24475.6,24475.5,75,24475.8,150,75,12998325
NIFTY-I.NFO,08/05/2025,12:49:20,24475.6,24475.5,75,24475.8,150,0,12998325
NIFTY-I.NFO,08/05/2025,12:49:21,24475.6,24475.5,150,24475.8,150,0,12998325
NIFTY-I.NFO,08/05/2025,12:49:23,24475.6,24475.5,375,24475.8,150,0,12998325
NIFTY-I.NFO,08/05/2025,12:49:24,24475.5,24475.3,450,24475.8,150,75,12998325
NIFTY-I.NFO,08/05/2025,12:49:26,24475.5,24475.4,300,24475.8,150,0,12998325
NIFTY-I.NFO,08/05/2025,12:49:28,24475.4,24475.3,375,24475.8,150,75,12998325
NIFTY-I.NFO,08/05/2025,12:49:29,24475.3,24475.2,600,24475.8,450,300,12998325
NIFTY-I.NFO,08/05/2025,12:49:31,24475.3,24475.5,75,24475.8,150,0,12998325
NIFTY-I.NFO,08/05/2025,12:49:32,24475.8,24475.5,75,24475.8,75,75,12998325
NIFTY-I.NFO,08/05/2025,12:49:34,24475.5,24475.3,75,24475.8,75,75,12998325
NIFTY-I.NFO,08/05/2025,12:49:36,24475.8,24475.4,75,24475.8,75,150,12998325
NIFTY-I.NFO,08/05/2025,12:49:37,24475.1,24475,2400,24475.8,75,225,12998325
NIFTY-I.NFO,08/05/2025,12:49:39,24475.1,24475,1875,24475.8,75,0,12998325
NIFTY-I.NFO,08/05/2025,12:49:40,24475.1,24475.4,75,24475.8,75,0,12998325
NIFTY-I.NFO,08/05/2025,12:49:44,24475.1,24475.4,75,24475.5,75,0,12998325
NIFTY-I.NFO,08/05/2025,12:49:45,24475.4,24475.4,75,24475.5,150,150,12998325
NIFTY-I.NFO,08/05/2025,12:49:47,24475.5,24475.4,75,24475.5,75,75,12998325
NIFTY-I.NFO,08/05/2025,12:49:48,24475.4,24475.1,1050,24475.6,75,225,12998325
NIFTY-I.NFO,08/05/2025,12:49:50,24475.4,24475.1,1050,24475.6,225,0,12998325
NIFTY-I.NFO,08/05/2025,12:49:52,24475.4,24475.1,1500,24475.6,225,0,12998325
NIFTY-I.NFO,08/05/2025,12:49:53,24475.4,24475.3,150,24475.6,225,0,12998325
NIFTY-I.NFO,08/05/2025,12:49:55,24475.4,24475.2,300,24475.6,225,0,12998325
NIFTY-I.NFO,08/05/2025,12:49:56,24475.2,24475.6,75,24475.8,225,300,12998325
NIFTY-I.NFO,08/05/2025,12:49:58,24475.2,24475.6,75,24475.8,225,0,12998325
NIFTY-I.NFO,08/05/2025,12:50:01,24475.2,24475.6,150,24475.7,150,0,12998325
NIFTY-I.NFO,08/05/2025,12:50:03,24475.6,24475.2,75,24475.6,75,300,12998325
NIFTY-I.NFO,08/05/2025,12:50:05,24475.4,24475.4,75,24475.5,150,375,12998325
NIFTY-I.NFO,08/05/2025,12:50:06,24475.4,24475.4,75,24475.5,75,300,12998325
NIFTY-I.NFO,08/05/2025,12:50:08,24475.4,24475.3,75,24475.7,150,150,12998325
NIFTY-I.NFO,08/05/2025,12:50:09,24475.4,24475.2,75,24475.7,150,0,12998325
NIFTY-I.NFO,08/05/2025,12:50:11,24475.4,24475.2,375,24475.7,150,0,12998325
NIFTY-I.NFO,08/05/2025,12:50:13,24475.4,24475.3,75,24475.7,150,0,12998325
NIFTY-I.NFO,08/05/2025,12:50:16,24475.1,24475,975,24475.7,150,450,12998325
NIFTY-I.NFO,08/05/2025,12:50:18,24475.9,24475.6,300,24476.4,75,300,12998325
NIFTY-I.NFO,08/05/2025,12:50:19,24476.5,24476.1,300,24476.8,75,150,12998325
NIFTY-I.NFO,08/05/2025,12:50:21,24476.6,24476.5,75,24476.7,150,150,12998325
NIFTY-I.NFO,08/05/2025,12:50:22,24476.6,24476.5,450,24476.7,150,0,12998325
NIFTY-I.NFO,08/05/2025,12:50:24,24476.6,24476.5,825,24476.7,150,0,12998325
NIFTY-I.NFO,08/05/2025,12:50:25,24476.6,24476.5,75,24476.7,150,0,12998325
NIFTY-I.NFO,08/05/2025,12:50:27,24476.5,24476.2,75,24476.8,375,75,12998325
NIFTY-I.NFO,08/05/2025,12:50:29,24476.2,24476.3,75,24476.7,150,75,12998325
NIFTY-I.NFO,08/05/2025,12:50:30,24476.2,24476.1,375,24476.7,150,0,12998325
NIFTY-I.NFO,08/05/2025,12:50:32,24476.2,24476.4,525,24476.7,150,0,12998325
NIFTY-I.NFO,08/05/2025,12:50:33,24476.7,24476.5,375,24476.7,150,150,12998325
NIFTY-I.NFO,08/05/2025,12:50:35,24476.7,24476.5,300,24476.7,150,0,12998325
NIFTY-I.NFO,08/05/2025,12:50:37,24476.5,24476.5,225,24476.7,150,75,12998325
NIFTY-I.NFO,08/05/2025,12:50:38,24476.3,24476.1,150,24476.7,150,300,12998325
NIFTY-I.NFO,08/05/2025,12:50:40,24476.3,24476.2,225,24476.7,150,0,12998325
NIFTY-I.NFO,08/05/2025,12:50:41,24476,24476,150,24476.7,150,150,12998325
NIFTY-I.NFO,08/05/2025,12:50:43,24476,24476,450,24476.7,150,75,12998325
NIFTY-I.NFO,08/05/2025,12:50:45,24476,24476.1,225,24476.7,150,0,12998325
NIFTY-I.NFO,08/05/2025,12:50:46,24476,24476.3,75,24476.7,150,0,12998325
NIFTY-I.NFO,08/05/2025,12:50:48,24476,24476.3,225,24476.7,150,0,12998325
NIFTY-I.NFO,08/05/2025,12:50:49,24476.3,24476.3,150,24476.7,150,75,12998325
NIFTY-I.NFO,08/05/2025,12:50:51,24476.7,24476.7,75,24476.9,150,75,12998325
NIFTY-I.NFO,08/05/2025,12:50:53,24476.7,24476.7,75,24476.9,150,0,12998325
NIFTY-I.NFO,08/05/2025,12:50:54,24476.7,24476.3,150,24476.9,450,75,12998325
NIFTY-I.NFO,08/05/2025,12:50:56,24476.7,24476.3,150,24476.9,150,0,12998325
NIFTY-I.NFO,08/05/2025,12:51:02,24476,24476,600,24476.9,150,300,12998325
NIFTY-I.NFO,08/05/2025,12:51:04,24476,24476.6,75,24476.9,150,0,12998325
NIFTY-I.NFO,08/05/2025,12:51:06,24476.6,24476,525,24476.9,150,75,12998325
NIFTY-I.NFO,08/05/2025,12:51:07,24476.6,24476,525,24476.9,150,0,12998325
NIFTY-I.NFO,08/05/2025,12:51:09,24476.6,24476.5,75,24476.9,150,0,12998325
NIFTY-I.NFO,08/05/2025,12:51:12,24476.6,24476.4,75,24476.9,150,0,12998325
NIFTY-I.NFO,08/05/2025,12:51:14,24476.6,24476.6,75,24476.9,150,0,12998325
NIFTY-I.NFO,08/05/2025,12:51:17,24476.6,24476.4,75,24476.9,150,0,12998325
NIFTY-I.NFO,08/05/2025,12:51:18,24476.9,24476,525,24476.9,150,150,12998325
NIFTY-I.NFO,08/05/2025,12:51:20,24476.9,24476,525,24476.9,150,0,12998325
NIFTY-I.NFO,08/05/2025,12:51:22,24476.9,24476.4,75,24476.7,150,0,12998325
NIFTY-I.NFO,08/05/2025,12:51:23,24476.9,24476.5,75,24476.7,150,0,12998325
NIFTY-I.NFO,08/05/2025,12:51:25,24476.7,24476.5,75,24476.7,75,75,12998325
NIFTY-I.NFO,08/05/2025,12:51:26,24476.7,24476.5,75,24476.7,75,0,12998325
NIFTY-I.NFO,08/05/2025,12:51:28,24476.5,24476,525,24476.9,75,75,12998325
NIFTY-I.NFO,08/05/2025,12:51:30,24476.5,24476,525,24476.9,75,0,12998325
NIFTY-I.NFO,08/05/2025,12:51:31,24476.5,24476,525,24476.4,75,0,12998325
NIFTY-I.NFO,08/05/2025,12:51:36,24476.2,24476,750,24476.2,600,225,12998325
NIFTY-I.NFO,08/05/2025,12:51:38,24476.2,24476,750,24476.2,525,75,12998325
NIFTY-I.NFO,08/05/2025,12:51:40,24476.2,24476,600,24476.2,450,150,12998325
NIFTY-I.NFO,08/05/2025,12:51:41,24476.2,24476,600,24476.2,450,0,12998325
NIFTY-I.NFO,08/05/2025,12:51:43,24476.2,24476,675,24476.2,450,0,12998325
NIFTY-I.NFO,08/05/2025,12:51:45,24476.1,24476,900,24476.2,450,150,12998325
NIFTY-I.NFO,08/05/2025,12:51:46,24476.1,24476,450,24476.2,450,75,12998325
NIFTY-I.NFO,08/05/2025,12:51:48,24476.2,24476,600,24476.2,375,75,12998325
NIFTY-I.NFO,08/05/2025,12:51:50,24476,24476,375,24476.2,375,75,12998325
NIFTY-I.NFO,08/05/2025,12:51:51,24476,24476,450,24476.2,375,75,12998325
NIFTY-I.NFO,08/05/2025,12:51:53,24476,24476,375,24476.2,375,75,12998325
NIFTY-I.NFO,08/05/2025,12:51:55,24476.1,24476.1,75,24476.2,375,300,12998325
NIFTY-I.NFO,08/05/2025,12:51:56,24476.1,24476.1,75,24476.2,375,0,12998325
NIFTY-I.NFO,08/05/2025,12:51:58,24476.2,24476.1,75,24476.2,300,75,12994950
NIFTY-I.NFO,08/05/2025,12:51:59,24476.2,24476.1,75,24476.2,300,0,12994950
NIFTY-I.NFO,08/05/2025,12:52:01,24476.2,24476.1,150,24476.2,150,225,12994950
NIFTY-I.NFO,08/05/2025,12:52:03,24476,24476,150,24476.2,675,525,12994950
NIFTY-I.NFO,08/05/2025,12:52:04,24476,24476,75,24476.2,675,75,12994950
NIFTY-I.NFO,08/05/2025,12:52:06,24476,24475.8,300,24476.2,675,75,12994950
NIFTY-I.NFO,08/05/2025,12:52:08,24476.2,24475.8,300,24476.2,525,150,12994950
NIFTY-I.NFO,08/05/2025,12:52:09,24475.9,24475.8,525,24475.9,375,75,12994950
NIFTY-I.NFO,08/05/2025,12:52:11,24475.9,24475.8,225,24476,150,150,12994950
NIFTY-I.NFO,08/05/2025,12:52:13,24475.9,24475.8,450,24475.9,75,75,12994950
NIFTY-I.NFO,08/05/2025,12:52:14,24475.8,24475.8,75,24475.9,150,525,12994950
NIFTY-I.NFO,08/05/2025,12:52:16,24476,24476,75,24476.4,150,300,12994950
NIFTY-I.NFO,08/05/2025,12:52:18,24476,24476.3,300,24476.4,150,0,12994950
NIFTY-I.NFO,08/05/2025,12:52:19,24476.2,24476.1,75,24476.4,150,375,12994950
NIFTY-I.NFO,08/05/2025,12:52:21,24476,24475.5,750,24476.1,75,750,12994950
NIFTY-I.NFO,08/05/2025,12:52:23,24476.1,24475.9,75,24476.4,150,150,12994950
NIFTY-I.NFO,08/05/2025,12:52:24,24476.1,24476.2,75,24476.4,150,0,12994950
NIFTY-I.NFO,08/05/2025,12:52:26,24476.1,24476,75,24476.4,150,0,12994950
NIFTY-I.NFO,08/05/2025,12:52:28,24476.1,24475.7,450,24476.4,150,0,12994950
NIFTY-I.NFO,08/05/2025,12:52:29,24476.4,24476,375,24476.4,75,75,12994950
NIFTY-I.NFO,08/05/2025,12:52:31,24475.9,24475.9,75,24476.4,75,150,12994950
NIFTY-I.NFO,08/05/2025,12:52:33,24475.9,24475.9,75,24476.4,75,0,12994950
NIFTY-I.NFO,08/05/2025,12:52:34,24475.5,24475.5,150,24475.8,75,1200,12994950
NIFTY-I.NFO,08/05/2025,12:52:36,24475.5,24475.5,150,24475.8,75,0,12994950
NIFTY-I.NFO,08/05/2025,12:52:39,24475.9,24475.7,375,24476,150,225,12994950
NIFTY-I.NFO,08/05/2025,12:52:41,24475.8,24475.7,225,24475.9,75,225,12994950
NIFTY-I.NFO,08/05/2025,12:52:42,24475.9,24475.6,375,24476.4,150,825,12994950
NIFTY-I.NFO,08/05/2025,12:52:44,24476.4,24475.7,75,24476.4,375,75,12994950
NIFTY-I.NFO,08/05/2025,12:52:46,24476.4,24475.7,150,24476.4,75,0,12994950
NIFTY-I.NFO,08/05/2025,12:52:47,24475.4,24475.9,150,24476.4,150,525,12994950
NIFTY-I.NFO,08/05/2025,12:52:49,24476.4,24475.9,150,24476.4,75,75,12994950
NIFTY-I.NFO,08/05/2025,12:52:51,24476.4,24476,300,24476.4,75,0,12994950
NIFTY-I.NFO,08/05/2025,12:52:52,24475.6,24475.6,300,24476.4,75,375,12994950
NIFTY-I.NFO,08/05/2025,12:52:54,24475.9,24475.8,525,24476,75,75,12994950
NIFTY-I.NFO,08/05/2025,12:52:56,24476,24476.2,75,24476.5,75,600,12994950
NIFTY-I.NFO,08/05/2025,12:52:57,24476,24476.2,150,24476.5,75,0,12994950
NIFTY-I.NFO,08/05/2025,12:52:59,24476.5,24476.4,75,24477,450,75,12994950
NIFTY-I.NFO,08/05/2025,12:53:00,24476.9,24476.2,150,24476.9,75,75,12994950
NIFTY-I.NFO,08/05/2025,12:53:02,24476.2,24476.1,150,24476.9,75,150,12994950
NIFTY-I.NFO,08/05/2025,12:53:04,24475.7,24475.7,525,24476.9,375,1275,12994950
NIFTY-I.NFO,08/05/2025,12:53:05,24475.7,24475.8,150,24476.9,375,0,12994950
NIFTY-I.NFO,08/05/2025,12:53:09,24475.7,24475.6,225,24476.9,75,0,12994950
NIFTY-I.NFO,08/05/2025,12:53:10,24475.7,24475.8,225,24476.9,75,0,12994950
NIFTY-I.NFO,08/05/2025,12:53:14,24476.6,24475.8,225,24476.5,150,150,12994950
NIFTY-I.NFO,08/05/2025,12:53:15,24475.8,24475.6,75,24476.5,150,150,12994950
NIFTY-I.NFO,08/05/2025,12:53:17,24475.8,24475.6,75,24476.5,150,0,12994950
NIFTY-I.NFO,08/05/2025,12:53:19,24475.5,24475.4,600,24475.8,75,300,12994950
NIFTY-I.NFO,08/05/2025,12:53:20,24475.5,24475.4,600,24475.7,150,0,12994950
NIFTY-I.NFO,08/05/2025,12:53:22,24475.5,24475.4,675,24475.7,150,75,12994950
NIFTY-I.NFO,08/05/2025,12:53:24,24475.5,24475.6,75,24475.7,150,0,12994950
NIFTY-I.NFO,08/05/2025,12:53:25,24475.7,24475.4,900,24475.7,75,75,12994950
NIFTY-I.NFO,08/05/2025,12:53:27,24475.7,24475.4,675,24475.7,75,0,12994950
NIFTY-I.NFO,08/05/2025,12:53:28,24475.8,24475.5,375,24475.9,150,150,12994950
NIFTY-I.NFO,08/05/2025,12:53:30,24475.8,24475.6,375,24475.9,150,0,12994950
NIFTY-I.NFO,08/05/2025,12:53:32,24475.8,24475.4,75,24475.7,450,0,12994950
NIFTY-I.NFO,08/05/2025,12:53:33,24475.2,24475.3,75,24475.5,150,225,12994950
NIFTY-I.NFO,08/05/2025,12:53:35,24475.2,24475.1,1050,24475.5,450,375,12994950
NIFTY-I.NFO,08/05/2025,12:53:37,24475.2,24475.2,300,24475.5,450,75,12994950
NIFTY-I.NFO,08/05/2025,12:53:38,24475.2,24475.1,525,24475.2,825,300,12994950
NIFTY-I.NFO,08/05/2025,12:53:40,24475.2,24475.1,750,24475.2,525,0,12994950
NIFTY-I.NFO,08/05/2025,12:53:42,24475.3,24475.3,75,24475.6,150,750,12994950
NIFTY-I.NFO,08/05/2025,12:53:43,24475.1,24475.2,75,24475.8,150,375,12994950
NIFTY-I.NFO,08/05/2025,12:53:45,24475,24475.1,750,24475.2,75,1050,12994950
NIFTY-I.NFO,08/05/2025,12:53:46,24475.2,24475.3,75,24475.9,375,75,12994950
NIFTY-I.NFO,08/05/2025,12:53:48,24475.4,24475.3,300,24475.9,75,2400,12994950
NIFTY-I.NFO,08/05/2025,12:53:50,24475.9,24475.5,450,24476.6,150,75,12994950
NIFTY-I.NFO,08/05/2025,12:53:51,24475.9,24476.5,150,24476.7,75,0,12994950
NIFTY-I.NFO,08/05/2025,12:53:55,24476.7,24476.6,75,24476.9,150,75,12994950
NIFTY-I.NFO,08/05/2025,12:53:56,24476.7,24476.6,75,24476.9,150,0,12994950
NIFTY-I.NFO,08/05/2025,12:53:58,24476.6,24476.5,150,24476.6,375,75,12994950
NIFTY-I.NFO,08/05/2025,12:54:00,24476.6,24475.5,150,24476.7,150,225,12994950
NIFTY-I.NFO,08/05/2025,12:54:01,24476.6,24475.5,75,24476.6,450,0,12994950
NIFTY-I.NFO,08/05/2025,12:54:03,24476.6,24475.5,150,24476.6,75,75,12994950
NIFTY-I.NFO,08/05/2025,12:54:05,24476.6,24475.7,75,24476.6,75,0,12994950
NIFTY-I.NFO,08/05/2025,12:54:06,24476.6,24475.3,75,24476.6,75,0,12994950
NIFTY-I.NFO,08/05/2025,12:54:08,24475.3,24475.1,450,24476.6,450,225,12994950
NIFTY-I.NFO,08/05/2025,12:54:10,24475.3,24475.3,750,24476.6,150,0,12994950
NIFTY-I.NFO,08/05/2025,12:54:11,24476.6,24475.3,750,24476.6,375,75,12994950
NIFTY-I.NFO,08/05/2025,12:54:13,24476.7,24475.6,75,24476.9,150,300,12994950
NIFTY-I.NFO,08/05/2025,12:54:15,24475.5,24475.5,75,24476.6,450,225,12994950
NIFTY-I.NFO,08/05/2025,12:54:16,24475.5,24475.5,75,24476.6,450,0,12994950
NIFTY-I.NFO,08/05/2025,12:54:18,24475.2,24475.6,75,24476.6,450,1275,12994950
NIFTY-I.NFO,08/05/2025,12:54:20,24476,24475.6,75,24476.6,150,225,12994950
NIFTY-I.NFO,08/05/2025,12:54:21,24476.2,24475.7,75,24476.9,150,375,12994950
NIFTY-I.NFO,08/05/2025,12:54:23,24475.7,24475.7,225,24476.9,75,150,12994950
NIFTY-I.NFO,08/05/2025,12:54:25,24475.8,24475.8,150,24476.9,150,225,12994950
NIFTY-I.NFO,08/05/2025,12:54:26,24475.9,24475.8,75,24476.9,150,75,12994950
NIFTY-I.NFO,08/05/2025,12:54:28,24475.9,24475.8,75,24476.9,450,0,12994950
NIFTY-I.NFO,08/05/2025,12:54:29,24476.3,24475.8,75,24476.9,75,150,12994950
NIFTY-I.NFO,08/05/2025,12:54:31,24477.8,24475.8,525,24477.8,150,600,12994950
NIFTY-I.NFO,08/05/2025,12:54:33,24477.8,24475.9,150,24477.8,450,0,12994950
NIFTY-I.NFO,08/05/2025,12:54:36,24477.9,24475.9,75,24478.4,150,600,12994950
NIFTY-I.NFO,08/05/2025,12:54:38,24477.9,24475.9,75,24478.4,450,0,12994950
NIFTY-I.NFO,08/05/2025,12:54:39,24475.9,24475.8,375,24478.4,450,75,12994950
NIFTY-I.NFO,08/05/2025,12:54:41,24475.9,24475.6,225,24478.4,450,0,12994950
NIFTY-I.NFO,08/05/2025,12:54:43,24475.9,24475.6,300,24478.1,450,0,12994950
NIFTY-I.NFO,08/05/2025,12:54:44,24475.9,24475.8,150,24478.1,150,0,12994950
NIFTY-I.NFO,08/05/2025,12:54:46,24475.9,24475.9,75,24478.1,150,0,12994950
NIFTY-I.NFO,08/05/2025,12:54:48,24475.1,24476,75,24478.5,450,3000,12994950
NIFTY-I.NFO,08/05/2025,12:54:49,24476,24475.9,150,24478.5,375,300,12994950
NIFTY-I.NFO,08/05/2025,12:54:51,24477,24476.1,375,24477.6,150,150,12994950
NIFTY-I.NFO,08/05/2025,12:54:53,24476.1,24476,225,24478.5,150,375,12994950
NIFTY-I.NFO,08/05/2025,12:54:54,24476.1,24476,300,24477.9,150,0,12994950
NIFTY-I.NFO,08/05/2025,12:54:56,24478.4,24475.9,75,24478.6,375,750,12994950
NIFTY-I.NFO,08/05/2025,12:54:57,24478.4,24476,75,24478.5,450,0,12992175
NIFTY-I.NFO,08/05/2025,12:54:59,24478.4,24476.8,375,24478.5,150,0,12992175
NIFTY-I.NFO,08/05/2025,12:55:01,24478.5,24476.6,375,24478.5,150,225,12992175
NIFTY-I.NFO,08/05/2025,12:55:02,24478.5,24476.6,375,24478.5,150,0,12992175
NIFTY-I.NFO,08/05/2025,12:55:04,24478,24476.6,375,24478.5,150,75,12992175
NIFTY-I.NFO,08/05/2025,12:55:06,24476.6,24476.6,75,24478.1,450,300,12992175
NIFTY-I.NFO,08/05/2025,12:55:07,24476.6,24475.5,375,24478.1,450,0,12992175
NIFTY-I.NFO,08/05/2025,12:55:09,24476.6,24475.4,150,24478.1,450,0,12992175
NIFTY-I.NFO,08/05/2025,12:55:11,24476.6,24475.4,375,24476.5,150,0,12992175
NIFTY-I.NFO,08/05/2025,12:55:12,24475.4,24475.5,75,24476.3,450,75,12992175
NIFTY-I.NFO,08/05/2025,12:55:14,24475.4,24475.5,300,24476.3,450,0,12992175
NIFTY-I.NFO,08/05/2025,12:55:16,24476.3,24475.5,300,24476.3,75,75,12992175
NIFTY-I.NFO,08/05/2025,12:55:17,24475.5,24475.5,150,24476.3,75,150,12992175
NIFTY-I.NFO,08/05/2025,12:55:19,24475.5,24475.5,150,24476.3,75,0,12992175
NIFTY-I.NFO,08/05/2025,12:55:20,24475.5,24475.1,75,24476.3,375,300,12992175
NIFTY-I.NFO,08/05/2025,12:55:22,24476,24475.1,75,24478,375,300,12992175
NIFTY-I.NFO,08/05/2025,12:55:24,24475,24475.4,75,24478,675,150,12992175
NIFTY-I.NFO,08/05/2025,12:55:25,24475,24475.4,75,24478,675,0,12992175
NIFTY-I.NFO,08/05/2025,12:55:27,24475,24475.5,75,24478,675,0,12992175
NIFTY-I.NFO,08/05/2025,12:55:29,24475,24475.8,75,24478,75,0,12992175
NIFTY-I.NFO,08/05/2025,12:55:30,24475.4,24475.5,225,24478,375,300,12992175
NIFTY-I.NFO,08/05/2025,12:55:32,24475.4,24475.5,225,24478,375,0,12992175
NIFTY-I.NFO,08/05/2025,12:55:34,24475.5,24475.4,75,24477.8,375,300,12992175
NIFTY-I.NFO,08/05/2025,12:55:35,24475.5,24475.5,750,24477.8,375,0,12992175
NIFTY-I.NFO,08/05/2025,12:55:37,24477.8,24475.5,750,24477.8,150,75,12992175
NIFTY-I.NFO,08/05/2025,12:55:39,24477.8,24475.9,750,24477.6,450,0,12992175
NIFTY-I.NFO,08/05/2025,12:55:40,24475.9,24475.9,525,24477.6,450,300,12992175
NIFTY-I.NFO,08/05/2025,12:55:42,24475.9,24475.9,450,24476,75,75,12992175
NIFTY-I.NFO,08/05/2025,12:55:43,24476,24475.9,450,24477.6,450,75,12992175
NIFTY-I.NFO,08/05/2025,12:55:45,24476,24475.9,450,24477.6,450,0,12992175
NIFTY-I.NFO,08/05/2025,12:55:47,24476,24476,75,24477.6,450,0,12992175
NIFTY-I.NFO,08/05/2025,12:55:48,24476,24476,150,24477.6,450,0,12992175
NIFTY-I.NFO,08/05/2025,12:55:50,24477,24477.6,225,24477.8,450,75,12992175
NIFTY-I.NFO,08/05/2025,12:55:53,24477,24477.6,300,24477.8,750,0,12992175
NIFTY-I.NFO,08/05/2025,12:55:55,24477.6,24476.1,375,24477.8,750,300,12992175
NIFTY-I.NFO,08/05/2025,12:55:57,24477.8,24476.1,375,24477.7,75,75,12992175
NIFTY-I.NFO,08/05/2025,12:55:58,24477.8,24476.1,375,24477.7,75,0,12992175
NIFTY-I.NFO,08/05/2025,12:56:00,24477.7,24476.1,375,24477.8,600,75,12992175
NIFTY-I.NFO,08/05/2025,12:56:01,24477.7,24476.1,375,24477.8,750,0,12992175
NIFTY-I.NFO,08/05/2025,12:56:05,24476.1,24476.1,300,24477.8,750,75,12992175
NIFTY-I.NFO,08/05/2025,12:56:06,24475.6,24475.6,450,24477.8,600,375,12992175
NIFTY-I.NFO,08/05/2025,12:56:08,24475.6,24475.6,525,24477,150,300,12992175
NIFTY-I.NFO,08/05/2025,12:56:10,24476.2,24475.7,150,24477,450,150,12992175
NIFTY-I.NFO,08/05/2025,12:56:11,24477,24477.2,75,24477.5,375,150,12992175
NIFTY-I.NFO,08/05/2025,12:56:13,24475.9,24475.6,750,24477.8,600,300,12992175
NIFTY-I.NFO,08/05/2025,12:56:15,24475.9,24476.4,75,24477.8,300,0,12992175
NIFTY-I.NFO,08/05/2025,12:56:16,24475.9,24476.6,75,24477.8,450,0,12992175
NIFTY-I.NFO,08/05/2025,12:56:18,24475.9,24476.6,75,24477.8,750,0,12992175
NIFTY-I.NFO,08/05/2025,12:56:19,24475.9,24476.1,150,24477.8,750,0,12992175
NIFTY-I.NFO,08/05/2025,12:56:23,24475.9,24476.2,75,24477.8,825,0,12992175
NIFTY-I.NFO,08/05/2025,12:56:25,24475.9,24476.3,75,24477.8,525,0,12992175
NIFTY-I.NFO,08/05/2025,12:56:26,24475.9,24476.3,75,24477.8,825,0,12992175
NIFTY-I.NFO,08/05/2025,12:56:31,24475.9,24476.5,975,24477.8,825,0,12992175
NIFTY-I.NFO,08/05/2025,12:56:33,24479.2,24476.7,75,24479.6,450,2700,12992175
NIFTY-I.NFO,08/05/2025,12:56:34,24479.6,24476.6,75,24479.6,375,150,12992175
NIFTY-I.NFO,08/05/2025,12:56:36,24479.6,24476.5,900,24479.6,375,0,12992175
NIFTY-I.NFO,08/05/2025,12:56:39,24476.5,24476.5,750,24478.9,375,150,12992175
NIFTY-I.NFO,08/05/2025,12:56:41,24476.5,24476.5,750,24478.9,375,0,12992175
NIFTY-I.NFO,08/05/2025,12:56:44,24476.5,24476.5,750,24478.6,375,0,12992175
NIFTY-I.NFO,08/05/2025,12:56:48,24476.5,24476.5,150,24478.6,450,675,12992175
NIFTY-I.NFO,08/05/2025,12:56:49,24476.5,24477,300,24478.6,450,75,12992175
NIFTY-I.NFO,08/05/2025,12:56:51,24476.5,24477,300,24478.6,450,0,12992175
NIFTY-I.NFO,08/05/2025,12:56:54,24476.5,24477,300,24478.4,450,0,12992175
NIFTY-I.NFO,08/05/2025,12:56:59,24476.5,24477,300,24477.9,150,0,12992175
NIFTY-I.NFO,08/05/2025,12:57:01,24477,24477,75,24477.9,450,225,12992175
NIFTY-I.NFO,08/05/2025,12:57:02,24477.9,24477,75,24477.9,75,75,12992175
NIFTY-I.NFO,08/05/2025,12:57:04,24477,24476.5,75,24477.9,75,75,12992175
NIFTY-I.NFO,08/05/2025,12:57:05,24476.5,24476,75,24477.6,75,75,12992175
NIFTY-I.NFO,08/05/2025,12:57:07,24476.5,24476,75,24477.6,75,0,12992175
NIFTY-I.NFO,08/05/2025,12:57:10,24476.5,24476,75,24476.9,75,0,12992175
NIFTY-I.NFO,08/05/2025,12:57:14,24476.9,24476.6,300,24476.9,150,75,12992175
NIFTY-I.NFO,08/05/2025,12:57:15,24476.6,24476.6,225,24476.9,150,75,12992175
NIFTY-I.NFO,08/05/2025,12:57:18,24476.6,24476.7,75,24476.9,150,0,12992175
NIFTY-I.NFO,08/05/2025,12:57:20,24477,24476.7,75,24477.7,75,150,12992175
NIFTY-I.NFO,08/05/2025,12:57:22,24476.7,24476.6,225,24477.6,75,150,12992175
NIFTY-I.NFO,08/05/2025,12:57:23,24476.7,24476.6,225,24477.6,75,0,12992175
NIFTY-I.NFO,08/05/2025,12:57:25,24476.7,24477,900,24477.6,75,0,12992175
NIFTY-I.NFO,08/05/2025,12:57:26,24477,24477,825,24477.6,75,75,12992175
NIFTY-I.NFO,08/05/2025,12:57:28,24477,24477,750,24478.9,450,150,12992175
NIFTY-I.NFO,08/05/2025,12:57:30,24477,24477,750,24477.6,150,0,12992175
NIFTY-I.NFO,08/05/2025,12:57:31,24477,24477,675,24477.6,450,75,12992175
NIFTY-I.NFO,08/05/2025,12:57:33,24477,24477,675,24477.6,450,0,12992175
NIFTY-I.NFO,08/05/2025,12:57:36,24477,24477,600,24477.6,375,150,12992175
NIFTY-I.NFO,08/05/2025,12:57:38,24477.6,24477,600,24477.6,75,300,12992175
NIFTY-I.NFO,08/05/2025,12:57:40,24477.6,24477.1,75,24477.6,375,0,12992175
NIFTY-I.NFO,08/05/2025,12:57:41,24477,24477,525,24477.6,375,150,12992175
NIFTY-I.NFO,08/05/2025,12:57:43,24477,24477,375,24477.6,375,150,12992175
NIFTY-I.NFO,08/05/2025,12:57:44,24477,24477,375,24477.6,375,0,12992175
NIFTY-I.NFO,08/05/2025,12:57:46,24477,24477,300,24477.6,375,75,12992175
NIFTY-I.NFO,08/05/2025,12:57:48,24477,24477,300,24477.6,375,0,12992175
NIFTY-I.NFO,08/05/2025,12:57:49,24477.6,24477,300,24477.6,450,75,12992175
NIFTY-I.NFO,08/05/2025,12:57:51,24477.6,24477,300,24477.6,450,0,12992175
NIFTY-I.NFO,08/05/2025,12:57:53,24477,24477,75,24477.1,150,225,12992175
NIFTY-I.NFO,08/05/2025,12:57:54,24476.6,24476.2,300,24477.1,450,300,12992175
NIFTY-I.NFO,08/05/2025,12:57:56,24476.6,24476.2,300,24477.1,450,0,12992175
NIFTY-I.NFO,08/05/2025,12:57:57,24476.3,24476.2,300,24476.9,450,75,12985650
NIFTY-I.NFO,08/05/2025,12:57:59,24476.3,24476.2,300,24476.9,450,75,12985650
NIFTY-I.NFO,08/05/2025,12:58:01,24476.3,24476.2,300,24476.3,225,0,12985650
NIFTY-I.NFO,08/05/2025,12:58:02,24476.2,24476.2,225,24476.3,225,75,12985650
NIFTY-I.NFO,08/05/2025,12:58:04,24476.2,24476.1,375,24476.3,375,300,12985650
NIFTY-I.NFO,08/05/2025,12:58:06,24476.2,24476.2,75,24476.3,225,75,12985650
NIFTY-I.NFO,08/05/2025,12:58:07,24476.2,24476.2,75,24476.3,75,0,12985650
NIFTY-I.NFO,08/05/2025,12:58:09,24476.3,24476.4,75,24477,150,75,12985650
NIFTY-I.NFO,08/05/2025,12:58:11,24476.3,24476.4,75,24477,150,0,12985650
NIFTY-I.NFO,08/05/2025,12:58:15,24476.3,24476.4,75,24476.9,450,0,12985650
NIFTY-I.NFO,08/05/2025,12:58:17,24477,24476.3,825,24477.6,150,225,12985650
NIFTY-I.NFO,08/05/2025,12:58:19,24477.6,24476.3,825,24477.6,75,150,12985650
NIFTY-I.NFO,08/05/2025,12:58:20,24476.3,24476.3,750,24477.6,75,525,12985650
NIFTY-I.NFO,08/05/2025,12:58:22,24476.3,24476.3,375,24477,75,0,12985650
NIFTY-I.NFO,08/05/2025,12:58:24,24476.3,24476.3,300,24477,375,75,12985650
NIFTY-I.NFO,08/05/2025,12:58:27,24476.3,24476.4,75,24477,450,0,12985650
NIFTY-I.NFO,08/05/2025,12:58:28,24476.4,24476.4,225,24477,150,75,12985650
NIFTY-I.NFO,08/05/2025,12:58:30,24476.4,24476.4,225,24477,150,0,12985650
NIFTY-I.NFO,08/05/2025,12:58:37,24476.5,24476.4,225,24477,150,75,12985650
NIFTY-I.NFO,08/05/2025,12:58:39,24476.4,24476.4,150,24477,150,75,12985650
NIFTY-I.NFO,08/05/2025,12:58:40,24476.6,24476.4,150,24476.9,150,150,12985650
NIFTY-I.NFO,08/05/2025,12:58:42,24476.6,24476.4,150,24476.9,450,0,12985650
NIFTY-I.NFO,08/05/2025,12:58:43,24476.6,24476.4,150,24476.9,150,0,12985650
NIFTY-I.NFO,08/05/2025,12:58:47,24475.7,24475.6,150,24476.9,150,2025,12985650
NIFTY-I.NFO,08/05/2025,12:58:48,24475.7,24475.9,75,24476.9,150,0,12985650
NIFTY-I.NFO,08/05/2025,12:58:50,24475.9,24475.9,375,24476.9,150,150,12985650
NIFTY-I.NFO,08/05/2025,12:58:52,24475.9,24475.9,225,24476.7,450,150,12985650
NIFTY-I.NFO,08/05/2025,12:58:53,24475.9,24475.9,225,24476.8,75,0,12985650
NIFTY-I.NFO,08/05/2025,12:58:55,24475.9,24476,75,24476.8,225,0,12985650
NIFTY-I.NFO,08/05/2025,12:58:57,24476,24476,900,24476.8,525,375,12985650
NIFTY-I.NFO,08/05/2025,12:58:58,24476,24476,825,24476.8,450,75,12985650
NIFTY-I.NFO,08/05/2025,12:59:00,24476,24476,825,24476.8,450,0,12985650
NIFTY-I.NFO,08/05/2025,12:59:03,24476,24476.1,75,24477,150,0,12985650
NIFTY-I.NFO,08/05/2025,12:59:05,24476,24476.5,75,24476.9,150,0,12985650
NIFTY-I.NFO,08/05/2025,12:59:07,24476,24476.7,75,24476.9,150,0,12985650
NIFTY-I.NFO,08/05/2025,12:59:08,24476.7,24476.6,75,24476.8,150,375,12985650
NIFTY-I.NFO,08/05/2025,12:59:10,24476.5,24476.5,75,24476.9,150,600,12985650
NIFTY-I.NFO,08/05/2025,12:59:11,24477,24476.6,75,24477.3,150,150,12985650
NIFTY-I.NFO,08/05/2025,12:59:13,24477,24476.9,75,24477.2,75,0,12985650
NIFTY-I.NFO,08/05/2025,12:59:15,24477.1,24476.9,225,24477.1,450,75,12985650
NIFTY-I.NFO,08/05/2025,12:59:16,24476,24476.5,75,24477.2,375,1200,12985650
NIFTY-I.NFO,08/05/2025,12:59:18,24477.2,24477.2,75,24477.3,300,75,12985650
NIFTY-I.NFO,08/05/2025,12:59:20,24477.2,24477.2,150,24477.3,150,0,12985650
NIFTY-I.NFO,08/05/2025,12:59:21,24476.7,24476,75,24478.4,450,225,12985650
NIFTY-I.NFO,08/05/2025,12:59:23,24476.7,24476.3,75,24478.4,150,0,12985650
NIFTY-I.NFO,08/05/2025,12:59:26,24476.7,24476.1,150,24478.4,150,0,12985650
NIFTY-I.NFO,08/05/2025,12:59:28,24476.7,24476.4,150,24477.9,150,0,12985650
NIFTY-I.NFO,08/05/2025,12:59:29,24477.7,24476.4,150,24477.9,150,75,12985650
NIFTY-I.NFO,08/05/2025,12:59:31,24477.8,24476.9,75,24477,300,150,12985650
NIFTY-I.NFO,08/05/2025,12:59:33,24476.5,24476.1,450,24477,225,225,12985650
NIFTY-I.NFO,08/05/2025,12:59:34,24476.5,24476.4,75,24477,300,0,12985650
NIFTY-I.NFO,08/05/2025,12:59:36,24476.5,24476.7,75,24477,300,0,12985650
NIFTY-I.NFO,08/05/2025,12:59:38,24477,24476.6,75,24477,225,75,12985650
NIFTY-I.NFO,08/05/2025,12:59:39,24476.7,24476.7,75,24477,300,75,12985650
NIFTY-I.NFO,08/05/2025,12:59:41,24476.7,24476.8,75,24477,300,0,12985650
NIFTY-I.NFO,08/05/2025,12:59:42,24476.7,24476.5,75,24477,300,75,12985650
NIFTY-I.NFO,08/05/2025,12:59:44,24477,24476.8,150,24477,75,300,12985650
NIFTY-I.NFO,08/05/2025,12:59:46,24476.4,24476.4,75,24478,525,225,12985650
NIFTY-I.NFO,08/05/2025,12:59:47,24476.4,24476.9,75,24477,75,0,12985650
NIFTY-I.NFO,08/05/2025,12:59:49,24477.3,24476.6,450,24478,75,150,12985650
NIFTY-I.NFO,08/05/2025,12:59:51,24477.3,24477.7,75,24478,75,0,12985650
NIFTY-I.NFO,08/05/2025,12:59:52,24477.3,24477.8,150,24477.9,75,0,12985650
NIFTY-I.NFO,08/05/2025,12:59:54,24477.9,24477.8,150,24478.2,300,75,12985650
NIFTY-I.NFO,08/05/2025,12:59:55,24478.5,24478.2,225,24479.7,450,375,12985650
NIFTY-I.NFO,08/05/2025,12:59:57,24478.5,24478.2,225,24479.7,150,0,12985650
NIFTY-I.NFO,08/05/2025,12:59:59,24478.5,24478.2,225,24479.7,450,0,12985650
NIFTY-I.NFO,08/05/2025,13:00:00,24478.5,24478.2,225,24479.7,150,0,12985650
NIFTY-I.NFO,08/05/2025,13:00:04,24478.5,24478.2,150,24479.7,450,0,12985650
NIFTY-I.NFO,08/05/2025,13:00:05,24478.2,24478.2,75,24479.7,450,75,12985650
NIFTY-I.NFO,08/05/2025,13:00:07,24478.2,24477.4,150,24479.7,450,75,12985650
NIFTY-I.NFO,08/05/2025,13:00:08,24478.2,24477.4,150,24479.7,450,0,12985650
NIFTY-I.NFO,08/05/2025,13:00:12,24478.2,24477.4,150,24479.4,450,0,12985650
NIFTY-I.NFO,08/05/2025,13:00:13,24478,24477.4,150,24478.1,150,150,12985650
NIFTY-I.NFO,08/05/2025,13:00:15,24478,24477.4,150,24478.1,450,0,12985650
NIFTY-I.NFO,08/05/2025,13:00:20,24478,24477,900,24478.1,450,0,12985650
NIFTY-I.NFO,08/05/2025,13:00:23,24478.2,24477,975,24479.2,450,300,12985650
NIFTY-I.NFO,08/05/2025,13:00:25,24479.2,24477.1,150,24479.2,375,75,12985650
NIFTY-I.NFO,08/05/2025,13:00:26,24479.2,24477.1,150,24479.2,450,75,12985650
NIFTY-I.NFO,08/05/2025,13:00:28,24477.1,24477.1,75,24479.2,450,75,12985650
NIFTY-I.NFO,08/05/2025,13:00:30,24477.1,24477.1,75,24479.2,450,75,12985650
NIFTY-I.NFO,08/05/2025,13:00:31,24477.1,24477.1,75,24479.2,450,0,12985650
NIFTY-I.NFO,08/05/2025,13:00:33,24477.1,24477.3,900,24479.2,150,0,12985650
NIFTY-I.NFO,08/05/2025,13:00:35,24477.1,24477.3,900,24479.2,450,0,12985650
NIFTY-I.NFO,08/05/2025,13:00:39,24477.1,24477.3,900,24478.9,450,0,12985650
NIFTY-I.NFO,08/05/2025,13:00:41,24477.3,24477.3,825,24478.9,450,75,12985650
NIFTY-I.NFO,08/05/2025,13:00:43,24477.3,24477.4,75,24478.9,450,0,12985650
NIFTY-I.NFO,08/05/2025,13:00:53,24477.4,24477.3,825,24478.9,525,75,12985650
NIFTY-I.NFO,08/05/2025,13:00:54,24477.3,24477.3,750,24478.9,450,75,12985650
NIFTY-I.NFO,08/05/2025,13:00:59,24477.3,24477.3,750,24478.9,450,75,12983475
NIFTY-I.NFO,08/05/2025,13:01:01,24477.3,24477.3,675,24478.9,450,75,12983475
NIFTY-I.NFO,08/05/2025,13:01:02,24477.3,24477.3,600,24478.9,450,150,12983475
NIFTY-I.NFO,08/05/2025,13:01:04,24477.3,24477.3,600,24478.9,450,0,12983475
NIFTY-I.NFO,08/05/2025,13:01:09,24479.2,24477.3,300,24479.2,375,1275,12983475
NIFTY-I.NFO,08/05/2025,13:01:10,24479.2,24477.3,300,24479.2,375,0,12983475
NIFTY-I.NFO,08/05/2025,13:01:12,24477.3,24477.3,225,24479.2,375,75,12983475
NIFTY-I.NFO,08/05/2025,13:01:14,24477.3,24477.3,225,24479.2,375,0,12983475
NIFTY-I.NFO,08/05/2025,13:01:15,24477.3,24477.3,300,24479.2,375,0,12983475
NIFTY-I.NFO,08/05/2025,13:01:19,24477.3,24477.3,600,24479.2,375,0,12983475
NIFTY-I.NFO,08/05/2025,13:01:23,24477.3,24477.3,675,24479.2,75,0,12983475
NIFTY-I.NFO,08/05/2025,13:01:25,24477.3,24477.3,675,24479.2,375,0,12983475
NIFTY-I.NFO,08/05/2025,13:01:32,24477.3,24477.3,600,24479.2,375,75,12983475
NIFTY-I.NFO,08/05/2025,13:01:33,24477.3,24477.3,600,24479.2,375,0,12983475
NIFTY-I.NFO,08/05/2025,13:01:35,24477.3,24477.3,600,24478.9,375,0,12983475
NIFTY-I.NFO,08/05/2025,13:01:37,24477.3,24477.3,525,24478.9,375,75,12983475
NIFTY-I.NFO,08/05/2025,13:01:38,24477.3,24477.3,525,24478.9,375,0,12983475
NIFTY-I.NFO,08/05/2025,13:01:40,24476.1,24476.1,300,24478.3,375,1050,12983475
NIFTY-I.NFO,08/05/2025,13:01:42,24476.1,24476.1,300,24478.3,375,0,12983475
NIFTY-I.NFO,08/05/2025,13:01:45,24476.1,24476.1,150,24478.3,375,150,12983475
NIFTY-I.NFO,08/05/2025,13:01:46,24476.1,24476.1,150,24478,375,0,12983475
NIFTY-I.NFO,08/05/2025,13:01:48,24476.1,24476.1,150,24477.2,375,0,12983475
NIFTY-I.NFO,08/05/2025,13:01:51,24476.1,24476.1,150,24477.2,75,0,12983475
NIFTY-I.NFO,08/05/2025,13:01:53,24476,24476,1050,24477.2,75,675,12983475
NIFTY-I.NFO,08/05/2025,13:01:55,24476,24476,900,24477.2,75,150,12983475
NIFTY-I.NFO,08/05/2025,13:01:56,24477.2,24476,900,24477.2,150,75,12983475
NIFTY-I.NFO,08/05/2025,13:01:58,24477.2,24476,900,24477.2,150,0,12983475
NIFTY-I.NFO,08/05/2025,13:02:00,24476.1,24476,900,24477.2,600,75,12983475
NIFTY-I.NFO,08/05/2025,13:02:01,24476.1,24476,900,24477.2,300,0,12983475
NIFTY-I.NFO,08/05/2025,13:02:03,24476,24476,825,24477.2,600,75,12983475
NIFTY-I.NFO,08/05/2025,13:02:05,24477.2,24476,825,24476.9,75,75,12983475
NIFTY-I.NFO,08/05/2025,13:02:06,24475.2,24475,2175,24476.9,375,1725,12983475
NIFTY-I.NFO,08/05/2025,13:02:08,24476.9,24475,2175,24476.9,450,75,12983475
NIFTY-I.NFO,08/05/2025,13:02:10,24476.9,24476,225,24476.9,450,0,12983475
NIFTY-I.NFO,08/05/2025,13:02:11,24474.6,24474.3,750,24474.6,375,2775,12983475
NIFTY-I.NFO,08/05/2025,13:02:13,24475,24474.4,75,24476.2,225,375,12983475
NIFTY-I.NFO,08/05/2025,13:02:15,24474.7,24474.3,750,24476.6,600,75,12983475
NIFTY-I.NFO,08/05/2025,13:02:16,24474.7,24474.3,750,24476.5,150,0,12983475
NIFTY-I.NFO,08/05/2025,13:02:18,24474.3,24474.3,675,24476.5,150,75,12983475
NIFTY-I.NFO,08/05/2025,13:02:20,24474.3,24474.3,675,24476.5,150,0,12983475
NIFTY-I.NFO,08/05/2025,13:02:21,24474.3,24474.3,375,24476.5,450,300,12983475
NIFTY-I.NFO,08/05/2025,13:02:23,24474.3,24474,75,24476.5,450,75,12983475
NIFTY-I.NFO,08/05/2025,13:02:24,24474.3,24474.3,150,24476.5,150,0,12983475
NIFTY-I.NFO,08/05/2025,13:02:29,24474.3,24474.3,450,24476.1,150,0,12983475
NIFTY-I.NFO,08/05/2025,13:02:31,24474.3,24474.3,150,24476.1,150,0,12983475
NIFTY-I.NFO,08/05/2025,13:02:32,24474.3,24474.3,75,24476.1,150,75,12983475
NIFTY-I.NFO,08/05/2025,13:02:34,24474,24474,1050,24476.1,150,150,12983475
NIFTY-I.NFO,08/05/2025,13:02:35,24476.1,24474,750,24476.1,75,75,12983475
NIFTY-I.NFO,08/05/2025,13:02:37,24476.1,24474,1050,24476.1,75,0,12983475
NIFTY-I.NFO,08/05/2025,13:02:43,24476.1,24474.1,675,24476.1,75,0,12983475
NIFTY-I.NFO,08/05/2025,13:02:45,24476.1,24474.2,675,24476.1,75,0,12983475
NIFTY-I.NFO,08/05/2025,13:02:46,24476.1,24474.2,675,24475.9,375,0,12983475
NIFTY-I.NFO,08/05/2025,13:02:48,24476.1,24474.4,675,24475.9,75,0,12983475
NIFTY-I.NFO,08/05/2025,13:02:50,24476.1,24474.8,75,24475.9,375,0,12983475
NIFTY-I.NFO,08/05/2025,13:02:51,24476.1,24474.4,675,24475.9,375,0,12983475
NIFTY-I.NFO,08/05/2025,13:02:55,24474.4,24474.4,300,24475.9,375,150,12983475
NIFTY-I.NFO,08/05/2025,13:02:56,24474.4,24474.4,825,24475.9,375,0,12983475
NIFTY-I.NFO,08/05/2025,13:02:58,24474.4,24474.5,525,24475.9,375,0,12983475
NIFTY-I.NFO,08/05/2025,13:02:59,24474.4,24474.5,825,24475.9,375,0,12983475
NIFTY-I.NFO,08/05/2025,13:03:01,24475.9,24475.1,900,24475.9,450,150,12983475
NIFTY-I.NFO,08/05/2025,13:03:02,24475.9,24475.1,900,24475.9,450,0,12983475
NIFTY-I.NFO,08/05/2025,13:03:04,24475.1,24475.1,1125,24475.9,450,150,12983475
NIFTY-I.NFO,08/05/2025,13:03:05,24475.1,24475.1,1125,24475.9,450,0,12983475
NIFTY-I.NFO,08/05/2025,13:03:09,24475.1,24475.1,1125,24475.9,525,0,12983475
NIFTY-I.NFO,08/05/2025,13:03:14,24475.1,24475.1,1050,24475.9,525,75,12983475
NIFTY-I.NFO,08/05/2025,13:03:15,24475.1,24475.1,1050,24475.9,525,0,12983475
NIFTY-I.NFO,08/05/2025,13:03:18,24475.1,24475.1,1125,24475.9,525,0,12983475
NIFTY-I.NFO,08/05/2025,13:03:20,24475.1,24475.1,1050,24475.9,525,75,12983475
NIFTY-I.NFO,08/05/2025,13:03:22,24475.1,24475.1,1050,24475.9,525,0,12983475
NIFTY-I.NFO,08/05/2025,13:03:23,24475.1,24475.1,975,24475.9,225,75,12983475
NIFTY-I.NFO,08/05/2025,13:03:25,24475.1,24475.1,675,24475.9,525,300,12983475
NIFTY-I.NFO,08/05/2025,13:03:27,24475.9,24475.1,675,24475.9,450,75,12983475
NIFTY-I.NFO,08/05/2025,13:03:28,24475.9,24475.1,675,24475.9,450,0,12983475
NIFTY-I.NFO,08/05/2025,13:03:30,24475.9,24475.1,675,24475.9,150,0,12983475
NIFTY-I.NFO,08/05/2025,13:03:31,24475.1,24475.1,600,24475.9,150,75,12983475
NIFTY-I.NFO,08/05/2025,13:03:33,24475.1,24475.1,600,24475.9,150,0,12983475
NIFTY-I.NFO,08/05/2025,13:03:35,24475.1,24475.1,600,24475.9,450,0,12983475
NIFTY-I.NFO,08/05/2025,13:03:36,24475.1,24475.1,525,24475.8,450,150,12983475
NIFTY-I.NFO,08/05/2025,13:03:38,24475.1,24475.1,375,24475.8,450,150,12983475
NIFTY-I.NFO,08/05/2025,13:03:40,24475.8,24475.1,375,24475.8,450,150,12983475
NIFTY-I.NFO,08/05/2025,13:03:41,24475.8,24475.1,450,24475.8,450,150,12983475
NIFTY-I.NFO,08/05/2025,13:03:43,24475.8,24475.1,450,24475.9,375,75,12983475
NIFTY-I.NFO,08/05/2025,13:03:46,24475.9,24475.2,75,24475.9,375,75,12983475
NIFTY-I.NFO,08/05/2025,13:03:48,24475.9,24475.2,375,24475.9,450,150,12983475
NIFTY-I.NFO,08/05/2025,13:03:49,24475.9,24475.4,75,24475.9,150,0,12983475
NIFTY-I.NFO,08/05/2025,13:03:51,24475.9,24475.8,75,24475.9,150,0,12983475
NIFTY-I.NFO,08/05/2025,13:03:52,24475.9,24475.8,375,24475.9,150,0,12983475
NIFTY-I.NFO,08/05/2025,13:03:54,24475.9,24475.8,375,24475.9,150,150,12983475
NIFTY-I.NFO,08/05/2025,13:03:56,24475.9,24475.8,375,24475.9,75,75,12983475
NIFTY-I.NFO,08/05/2025,13:03:57,24475.8,24475.8,300,24475.9,225,75,12978300
NIFTY-I.NFO,08/05/2025,13:03:59,24475.8,24475.8,300,24475.9,225,0,12978300
NIFTY-I.NFO,08/05/2025,13:04:01,24475.8,24475.8,225,24475.9,525,75,12978300
NIFTY-I.NFO,08/05/2025,13:04:02,24475.8,24475.8,75,24475.9,525,150,12978300
NIFTY-I.NFO,08/05/2025,13:04:04,24476,24475.8,75,24476,750,900,12978300
NIFTY-I.NFO,08/05/2025,13:04:05,24475.8,24475.2,75,24475.7,450,150,12978300
NIFTY-I.NFO,08/05/2025,13:04:07,24475.7,24475.2,75,24475.7,375,75,12978300
NIFTY-I.NFO,08/05/2025,13:04:09,24475.7,24475.2,150,24475.7,150,150,12978300
NIFTY-I.NFO,08/05/2025,13:04:10,24475.7,24475.5,75,24475.7,150,0,12978300
NIFTY-I.NFO,08/05/2025,13:04:12,24475.7,24475.4,75,24475.7,150,0,12978300
NIFTY-I.NFO,08/05/2025,13:04:13,24475.5,24475.5,75,24475.7,150,75,12978300
NIFTY-I.NFO,08/05/2025,13:04:15,24475.5,24475.4,75,24475.7,150,0,12978300
NIFTY-I.NFO,08/05/2025,13:04:17,24475.5,24475.6,75,24475.7,150,0,12978300
NIFTY-I.NFO,08/05/2025,13:04:18,24475.7,24475.2,150,24475.8,75,75,12978300
NIFTY-I.NFO,08/05/2025,13:04:20,24475.7,24475.4,75,24475.7,75,0,12978300
NIFTY-I.NFO,08/05/2025,13:04:22,24475.7,24475.5,75,24475.7,75,0,12978300
NIFTY-I.NFO,08/05/2025,13:04:23,24475.5,24475.2,75,24475.7,525,375,12978300
NIFTY-I.NFO,08/05/2025,13:04:25,24475.5,24475.5,375,24475.6,75,0,12978300
NIFTY-I.NFO,08/05/2025,13:04:27,24475.5,24475.2,150,24475.5,300,450,12978300
NIFTY-I.NFO,08/05/2025,13:04:28,24475.5,24475.3,75,24475.5,300,0,12978300
NIFTY-I.NFO,08/05/2025,13:04:30,24475.5,24475.2,150,24475.5,300,0,12978300
NIFTY-I.NFO,08/05/2025,13:04:31,24475.5,24475.4,75,24475.5,150,75,12978300
NIFTY-I.NFO,08/05/2025,13:04:33,24475.5,24475.3,75,24475.5,75,75,12978300
NIFTY-I.NFO,08/05/2025,13:04:35,24475.5,24475.4,75,24475.5,75,0,12978300
NIFTY-I.NFO,08/05/2025,13:04:36,24475.3,24475.2,75,24475.5,150,150,12978300
NIFTY-I.NFO,08/05/2025,13:04:38,24475.3,24475.2,75,24475.5,450,0,12978300
NIFTY-I.NFO,08/05/2025,13:04:40,24475.3,24475.2,75,24475.6,375,0,12978300
NIFTY-I.NFO,08/05/2025,13:04:41,24475.2,24475.1,150,24475.5,450,75,12978300
NIFTY-I.NFO,08/05/2025,13:04:43,24475.5,24475.1,75,24475.6,375,150,12978300
NIFTY-I.NFO,08/05/2025,13:04:45,24475.5,24475.1,75,24475.6,375,150,12978300
NIFTY-I.NFO,08/05/2025,13:04:46,24475.5,24475.1,375,24475.5,450,0,12978300
NIFTY-I.NFO,08/05/2025,13:04:49,24475.5,24475.1,450,24475.5,450,0,12978300
NIFTY-I.NFO,08/05/2025,13:04:51,24475.5,24475.2,75,24475.5,450,0,12978300
NIFTY-I.NFO,08/05/2025,13:04:53,24475.1,24474,225,24475.5,375,525,12978300
NIFTY-I.NFO,08/05/2025,13:04:54,24473.3,24473.2,450,24475.5,675,900,12978300
NIFTY-I.NFO,08/05/2025,13:04:56,24473.2,24473.2,225,24475.5,675,150,12978300
NIFTY-I.NFO,08/05/2025,13:04:58,24473.2,24473.2,150,24475.5,675,75,12978300
NIFTY-I.NFO,08/05/2025,13:04:59,24473.1,24473.2,150,24475.5,750,375,12978300
NIFTY-I.NFO,08/05/2025,13:05:01,24473.3,24473.1,150,24475.2,450,150,12978300
NIFTY-I.NFO,08/05/2025,13:05:02,24473.3,24474.5,75,24474.6,150,0,12978300
NIFTY-I.NFO,08/05/2025,13:05:04,24474.3,24474.1,75,24474.6,450,75,12978300
NIFTY-I.NFO,08/05/2025,13:05:06,24474.2,24474.3,75,24474.8,150,300,12978300
NIFTY-I.NFO,08/05/2025,13:05:07,24474.2,24474.3,75,24474.4,150,0,12978300
NIFTY-I.NFO,08/05/2025,13:05:09,24473.7,24473.7,75,24474.4,450,150,12978300
NIFTY-I.NFO,08/05/2025,13:05:10,24474.2,24473.7,375,24474.2,825,225,12978300
NIFTY-I.NFO,08/05/2025,13:05:12,24474.3,24473.9,75,24474.2,75,150,12978300
NIFTY-I.NFO,08/05/2025,13:05:14,24474,24473.9,375,24474,1875,450,12978300
NIFTY-I.NFO,08/05/2025,13:05:15,24474,24473.9,75,24474,1350,975,12978300
NIFTY-I.NFO,08/05/2025,13:05:17,24474,24473.9,75,24475,150,1350,12978300
NIFTY-I.NFO,08/05/2025,13:05:19,24474.6,24474.9,75,24475,300,150,12978300
NIFTY-I.NFO,08/05/2025,13:05:20,24474.6,24474.8,75,24475,450,0,12978300
NIFTY-I.NFO,08/05/2025,13:05:22,24473.8,24473.6,225,24475,600,1200,12978300
NIFTY-I.NFO,08/05/2025,13:05:23,24474.6,24474.1,75,24475,300,225,12978300
NIFTY-I.NFO,08/05/2025,13:05:25,24474.6,24474.7,75,24475,300,0,12978300
NIFTY-I.NFO,08/05/2025,13:05:27,24474.8,24474.8,75,24474.9,150,375,12978300
NIFTY-I.NFO,08/05/2025,13:05:28,24474.9,24474.5,75,24474.9,150,300,12978300
NIFTY-I.NFO,08/05/2025,13:05:30,24474.9,24474.3,150,24474.9,75,150,12978300
NIFTY-I.NFO,08/05/2025,13:05:32,24473.7,24474.2,75,24475,525,1350,12978300
NIFTY-I.NFO,08/05/2025,13:05:33,24474.9,24474.3,75,24475,225,75,12978300
NIFTY-I.NFO,08/05/2025,13:05:35,24474.6,24474.8,75,24474.9,150,75,12978300
NIFTY-I.NFO,08/05/2025,13:05:37,24474.6,24474.7,75,24474.9,150,0,12978300
NIFTY-I.NFO,08/05/2025,13:05:40,24474.7,24474.7,300,24474.9,150,75,12978300
NIFTY-I.NFO,08/05/2025,13:05:41,24474.7,24474.7,300,24474.9,150,0,12978300
NIFTY-I.NFO,08/05/2025,13:05:43,24474.9,24474.7,225,24474.9,150,150,12978300
NIFTY-I.NFO,08/05/2025,13:05:45,24474.9,24474.7,300,24474.9,150,0,12978300
NIFTY-I.NFO,08/05/2025,13:05:46,24474.7,24474.6,150,24474.9,150,225,12978300
NIFTY-I.NFO,08/05/2025,13:05:48,24474.7,24474.6,150,24474.9,150,0,12978300
NIFTY-I.NFO,08/05/2025,13:05:50,24474.9,24474.6,150,24474.7,150,75,12978300
NIFTY-I.NFO,08/05/2025,13:05:51,24474.6,24474.6,75,24474.9,75,75,12978300
NIFTY-I.NFO,08/05/2025,13:05:53,24474.6,24474.7,75,24474.9,75,0,12978300
NIFTY-I.NFO,08/05/2025,13:05:56,24474.2,24474.5,75,24474.9,75,375,12978300
NIFTY-I.NFO,08/05/2025,13:05:58,24474.9,24474.8,75,24474.9,150,75,12978300
NIFTY-I.NFO,08/05/2025,13:05:59,24475,24474.2,150,24475,75,525,12978300
NIFTY-I.NFO,08/05/2025,13:06:01,24475,24474.2,300,24475.7,75,150,12978300
NIFTY-I.NFO,08/05/2025,13:06:03,24473.9,24474.8,75,24475.2,375,975,12978300
NIFTY-I.NFO,08/05/2025,13:06:04,24474.7,24474.1,75,24475.4,375,150,12978300
NIFTY-I.NFO,08/05/2025,13:06:06,24474.7,24474.4,75,24474.9,75,0,12978300
NIFTY-I.NFO,08/05/2025,13:06:08,24474.4,24474.4,75,24474.8,75,75,12978300
NIFTY-I.NFO,08/05/2025,13:06:09,24474.4,24474.5,75,24474.8,75,0,12978300
NIFTY-I.NFO,08/05/2025,13:06:11,24474.5,24474.4,75,24474.5,75,75,12978300
NIFTY-I.NFO,08/05/2025,13:06:13,24474.4,24474.5,75,24475,150,75,12978300
NIFTY-I.NFO,08/05/2025,13:06:14,24474.4,24473.6,150,24474.5,75,0,12978300
NIFTY-I.NFO,08/05/2025,13:06:16,24473.6,24473.4,675,24474.5,150,150,12978300
NIFTY-I.NFO,08/05/2025,13:06:18,24473.6,24473.4,225,24474.5,150,0,12978300
NIFTY-I.NFO,08/05/2025,13:06:19,24473.6,24473.4,150,24474.5,150,0,12978300
NIFTY-I.NFO,08/05/2025,13:06:21,24473,24473,150,24474.3,375,300,12978300
NIFTY-I.NFO,08/05/2025,13:06:23,24473,24473,150,24474.4,375,0,12978300
NIFTY-I.NFO,08/05/2025,13:06:24,24473,24473,75,24474,225,75,12978300
NIFTY-I.NFO,08/05/2025,13:06:26,24473,24472.9,150,24473.8,150,150,12978300
NIFTY-I.NFO,08/05/2025,13:06:27,24473,24472.8,300,24473.8,150,150,12978300
NIFTY-I.NFO,08/05/2025,13:06:29,24473.8,24472.8,300,24473.7,150,75,12978300
NIFTY-I.NFO,08/05/2025,13:06:31,24472.9,24472.8,150,24472.9,75,300,12978300
NIFTY-I.NFO,08/05/2025,13:06:32,24472.8,24472.7,75,24472.9,150,225,12978300
NIFTY-I.NFO,08/05/2025,13:06:34,24472.5,24472.4,225,24472.5,75,450,12978300
NIFTY-I.NFO,08/05/2025,13:06:36,24472.1,24472.3,75,24472.5,75,150,12978300
NIFTY-I.NFO,08/05/2025,13:06:37,24472.1,24472.2,375,24472.5,150,0,12978300
NIFTY-I.NFO,08/05/2025,13:06:39,24472.2,24472.5,75,24472.9,75,225,12978300
NIFTY-I.NFO,08/05/2025,13:06:41,24473,24472.6,75,24473.4,150,300,12978300
NIFTY-I.NFO,08/05/2025,13:06:42,24472.7,24472.7,225,24474.2,450,75,12978300
NIFTY-I.NFO,08/05/2025,13:06:44,24472.7,24472.7,225,24474.2,225,0,12978300
NIFTY-I.NFO,08/05/2025,13:06:46,24472.7,24472.7,75,24473,525,150,12978300
NIFTY-I.NFO,08/05/2025,13:06:47,24472.7,24472.6,75,24473,675,75,12978300
NIFTY-I.NFO,08/05/2025,13:06:49,24473,24472.8,75,24474,75,600,12978300
NIFTY-I.NFO,08/05/2025,13:06:51,24473.6,24473,900,24473.6,150,75,12978300
NIFTY-I.NFO,08/05/2025,13:06:52,24473,24473,825,24473.5,150,75,12978300
NIFTY-I.NFO,08/05/2025,13:06:54,24473,24473,750,24474.2,225,75,12978300
NIFTY-I.NFO,08/05/2025,13:06:55,24473,24473,600,24473.7,150,150,12978300
NIFTY-I.NFO,08/05/2025,13:06:57,24475.1,24473,525,24475.1,75,150,12978300
NIFTY-I.NFO,08/05/2025,13:06:59,24475.1,24473,525,24475.2,750,75,12978900
NIFTY-I.NFO,08/05/2025,13:07:00,24473,24473,225,24475.1,450,300,12978900
NIFTY-I.NFO,08/05/2025,13:07:02,24473,24473,75,24474.9,450,150,12978900
NIFTY-I.NFO,08/05/2025,13:07:04,24473,24473,75,24474.9,450,0,12978900
NIFTY-I.NFO,08/05/2025,13:07:09,24473,24472,450,24474.1,450,300,12978900
NIFTY-I.NFO,08/05/2025,13:07:10,24472,24472,150,24474.1,450,225,12978900
NIFTY-I.NFO,08/05/2025,13:07:12,24471.3,24471.3,75,24473.5,600,225,12978900
NIFTY-I.NFO,08/05/2025,13:07:14,24471.3,24471.3,75,24473.4,450,0,12978900
NIFTY-I.NFO,08/05/2025,13:07:15,24471.1,24471,300,24473.1,450,1050,12978900
NIFTY-I.NFO,08/05/2025,13:07:17,24468.2,24466.3,225,24468.6,150,6450,12978900
NIFTY-I.NFO,08/05/2025,13:07:19,24468.6,24467.8,75,24468.9,150,300,12978900
NIFTY-I.NFO,08/05/2025,13:07:20,24467,24467.2,75,24470.9,150,975,12978900
NIFTY-I.NFO,08/05/2025,13:07:22,24466.8,24467,75,24470.5,450,75,12978900
NIFTY-I.NFO,08/05/2025,13:07:24,24466.8,24467.8,150,24470.5,150,0,12978900
NIFTY-I.NFO,08/05/2025,13:07:25,24470.7,24469.7,75,24470.9,150,675,12978900
NIFTY-I.NFO,08/05/2025,13:07:27,24469.7,24468,75,24472.1,1050,525,12978900
NIFTY-I.NFO,08/05/2025,13:07:29,24469.7,24468.4,150,24472.9,450,0,12978900
NIFTY-I.NFO,08/05/2025,13:07:30,24469.7,24468.5,150,24472.7,450,0,12978900
NIFTY-I.NFO,08/05/2025,13:07:32,24470,24468,300,24472.6,525,225,12978900
NIFTY-I.NFO,08/05/2025,13:07:33,24470,24468.6,675,24473.5,900,375,12978900
NIFTY-I.NFO,08/05/2025,13:07:35,24468.6,24468.3,300,24472.9,450,300,12978900
NIFTY-I.NFO,08/05/2025,13:07:37,24468.6,24468.5,150,24472.7,450,0,12978900
NIFTY-I.NFO,08/05/2025,13:07:39,24470,24468.8,450,24473.5,450,150,12978900
NIFTY-I.NFO,08/05/2025,13:07:40,24470,24468.3,75,24473.1,450,0,12978900
NIFTY-I.NFO,08/05/2025,13:07:42,24470,24468.6,150,24473.2,450,225,12978900
NIFTY-I.NFO,08/05/2025,13:07:44,24470,24468.7,450,24469.9,150,600,12978900
NIFTY-I.NFO,08/05/2025,13:07:45,24470,24468.8,675,24469.9,150,0,12978900
NIFTY-I.NFO,08/05/2025,13:07:47,24470,24468.7,150,24469.9,150,0,12978900
NIFTY-I.NFO,08/05/2025,13:07:48,24469.9,24468.6,150,24469.9,75,75,12978900
NIFTY-I.NFO,08/05/2025,13:07:50,24469.9,24468.7,825,24469.9,150,75,12978900
NIFTY-I.NFO,08/05/2025,13:07:52,24469.9,24469.1,600,24469.9,150,0,12978900
NIFTY-I.NFO,08/05/2025,13:07:53,24469.9,24469.1,225,24469.9,150,0,12978900
NIFTY-I.NFO,08/05/2025,13:07:55,24469.9,24469.2,300,24469.9,150,0,12978900
NIFTY-I.NFO,08/05/2025,13:07:58,24469.9,24469.3,300,24469.8,300,150,12978900
NIFTY-I.NFO,08/05/2025,13:08:00,24469.9,24469.2,75,24469.9,75,675,12978900
NIFTY-I.NFO,08/05/2025,13:08:01,24469.9,24469.3,75,24469.9,225,0,12978900
NIFTY-I.NFO,08/05/2025,13:08:03,24468.8,24468.8,150,24469.9,225,75,12978900
NIFTY-I.NFO,08/05/2025,13:08:05,24469.2,24468.6,150,24469.9,225,75,12978900
NIFTY-I.NFO,08/05/2025,13:08:06,24469.9,24468.9,525,24469.9,150,75,12978900
NIFTY-I.NFO,08/05/2025,13:08:08,24470.4,24469,450,24469.9,300,1725,12978900
NIFTY-I.NFO,08/05/2025,13:08:09,24469.2,24469,750,24469.9,375,225,12978900
NIFTY-I.NFO,08/05/2025,13:08:11,24469.9,24468.8,525,24469.9,300,525,12978900
NIFTY-I.NFO,08/05/2025,13:08:13,24469.9,24469.1,600,24469.9,300,0,12978900
NIFTY-I.NFO,08/05/2025,13:08:14,24469.9,24469.3,825,24469.8,150,150,12978900
NIFTY-I.NFO,08/05/2025,13:08:16,24469.9,24468.8,150,24469.7,450,0,12978900
NIFTY-I.NFO,08/05/2025,13:08:18,24469.6,24468.7,225,24469.6,150,150,12978900
NIFTY-I.NFO,08/05/2025,13:08:19,24469.6,24468.8,225,24469.6,150,0,12978900
NIFTY-I.NFO,08/05/2025,13:08:21,24468.6,24468.8,150,24469.6,450,150,12978900
NIFTY-I.NFO,08/05/2025,13:08:22,24468.6,24468.8,300,24469.5,225,225,12978900
NIFTY-I.NFO,08/05/2025,13:08:24,24468.8,24468.8,375,24469.4,225,75,12978900
NIFTY-I.NFO,08/05/2025,13:08:26,24468.8,24468.3,75,24469.4,525,0,12978900
NIFTY-I.NFO,08/05/2025,13:08:27,24468.3,24468,75,24468.7,225,75,12978900
NIFTY-I.NFO,08/05/2025,13:08:29,24472.2,24468,75,24468.6,300,750,12978900
NIFTY-I.NFO,08/05/2025,13:08:31,24472.2,24468,75,24468.6,375,0,12978900
NIFTY-I.NFO,08/05/2025,13:08:32,24468.6,24468.3,150,24468.6,300,75,12978900
NIFTY-I.NFO,08/05/2025,13:08:34,24468,24467.7,150,24468.6,300,225,12978900
NIFTY-I.NFO,08/05/2025,13:08:35,24468.6,24467.7,225,24468.5,300,75,12978900
NIFTY-I.NFO,08/05/2025,13:08:37,24468.4,24467.7,75,24468.4,225,225,12978900
NIFTY-I.NFO,08/05/2025,13:08:39,24467.7,24467,450,24467.7,75,300,12978900
NIFTY-I.NFO,08/05/2025,13:08:40,24468.3,24467,150,24468.3,225,150,12978900
NIFTY-I.NFO,08/05/2025,13:08:42,24468.3,24467.1,150,24468.3,75,675,12978900
NIFTY-I.NFO,08/05/2025,13:08:44,24468.5,24467.1,600,24468.6,75,150,12978900
NIFTY-I.NFO,08/05/2025,13:08:45,24471.6,24467,75,24468.9,75,150,12978900
NIFTY-I.NFO,08/05/2025,13:08:47,24467,24467,75,24468.9,75,75,12978900
NIFTY-I.NFO,08/05/2025,13:08:48,24469,24467.2,75,24468.9,150,300,12978900
NIFTY-I.NFO,08/05/2025,13:08:50,24468.9,24467.3,375,24468.9,75,75,12978900
NIFTY-I.NFO,08/05/2025,13:08:52,24467,24467,150,24471.6,450,600,12978900
NIFTY-I.NFO,08/05/2025,13:08:53,24467,24467,75,24471.6,450,75,12978900
NIFTY-I.NFO,08/05/2025,13:08:55,24467,24467.1,75,24471.6,450,0,12978900
NIFTY-I.NFO,08/05/2025,13:08:56,24466.7,24466.7,75,24470.9,450,150,12978900
NIFTY-I.NFO,08/05/2025,13:08:58,24468.9,24467,900,24468.9,150,450,12978900
NIFTY-I.NFO,08/05/2025,13:09:00,24468.9,24467,2700,24468.9,300,750,12978900
NIFTY-I.NFO,08/05/2025,13:09:01,24467,24467,2625,24468.9,300,75,12978900
NIFTY-I.NFO,08/05/2025,13:09:03,24467,24467,2625,24468.9,300,0,12978900
NIFTY-I.NFO,08/05/2025,13:09:05,24467,24467,1950,24468.9,375,675,12978900
NIFTY-I.NFO,08/05/2025,13:09:06,24467,24467,1650,24468.9,375,300,12978900
NIFTY-I.NFO,08/05/2025,13:09:08,24468.9,24467.5,375,24468.9,150,75,12978900
NIFTY-I.NFO,08/05/2025,13:09:09,24468.9,24467.4,375,24468.8,150,450,12978900
NIFTY-I.NFO,08/05/2025,13:09:11,24467.7,24467.7,375,24468,75,1200,12978900
NIFTY-I.NFO,08/05/2025,13:09:13,24470.3,24467.6,375,24470.8,150,900,12978900
NIFTY-I.NFO,08/05/2025,13:09:14,24470.4,24467.7,375,24470.8,150,1275,12978900
NIFTY-I.NFO,08/05/2025,13:09:16,24470.1,24468,75,24470.6,525,375,12978900
NIFTY-I.NFO,08/05/2025,13:09:17,24470.2,24470.3,75,24470.5,525,600,12978900
NIFTY-I.NFO,08/05/2025,13:09:19,24469.8,24468.2,75,24469.9,450,450,12978900
NIFTY-I.NFO,08/05/2025,13:09:21,24470.6,24468.3,225,24470.6,75,300,12978900
NIFTY-I.NFO,08/05/2025,13:09:22,24470.6,24470.6,225,24470.7,375,300,12978900
NIFTY-I.NFO,08/05/2025,13:09:24,24470.6,24470.6,75,24470.7,375,75,12978900
NIFTY-I.NFO,08/05/2025,13:09:26,24470.6,24470.5,150,24470.7,525,300,12978900
NIFTY-I.NFO,08/05/2025,13:09:27,24470.7,24467.6,300,24470.7,450,450,12978900
NIFTY-I.NFO,08/05/2025,13:09:29,24470.7,24468,750,24470.7,150,0,12978900
NIFTY-I.NFO,08/05/2025,13:09:32,24470.9,24470.3,150,24471.5,75,675,12978900
NIFTY-I.NFO,08/05/2025,13:09:33,24470.3,24470.3,75,24471.4,450,75,12978900
NIFTY-I.NFO,08/05/2025,13:09:35,24470.4,24470.5,225,24470.8,525,375,12978900
NIFTY-I.NFO,08/05/2025,13:09:37,24470.8,24470.5,150,24470.8,75,150,12978900
NIFTY-I.NFO,08/05/2025,13:09:38,24470.8,24470.7,225,24470.8,375,0,12978900
NIFTY-I.NFO,08/05/2025,13:09:40,24470.7,24470.7,75,24470.8,450,375,12978900
NIFTY-I.NFO,08/05/2025,13:09:41,24470.7,24468,750,24470.6,150,75,12978900
NIFTY-I.NFO,08/05/2025,13:09:46,24467.3,24468,150,24470.6,375,1725,12978900
NIFTY-I.NFO,08/05/2025,13:09:48,24468,24467.5,225,24470.6,450,225,12978900
NIFTY-I.NFO,08/05/2025,13:09:50,24469.9,24467.5,225,24469.9,75,75,12978900
NIFTY-I.NFO,08/05/2025,13:09:51,24467.5,24468,225,24469.9,75,75,12978900
NIFTY-I.NFO,08/05/2025,13:09:53,24468,24468,150,24469.9,75,75,12978900
NIFTY-I.NFO,08/05/2025,13:09:54,24468,24468,300,24469.9,75,150,12978900
NIFTY-I.NFO,08/05/2025,13:09:56,24469.4,24468,675,24469.9,75,75,12978900
NIFTY-I.NFO,08/05/2025,13:09:57,24469.4,24469.4,75,24469.9,75,75,12975600
NIFTY-I.NFO,08/05/2025,13:09:59,24469.8,24469.8,75,24469.9,75,75,12975600
NIFTY-I.NFO,08/05/2025,13:10:01,24469.7,24468,675,24469.7,600,75,12975600
NIFTY-I.NFO,08/05/2025,13:10:02,24469.8,24468,675,24469.8,75,525,12975600
NIFTY-I.NFO,08/05/2025,13:10:04,24468,24469.9,75,24470,225,150,12975600
NIFTY-I.NFO,08/05/2025,13:10:06,24468.1,24469.7,75,24469.9,1275,225,12975600
NIFTY-I.NFO,08/05/2025,13:10:07,24469,24469,75,24469.9,1275,300,12975600
NIFTY-I.NFO,08/05/2025,13:10:09,24470.8,24468.6,150,24470.9,150,675,12975600
NIFTY-I.NFO,08/05/2025,13:10:10,24470,24468.1,1425,24471,75,1050,12975600
NIFTY-I.NFO,08/05/2025,13:10:12,24469.7,24468.1,1125,24471,75,150,12975600
NIFTY-I.NFO,08/05/2025,13:10:13,24469.7,24468.1,1275,24471,75,75,12975600
NIFTY-I.NFO,08/05/2025,13:10:15,24469,24469.6,75,24470.9,450,300,12975600
NIFTY-I.NFO,08/05/2025,13:10:17,24469,24468.1,1125,24470.9,150,0,12975600
NIFTY-I.NFO,08/05/2025,13:10:18,24468.1,24468.1,600,24470.9,450,525,12975600
NIFTY-I.NFO,08/05/2025,13:10:20,24468.1,24468.1,600,24470.9,150,0,12975600
NIFTY-I.NFO,08/05/2025,13:10:22,24468.1,24468.1,600,24470.7,150,0,12975600
NIFTY-I.NFO,08/05/2025,13:10:23,24469,24469,225,24470.7,75,150,12975600
NIFTY-I.NFO,08/05/2025,13:10:25,24469,24469,225,24470.7,75,0,12975600
NIFTY-I.NFO,08/05/2025,13:10:26,24469,24469,225,24469.7,75,0,12975600
NIFTY-I.NFO,08/05/2025,13:10:28,24469,24469,300,24469.7,375,0,12975600
NIFTY-I.NFO,08/05/2025,13:10:30,24469.7,24469,450,24469.2,150,75,12975600
NIFTY-I.NFO,08/05/2025,13:10:31,24469.2,24469,375,24469.3,75,150,12975600
NIFTY-I.NFO,08/05/2025,13:10:33,24468.1,24468.1,150,24469,450,1125,12975600
NIFTY-I.NFO,08/05/2025,13:10:35,24469.3,24468.1,150,24470.9,150,675,12975600
NIFTY-I.NFO,08/05/2025,13:10:36,24469.1,24468.1,150,24469.1,150,150,12975600
NIFTY-I.NFO,08/05/2025,13:10:38,24469.2,24469.1,75,24470.9,75,300,12975600
NIFTY-I.NFO,08/05/2025,13:10:39,24469.2,24469.1,75,24470.9,75,0,12975600
NIFTY-I.NFO,08/05/2025,13:10:46,24469.2,24469.1,75,24470.7,75,0,12975600
NIFTY-I.NFO,08/05/2025,13:10:49,24470.7,24469.1,75,24470.7,150,75,12975600
NIFTY-I.NFO,08/05/2025,13:10:51,24469.1,24468.4,75,24470.7,150,75,12975600
NIFTY-I.NFO,08/05/2025,13:10:52,24470.2,24468.3,150,24470.7,450,150,12975600
NIFTY-I.NFO,08/05/2025,13:10:54,24470.2,24468.3,150,24470.7,450,0,12975600
NIFTY-I.NFO,08/05/2025,13:10:56,24468.3,24468.1,225,24470.7,150,75,12975600
NIFTY-I.NFO,08/05/2025,13:10:57,24470.7,24468.1,450,24470.7,75,75,12975600
NIFTY-I.NFO,08/05/2025,13:10:59,24468.1,24468.1,300,24470.7,75,75,12975600
NIFTY-I.NFO,08/05/2025,13:11:01,24471.3,24468.2,150,24471.1,150,450,12975600
NIFTY-I.NFO,08/05/2025,13:11:02,24471.3,24468.1,150,24471.1,150,0,12975600
NIFTY-I.NFO,08/05/2025,13:11:04,24471.3,24468.1,150,24471.1,450,0,12975600
NIFTY-I.NFO,08/05/2025,13:11:05,24471.3,24468.1,150,24470.7,450,0,12975600
NIFTY-I.NFO,08/05/2025,13:11:07,24468.1,24468,525,24470.7,75,225,12975600
NIFTY-I.NFO,08/05/2025,13:11:09,24469.9,24468,525,24470,1050,225,12975600
NIFTY-I.NFO,08/05/2025,13:11:10,24469.9,24469.8,75,24469.9,150,0,12975600
NIFTY-I.NFO,08/05/2025,13:11:12,24469.9,24469.6,75,24469.9,225,375,12975600
NIFTY-I.NFO,08/05/2025,13:11:13,24469.6,24468.1,75,24469.9,150,75,12975600
NIFTY-I.NFO,08/05/2025,13:11:15,24469.6,24469.5,75,24469.9,150,0,12975600
NIFTY-I.NFO,08/05/2025,13:11:18,24469.7,24469.4,75,24469.7,75,75,12975600
NIFTY-I.NFO,08/05/2025,13:11:20,24469.7,24469.1,75,24469.7,75,0,12975600
NIFTY-I.NFO,08/05/2025,13:11:21,24469.7,24469.2,75,24469.7,75,0,12975600
NIFTY-I.NFO,08/05/2025,13:11:23,24469.7,24469.3,75,24469.7,150,75,12975600
NIFTY-I.NFO,08/05/2025,13:11:25,24469.7,24469.1,75,24469.7,150,0,12975600
NIFTY-I.NFO,08/05/2025,13:11:26,24469.1,24468.9,75,24469.7,450,75,12975600
NIFTY-I.NFO,08/05/2025,13:11:28,24469.1,24469.2,75,24469.7,150,0,12975600
NIFTY-I.NFO,08/05/2025,13:11:30,24469.6,24469.6,75,24469.7,150,75,12975600
NIFTY-I.NFO,08/05/2025,13:11:31,24469,24468,825,24469,525,750,12975600
NIFTY-I.NFO,08/05/2025,13:11:33,24468,24468,525,24469,75,750,12975600
NIFTY-I.NFO,08/05/2025,13:11:35,24469,24468,450,24469.8,225,150,12975600
NIFTY-I.NFO,08/05/2025,13:11:36,24469.5,24468,450,24469.5,75,75,12975600
NIFTY-I.NFO,08/05/2025,13:11:38,24469.5,24468.1,75,24469.5,75,0,12975600
NIFTY-I.NFO,08/05/2025,13:11:40,24469.6,24469.6,75,24469.7,150,225,12975600
NIFTY-I.NFO,08/05/2025,13:11:41,24469.6,24468.7,75,24469.7,150,75,12975600
NIFTY-I.NFO,08/05/2025,13:11:43,24469.6,24469.4,75,24469.7,150,0,12975600
NIFTY-I.NFO,08/05/2025,13:11:44,24469.6,24469.5,75,24469.7,150,0,12975600
NIFTY-I.NFO,08/05/2025,13:11:46,24469.6,24469.3,75,24469.7,150,0,12975600
NIFTY-I.NFO,08/05/2025,13:11:48,24469.6,24469.6,75,24469.7,75,150,12975600
NIFTY-I.NFO,08/05/2025,13:11:49,24469.6,24469.6,75,24469.7,75,0,12975600
NIFTY-I.NFO,08/05/2025,13:11:57,24469.6,24469.1,75,24469.7,150,150,12975600
NIFTY-I.NFO,08/05/2025,13:11:59,24469.7,24469.1,75,24469.7,75,75,12975600
NIFTY-I.NFO,08/05/2025,13:12:01,24469.7,24469.2,75,24469.7,150,75,12975600
NIFTY-I.NFO,08/05/2025,13:12:02,24469.3,24469.3,75,24469.7,150,75,12975600
NIFTY-I.NFO,08/05/2025,13:12:04,24469.7,24469.1,75,24469.8,75,150,12975600
NIFTY-I.NFO,08/05/2025,13:12:06,24471.4,24469.8,75,24471.8,150,525,12975600
NIFTY-I.NFO,08/05/2025,13:12:07,24469.8,24469.1,75,24471.6,750,75,12975600
NIFTY-I.NFO,08/05/2025,13:12:09,24469.8,24469.1,75,24471.6,750,0,12975600
NIFTY-I.NFO,08/05/2025,13:12:11,24469.1,24468.1,75,24471.6,750,75,12975600
NIFTY-I.NFO,08/05/2025,13:12:12,24468.1,24468,300,24471.6,750,75,12975600
NIFTY-I.NFO,08/05/2025,13:12:14,24468.1,24468,300,24471.6,750,0,12975600
NIFTY-I.NFO,08/05/2025,13:12:16,24468.1,24468.1,150,24471.6,750,0,12975600
NIFTY-I.NFO,08/05/2025,13:12:19,24468.1,24468.1,150,24470.3,150,0,12975600
NIFTY-I.NFO,08/05/2025,13:12:20,24468.1,24467.5,150,24469.7,450,375,12975600
NIFTY-I.NFO,08/05/2025,13:12:22,24468.1,24467.5,150,24469.5,450,0,12975600
NIFTY-I.NFO,08/05/2025,13:12:24,24465,24465,75,24466.2,150,3750,12975600
NIFTY-I.NFO,08/05/2025,13:12:25,24464.9,24464.2,300,24466.2,450,150,12975600
NIFTY-I.NFO,08/05/2025,13:12:27,24464.7,24463.4,75,24465.7,150,825,12975600
NIFTY-I.NFO,08/05/2025,13:12:29,24464.9,24463.4,75,24464.9,75,75,12975600
NIFTY-I.NFO,08/05/2025,13:12:30,24462,24462,75,24463.2,75,600,12975600
NIFTY-I.NFO,08/05/2025,13:12:32,24465.2,24461.9,75,24465.1,150,1275,12975600
NIFTY-I.NFO,08/05/2025,13:12:34,24464.9,24461.9,75,24464.9,450,75,12975600
NIFTY-I.NFO,08/05/2025,13:12:35,24464.9,24464.8,75,24465.5,450,0,12975600
NIFTY-I.NFO,08/05/2025,13:12:37,24464.8,24461.9,75,24464.8,450,75,12975600
NIFTY-I.NFO,08/05/2025,13:12:38,24460.4,24460,2400,24462.8,825,5550,12975600
NIFTY-I.NFO,08/05/2025,13:12:40,24462,24460,2400,24461.6,150,150,12975600
NIFTY-I.NFO,08/05/2025,13:12:42,24463.6,24460.1,1200,24463,150,2325,12975600
NIFTY-I.NFO,08/05/2025,13:12:43,24460.1,24460,900,24461.9,150,1275,12975600
NIFTY-I.NFO,08/05/2025,13:12:45,24460,24460,825,24461.8,150,450,12975600
NIFTY-I.NFO,08/05/2025,13:12:47,24459.2,24459.2,375,24461.7,75,4125,12975600
NIFTY-I.NFO,08/05/2025,13:12:48,24460,24459.1,450,24461.7,150,150,12975600
NIFTY-I.NFO,08/05/2025,13:12:50,24459.9,24458.4,450,24460,225,525,12975600
NIFTY-I.NFO,08/05/2025,13:12:51,24459.9,24458.9,75,24460,1350,600,12975600
NIFTY-I.NFO,08/05/2025,13:12:53,24459.8,24459.7,150,24459.9,75,150,12975600
NIFTY-I.NFO,08/05/2025,13:12:55,24460,24459.6,150,24460,5700,375,12975600
NIFTY-I.NFO,08/05/2025,13:12:56,24460,24459.5,75,24460,5325,600,12975600
NIFTY-I.NFO,08/05/2025,13:12:58,24459.5,24458.9,75,24460,4725,675,12975600
NIFTY-I.NFO,08/05/2025,13:12:59,24460,24458.9,150,24460,4500,225,12970500
NIFTY-I.NFO,08/05/2025,13:13:01,24458.4,24458.2,75,24460,4350,1800,12970500
NIFTY-I.NFO,08/05/2025,13:13:03,24458.4,24458.2,225,24460,4350,0,12970500
NIFTY-I.NFO,08/05/2025,13:13:04,24460,24459,75,24460,4275,825,12970500
NIFTY-I.NFO,08/05/2025,13:13:06,24460,24459.3,150,24460,4125,300,12970500
NIFTY-I.NFO,08/05/2025,13:13:07,24460,24459.2,450,24460,4200,225,12970500
NIFTY-I.NFO,08/05/2025,13:13:09,24460,24459.8,75,24460,3450,1875,12970500
NIFTY-I.NFO,08/05/2025,13:13:11,24459.8,24459.6,225,24460,3450,150,12970500
NIFTY-I.NFO,08/05/2025,13:13:12,24459.9,24458.9,300,24460,3450,150,12970500
NIFTY-I.NFO,08/05/2025,13:13:14,24460,24459.6,75,24460,3300,150,12970500
NIFTY-I.NFO,08/05/2025,13:13:15,24460,24459.4,300,24460,2850,450,12970500
NIFTY-I.NFO,08/05/2025,13:13:17,24460,24459.5,375,24460,2400,675,12970500
NIFTY-I.NFO,08/05/2025,13:13:19,24460,24459.7,75,24460,1650,825,12970500
NIFTY-I.NFO,08/05/2025,13:13:20,24459.8,24459,375,24460,1425,3300,12970500
NIFTY-I.NFO,08/05/2025,13:13:22,24460,24460,750,24462.2,225,1425,12970500
NIFTY-I.NFO,08/05/2025,13:13:24,24460,24460,750,24462.1,150,0,12970500
NIFTY-I.NFO,08/05/2025,13:13:25,24462.1,24460,450,24462.1,75,75,12970500
NIFTY-I.NFO,08/05/2025,13:13:27,24460,24459.7,1800,24460,750,825,12970500
NIFTY-I.NFO,08/05/2025,13:13:29,24459.7,24459.7,1725,24460,750,150,12970500
NIFTY-I.NFO,08/05/2025,13:13:30,24460,24459.7,1425,24460,675,375,12970500
NIFTY-I.NFO,08/05/2025,13:13:32,24460,24459.7,1725,24462.1,75,675,12970500
NIFTY-I.NFO,08/05/2025,13:13:34,24460,24460,150,24462.1,75,0,12970500
NIFTY-I.NFO,08/05/2025,13:13:35,24460,24459.7,1425,24460,3825,300,12970500
NIFTY-I.NFO,08/05/2025,13:13:37,24459.7,24459.8,75,24460,3750,600,12970500
NIFTY-I.NFO,08/05/2025,13:13:38,24460,24459.1,150,24460,3600,1200,12970500
NIFTY-I.NFO,08/05/2025,13:13:40,24463,24459.9,75,24464.7,600,3825,12970500
NIFTY-I.NFO,08/05/2025,13:13:42,24460,24459.8,75,24460,750,675,12970500
NIFTY-I.NFO,08/05/2025,13:13:43,24460,24459.8,75,24460,975,825,12970500
NIFTY-I.NFO,08/05/2025,13:13:45,24460,24459.8,75,24460,975,150,12970500
NIFTY-I.NFO,08/05/2025,13:13:47,24460,24459.8,375,24460,600,450,12970500
NIFTY-I.NFO,08/05/2025,13:13:48,24464.9,24460,300,24465.5,600,825,12970500
NIFTY-I.NFO,08/05/2025,13:13:50,24460,24459.7,150,24465.1,975,375,12970500
NIFTY-I.NFO,08/05/2025,13:13:52,24460,24459.7,150,24464.6,600,375,12970500
NIFTY-I.NFO,08/05/2025,13:13:53,24459.7,24459.6,75,24464.3,600,225,12970500
NIFTY-I.NFO,08/05/2025,13:13:55,24459.6,24459.2,450,24464.4,150,75,12970500
NIFTY-I.NFO,08/05/2025,13:13:57,24459.6,24460,75,24464.2,150,0,12970500
NIFTY-I.NFO,08/05/2025,13:13:58,24460,24460,375,24463.8,450,75,12970500
NIFTY-I.NFO,08/05/2025,13:14:00,24460,24459.2,675,24460,75,675,12970500
NIFTY-I.NFO,08/05/2025,13:14:02,24464.5,24459.8,75,24464.7,600,450,12970500
NIFTY-I.NFO,08/05/2025,13:14:03,24464.3,24459.6,375,24460,75,375,12970500
NIFTY-I.NFO,08/05/2025,13:14:05,24460,24459.4,225,24460,2850,525,12970500
NIFTY-I.NFO,08/05/2025,13:14:07,24460,24459.4,150,24460,1875,1200,12970500
NIFTY-I.NFO,08/05/2025,13:14:08,24460,24460.8,75,24464.7,600,2250,12970500
NIFTY-I.NFO,08/05/2025,13:14:10,24460,24459.2,525,24464,375,525,12970500
NIFTY-I.NFO,08/05/2025,13:14:12,24460,24460,375,24464,75,150,12970500
NIFTY-I.NFO,08/05/2025,13:14:13,24460,24460,450,24464,75,0,12970500
NIFTY-I.NFO,08/05/2025,13:14:15,24464,24460,225,24464,150,600,12970500
NIFTY-I.NFO,08/05/2025,13:14:17,24460.1,24460.1,1575,24464,150,225,12970500
NIFTY-I.NFO,08/05/2025,13:14:18,24460.1,24460.1,1500,24464,150,75,12970500
NIFTY-I.NFO,08/05/2025,13:14:20,24464,24460.1,1500,24464,75,75,12970500
NIFTY-I.NFO,08/05/2025,13:14:23,24464,24460.2,75,24463.8,375,0,12970500
NIFTY-I.NFO,08/05/2025,13:14:25,24460.1,24460.1,1275,24463.6,150,450,12970500
NIFTY-I.NFO,08/05/2025,13:14:26,24460.1,24460.1,900,24463.6,150,375,12970500
NIFTY-I.NFO,08/05/2025,13:14:28,24460.1,24461.3,75,24463.5,75,75,12970500
NIFTY-I.NFO,08/05/2025,13:14:30,24461.2,24461.4,600,24463.5,75,375,12970500
NIFTY-I.NFO,08/05/2025,13:14:31,24461.2,24461.9,150,24463.5,150,0,12970500
NIFTY-I.NFO,08/05/2025,13:14:33,24461.9,24461.7,75,24463.5,75,75,12970500
NIFTY-I.NFO,08/05/2025,13:14:35,24461.9,24461.7,75,24463.5,75,0,12970500
NIFTY-I.NFO,08/05/2025,13:14:36,24461.9,24462,75,24463.5,1275,0,12970500
NIFTY-I.NFO,08/05/2025,13:14:39,24461.9,24462,150,24463.5,225,0,12970500
NIFTY-I.NFO,08/05/2025,13:14:41,24463.5,24462,150,24463.9,150,75,12970500
NIFTY-I.NFO,08/05/2025,13:14:43,24461.9,24460.8,75,24463.9,150,225,12970500
NIFTY-I.NFO,08/05/2025,13:14:44,24461.9,24460.8,75,24463.9,225,0,12970500
NIFTY-I.NFO,08/05/2025,13:14:46,24463.9,24460.9,375,24463.9,1125,150,12970500
NIFTY-I.NFO,08/05/2025,13:14:48,24463.9,24460.9,375,24463.9,1200,0,12970500
NIFTY-I.NFO,08/05/2025,13:14:49,24463,24461.2,375,24463,1050,150,12970500
NIFTY-I.NFO,08/05/2025,13:14:51,24463,24461.2,375,24463,1050,0,12970500
NIFTY-I.NFO,08/05/2025,13:14:52,24461.9,24461.2,375,24461.9,300,75,12970500
NIFTY-I.NFO,08/05/2025,13:14:54,24461.9,24461.2,375,24461.9,150,150,12970500
NIFTY-I.NFO,08/05/2025,13:14:56,24461.1,24462.5,75,24462.9,150,375,12970500
NIFTY-I.NFO,08/05/2025,13:14:57,24461.1,24462.3,75,24462.8,150,0,12970500
NIFTY-I.NFO,08/05/2025,13:14:59,24462.8,24462.7,75,24462.8,75,150,12970500
NIFTY-I.NFO,08/05/2025,13:15:00,24463,24462.5,75,24463,900,225,12970500
NIFTY-I.NFO,08/05/2025,13:15:02,24461.8,24461.1,150,24462,825,300,12970500
NIFTY-I.NFO,08/05/2025,13:15:04,24461,24461,225,24461.9,825,375,12970500
NIFTY-I.NFO,08/05/2025,13:15:05,24460.2,24460.2,300,24461.9,525,450,12970500
NIFTY-I.NFO,08/05/2025,13:15:07,24461.9,24460.1,900,24460.2,75,600,12970500
NIFTY-I.NFO,08/05/2025,13:15:09,24460.1,24460.1,750,24461.9,75,600,12970500
NIFTY-I.NFO,08/05/2025,13:15:10,24460.1,24460,1500,24460.1,150,750,12970500
NIFTY-I.NFO,08/05/2025,13:15:12,24460,24460,1425,24462.9,75,450,12970500
NIFTY-I.NFO,08/05/2025,13:15:14,24460,24460,900,24462.7,450,1350,12970500
NIFTY-I.NFO,08/05/2025,13:15:15,24460,24460,600,24462.7,450,450,12970500
NIFTY-I.NFO,08/05/2025,13:15:17,24460,24460,525,24462.7,150,75,12970500
NIFTY-I.NFO,08/05/2025,13:15:19,24460,24460,375,24462.7,150,225,12970500
NIFTY-I.NFO,08/05/2025,13:15:20,24460,24460,375,24462.7,225,0,12970500
NIFTY-I.NFO,08/05/2025,13:15:22,24461.7,24460.1,900,24462.7,150,375,12970500
NIFTY-I.NFO,08/05/2025,13:15:24,24460,24460,525,24462.4,75,1275,12970500
NIFTY-I.NFO,08/05/2025,13:15:25,24460,24459.8,75,24460,375,825,12970500
NIFTY-I.NFO,08/05/2025,13:15:27,24460,24459.5,75,24460,375,300,12970500
NIFTY-I.NFO,08/05/2025,13:15:29,24459,24459,300,24460,150,600,12970500
NIFTY-I.NFO,08/05/2025,13:15:30,24460,24459.5,1125,24460,525,3750,12970500
NIFTY-I.NFO,08/05/2025,13:15:32,24460,24459.5,1125,24460,1425,75,12970500
NIFTY-I.NFO,08/05/2025,13:15:34,24460,24459.8,75,24460,675,825,12970500
NIFTY-I.NFO,08/05/2025,13:15:35,24460,24460,675,24460.1,75,825,12970500
NIFTY-I.NFO,08/05/2025,13:15:37,24460.1,24460,750,24462.7,150,450,12970500
NIFTY-I.NFO,08/05/2025,13:15:38,24460,24460,225,24462.7,150,525,12970500
NIFTY-I.NFO,08/05/2025,13:15:40,24459.9,24459.5,75,24460,750,450,12970500
NIFTY-I.NFO,08/05/2025,13:15:42,24459.8,24459.5,75,24459.8,375,150,12970500
NIFTY-I.NFO,08/05/2025,13:15:43,24460,24459.8,150,24460,675,675,12970500
NIFTY-I.NFO,08/05/2025,13:15:45,24459.8,24459.7,75,24460,375,675,12970500
NIFTY-I.NFO,08/05/2025,13:15:47,24459.9,24460,225,24463.4,375,600,12970500
NIFTY-I.NFO,08/05/2025,13:15:48,24459.9,24460,375,24463.4,525,0,12970500
NIFTY-I.NFO,08/05/2025,13:15:50,24460,24459.9,375,24460.1,150,450,12970500
NIFTY-I.NFO,08/05/2025,13:15:52,24460,24459.7,150,24460,525,750,12970500
NIFTY-I.NFO,08/05/2025,13:15:53,24459.7,24459.3,75,24462.3,600,1500,12970500
NIFTY-I.NFO,08/05/2025,13:15:55,24459.7,24460,225,24462.2,150,0,12970500
NIFTY-I.NFO,08/05/2025,13:15:57,24459.7,24460,150,24462.8,150,375,12970500
NIFTY-I.NFO,08/05/2025,13:15:58,24460,24459.3,75,24459.9,150,150,12971250
NIFTY-I.NFO,08/05/2025,13:16:00,24460,24460,300,24462.7,150,1200,12971250
NIFTY-I.NFO,08/05/2025,13:16:01,24460,24460,300,24462.3,150,0,12971250
NIFTY-I.NFO,08/05/2025,13:16:03,24459.2,24460,150,24462.3,150,525,12971250
NIFTY-I.NFO,08/05/2025,13:16:05,24456.5,24456.5,150,24456.9,150,2475,12971250
NIFTY-I.NFO,08/05/2025,13:16:06,24456,24456.5,75,24456.8,150,675,12971250
NIFTY-I.NFO,08/05/2025,13:16:08,24456.9,24456.4,75,24456.9,75,2400,12971250
NIFTY-I.NFO,08/05/2025,13:16:10,24456.8,24456.4,75,24456.8,75,525,12971250
NIFTY-I.NFO,08/05/2025,13:16:11,24456.3,24456.1,75,24456.3,750,375,12971250
NIFTY-I.NFO,08/05/2025,13:16:13,24456.2,24455,75,24456.1,150,900,12971250
NIFTY-I.NFO,08/05/2025,13:16:15,24454.5,24454,600,24454.9,150,225,12971250
NIFTY-I.NFO,08/05/2025,13:16:16,24454.5,24454.1,900,24454.7,150,0,12971250
NIFTY-I.NFO,08/05/2025,13:16:18,24454.7,24454.1,900,24454.7,150,150,12971250
NIFTY-I.NFO,08/05/2025,13:16:20,24454.7,24454.1,900,24454.7,150,0,12971250
NIFTY-I.NFO,08/05/2025,13:16:21,24454.1,24454.1,825,24454.8,75,150,12971250
NIFTY-I.NFO,08/05/2025,13:16:23,24454.1,24454.1,825,24454.8,75,0,12971250
NIFTY-I.NFO,08/05/2025,13:16:25,24454.1,24454.1,900,24454.7,75,75,12971250
NIFTY-I.NFO,08/05/2025,13:16:26,24454.6,24454.4,300,24455,525,600,12971250
NIFTY-I.NFO,08/05/2025,13:16:28,24455,24454.4,150,24456.9,150,1950,12971250
NIFTY-I.NFO,08/05/2025,13:16:30,24455,24454.4,75,24454.9,75,225,12971250
NIFTY-I.NFO,08/05/2025,13:16:31,24454.9,24454.5,375,24454.9,375,150,12971250
NIFTY-I.NFO,08/05/2025,13:16:33,24454.1,24454.1,225,24456.9,450,1425,12971250
NIFTY-I.NFO,08/05/2025,13:16:34,24456.9,24455,900,24458,300,450,12971250
NIFTY-I.NFO,08/05/2025,13:16:36,24456.9,24455,900,24456.8,75,0,12971250
NIFTY-I.NFO,08/05/2025,13:16:38,24456.9,24455,900,24455.9,75,0,12971250
NIFTY-I.NFO,08/05/2025,13:16:39,24455,24454.5,75,24455,75,75,12971250
NIFTY-I.NFO,08/05/2025,13:16:41,24454.5,24454.5,75,24456,150,150,12971250
NIFTY-I.NFO,08/05/2025,13:16:43,24454.5,24454.2,225,24456,225,0,12971250
NIFTY-I.NFO,08/05/2025,13:16:44,24454.3,24454.2,150,24456,150,150,12971250
NIFTY-I.NFO,08/05/2025,13:16:46,24454.1,24454.2,150,24456,150,300,12971250
NIFTY-I.NFO,08/05/2025,13:16:48,24454.1,24454.4,150,24456,225,0,12971250
NIFTY-I.NFO,08/05/2025,13:16:49,24454.4,24454.5,150,24456,75,75,12971250
NIFTY-I.NFO,08/05/2025,13:16:51,24454.5,24454.3,150,24456,75,300,12971250
NIFTY-I.NFO,08/05/2025,13:16:52,24454.4,24454.2,75,24455.9,375,150,12971250
NIFTY-I.NFO,08/05/2025,13:16:54,24454.4,24455,1800,24456,300,75,12971250
NIFTY-I.NFO,08/05/2025,13:16:56,24455,24455,1575,24455.9,150,225,12971250
NIFTY-I.NFO,08/05/2025,13:16:57,24455,24454.4,225,24455.9,150,225,12971250
NIFTY-I.NFO,08/05/2025,13:16:59,24454.4,24454.2,75,24455.9,150,300,12971250
NIFTY-I.NFO,08/05/2025,13:17:01,24454.4,24454.2,75,24455.9,150,75,12971250
NIFTY-I.NFO,08/05/2025,13:17:02,24454.4,24455,75,24455.9,150,0,12971250
NIFTY-I.NFO,08/05/2025,13:17:04,24455.9,24455,75,24455.9,150,150,12971250
NIFTY-I.NFO,08/05/2025,13:17:05,24454.9,24454.4,75,24454.9,75,150,12971250
NIFTY-I.NFO,08/05/2025,13:17:07,24455,24455,75,24455.9,150,450,12971250
NIFTY-I.NFO,08/05/2025,13:17:09,24455,24454.4,75,24454.9,150,75,12971250
NIFTY-I.NFO,08/05/2025,13:17:10,24453.9,24452,600,24453.8,450,2025,12971250
NIFTY-I.NFO,08/05/2025,13:17:12,24453.9,24452,600,24453.8,150,0,12971250
NIFTY-I.NFO,08/05/2025,13:17:13,24453.9,24453,375,24453.8,150,0,12971250
NIFTY-I.NFO,08/05/2025,13:17:15,24453.8,24453,600,24453.7,150,450,12971250
NIFTY-I.NFO,08/05/2025,13:17:17,24453.7,24453,600,24453.6,150,150,12971250
NIFTY-I.NFO,08/05/2025,13:17:18,24453,24453,450,24453.5,150,150,12971250
NIFTY-I.NFO,08/05/2025,13:17:20,24453,24452.1,75,24452.9,150,1350,12971250
NIFTY-I.NFO,08/05/2025,13:17:22,24451.6,24451.6,300,24452.9,450,1725,12971250
NIFTY-I.NFO,08/05/2025,13:17:23,24451.6,24451.2,750,24451.6,300,300,12971250
NIFTY-I.NFO,08/05/2025,13:17:25,24451.2,24451.2,600,24451.6,375,150,12971250
NIFTY-I.NFO,08/05/2025,13:17:27,24451.2,24451.1,900,24452,150,600,12971250
NIFTY-I.NFO,08/05/2025,13:17:28,24451.2,24451.1,900,24451.2,150,0,12971250
NIFTY-I.NFO,08/05/2025,13:17:30,24451.1,24451,1575,24451.2,375,975,12971250
NIFTY-I.NFO,08/05/2025,13:17:32,24450.1,24450.1,4800,24451,450,3300,12971250
NIFTY-I.NFO,08/05/2025,13:17:33,24450.5,24450.1,3000,24450.8,75,150,12971250
NIFTY-I.NFO,08/05/2025,13:17:35,24450.4,24450.1,2925,24450.4,1050,150,12971250
NIFTY-I.NFO,08/05/2025,13:17:37,24450.1,24450.1,450,24450.2,375,2550,12971250
NIFTY-I.NFO,08/05/2025,13:17:38,24446,24445.2,75,24446,11625,22875,12971250
NIFTY-I.NFO,08/05/2025,13:17:38,24444.1,24445.2,75,24446,11625,0,12971250
NIFTY-I.NFO,08/05/2025,13:17:40,24446,24445.2,75,24446,11175,1125,12971250
NIFTY-I.NFO,08/05/2025,13:17:42,24446,24444.8,375,24445.9,75,2325,12971250
NIFTY-I.NFO,08/05/2025,13:17:43,24446,24445.1,75,24446,8700,1650,12971250
NIFTY-I.NFO,08/05/2025,13:17:45,24445.6,24445.6,750,24447,1950,9675,12971250
NIFTY-I.NFO,08/05/2025,13:17:47,24445.6,24445.5,75,24445.6,525,225,12971250
NIFTY-I.NFO,08/05/2025,13:17:48,24445.4,24445.4,150,24445.8,75,2250,12971250
NIFTY-I.NFO,08/05/2025,13:17:50,24445.1,24445.2,750,24447,1950,975,12971250
NIFTY-I.NFO,08/05/2025,13:17:52,24445.4,24445.1,75,24447,1875,450,12971250
NIFTY-I.NFO,08/05/2025,13:17:53,24445.6,24445.4,150,24447,1875,75,12971250
NIFTY-I.NFO,08/05/2025,13:17:55,24445.3,24445.2,150,24446,1425,1050,12971250
NIFTY-I.NFO,08/05/2025,13:17:57,24445,24445.3,225,24446,1425,375,12971250
NIFTY-I.NFO,08/05/2025,13:17:58,24446,24445.3,225,24446,1125,450,12971250
NIFTY-I.NFO,08/05/2025,13:18:00,24446,24446,1650,24447.8,900,1425,12971250
NIFTY-I.NFO,08/05/2025,13:18:02,24445.6,24445.6,150,24447.8,900,1725,12971250
NIFTY-I.NFO,08/05/2025,13:18:03,24446,24445.7,300,24447.8,1200,600,12971250
NIFTY-I.NFO,08/05/2025,13:18:05,24445.6,24445.5,225,24447.8,750,975,12971250
NIFTY-I.NFO,08/05/2025,13:18:07,24447.8,24446,225,24447.8,525,450,12971250
NIFTY-I.NFO,08/05/2025,13:18:08,24447.8,24446,225,24447.8,450,225,12971250
NIFTY-I.NFO,08/05/2025,13:18:10,24448,24445.3,75,24448,75,1800,12971250
NIFTY-I.NFO,08/05/2025,13:18:12,24448,24445.3,75,24448,375,300,12971250
NIFTY-I.NFO,08/05/2025,13:18:13,24448,24445.3,75,24448,450,0,12971250
NIFTY-I.NFO,08/05/2025,13:18:15,24448,24445.3,75,24448,525,0,12971250
NIFTY-I.NFO,08/05/2025,13:18:17,24447.8,24445.3,75,24447.8,75,525,12971250
NIFTY-I.NFO,08/05/2025,13:18:18,24447.8,24445.4,150,24447.8,525,450,12971250
NIFTY-I.NFO,08/05/2025,13:18:20,24445.4,24445.5,1725,24447.8,525,225,12971250
NIFTY-I.NFO,08/05/2025,13:18:22,24448,24445.5,900,24448,225,1575,12971250
NIFTY-I.NFO,08/05/2025,13:18:23,24447.8,24445.5,975,24447.8,450,150,12971250
NIFTY-I.NFO,08/05/2025,13:18:25,24447.8,24445.5,975,24447.8,300,150,12971250
NIFTY-I.NFO,08/05/2025,13:18:27,24447.8,24447.8,1575,24449,225,1650,12971250
NIFTY-I.NFO,08/05/2025,13:18:28,24447.8,24447.8,1575,24449,675,75,12971250
NIFTY-I.NFO,08/05/2025,13:18:30,24447.8,24447.8,1125,24448.9,450,600,12971250
NIFTY-I.NFO,08/05/2025,13:18:32,24448.7,24447.8,900,24448.8,150,600,12971250
NIFTY-I.NFO,08/05/2025,13:18:33,24448.7,24447.8,750,24448.7,75,375,12971250
NIFTY-I.NFO,08/05/2025,13:18:35,24448.7,24447.8,750,24448.6,150,75,12971250
NIFTY-I.NFO,08/05/2025,13:18:37,24448.6,24447.8,750,24448.4,75,75,12971250
NIFTY-I.NFO,08/05/2025,13:18:38,24447.8,24447.8,300,24448.4,150,525,12971250
NIFTY-I.NFO,08/05/2025,13:18:40,24447.8,24447.8,75,24448.8,450,525,12971250
NIFTY-I.NFO,08/05/2025,13:18:42,24447.8,24447.5,75,24447.7,150,75,12971250
NIFTY-I.NFO,08/05/2025,13:18:43,24447,24446,75,24447,825,300,12971250
NIFTY-I.NFO,08/05/2025,13:18:45,24447,24445.5,900,24447,675,450,12971250
NIFTY-I.NFO,08/05/2025,13:18:47,24447,24445.5,900,24446.9,150,75,12971250
NIFTY-I.NFO,08/05/2025,13:18:48,24446.8,24445.5,525,24446.9,300,450,12971250
NIFTY-I.NFO,08/05/2025,13:18:50,24445.5,24445.5,300,24446.8,150,225,12971250
NIFTY-I.NFO,08/05/2025,13:18:52,24445.5,24445.5,300,24446.7,150,0,12971250
NIFTY-I.NFO,08/05/2025,13:18:53,24446,24445.5,150,24446.9,300,225,12971250
NIFTY-I.NFO,08/05/2025,13:18:55,24447,24446.8,1050,24447,375,600,12971250
NIFTY-I.NFO,08/05/2025,13:18:57,24448.9,24446.8,1050,24448.9,150,825,12971250
NIFTY-I.NFO,08/05/2025,13:18:58,24447,24446.8,1050,24449,225,1125,12971250
NIFTY-I.NFO,08/05/2025,13:19:00,24447,24446.8,1050,24447,300,0,12957750
NIFTY-I.NFO,08/05/2025,13:19:02,24446.8,24446.8,600,24449,225,450,12957750
NIFTY-I.NFO,08/05/2025,13:19:03,24445.6,24445.6,75,24448.6,300,1050,12957750
NIFTY-I.NFO,08/05/2025,13:19:05,24445.6,24445.6,75,24448.6,525,0,12957750
NIFTY-I.NFO,08/05/2025,13:19:06,24449,24446.1,1800,24449,225,375,12957750
NIFTY-I.NFO,08/05/2025,13:19:08,24448,24447.4,150,24449.6,75,375,12957750
NIFTY-I.NFO,08/05/2025,13:19:10,24448,24448.3,450,24449.6,75,150,12957750
NIFTY-I.NFO,08/05/2025,13:19:11,24449.8,24447.9,750,24450,375,150,12957750
NIFTY-I.NFO,08/05/2025,13:19:13,24449.6,24447.9,750,24450,375,150,12957750
NIFTY-I.NFO,08/05/2025,13:19:15,24448.3,24446.2,150,24450.8,600,675,12957750
NIFTY-I.NFO,08/05/2025,13:19:16,24449.4,24446.1,1800,24449.4,450,450,12957750
NIFTY-I.NFO,08/05/2025,13:19:18,24446.1,24446.1,1350,24449,1050,525,12957750
NIFTY-I.NFO,08/05/2025,13:19:20,24446.1,24446.1,975,24449,1050,375,12957750
NIFTY-I.NFO,08/05/2025,13:19:21,24446.1,24446.3,150,24449,1050,0,12957750
NIFTY-I.NFO,08/05/2025,13:19:23,24449,24446.9,75,24449,975,150,12957750
NIFTY-I.NFO,08/05/2025,13:19:25,24449,24449,150,24449.6,600,1125,12957750
NIFTY-I.NFO,08/05/2025,13:19:26,24448,24446.7,900,24449.6,600,1050,12957750
NIFTY-I.NFO,08/05/2025,13:19:28,24447,24447,300,24449.6,150,600,12957750
NIFTY-I.NFO,08/05/2025,13:19:30,24447.5,24447.3,300,24449.8,75,300,12957750
NIFTY-I.NFO,08/05/2025,13:19:31,24449.8,24447.4,525,24450.7,300,75,12957750
NIFTY-I.NFO,08/05/2025,13:19:33,24449.7,24449.6,75,24451,225,75,12957750
NIFTY-I.NFO,08/05/2025,13:19:34,24447.7,24447.2,450,24450,75,225,12957750
NIFTY-I.NFO,08/05/2025,13:19:36,24447.7,24449,75,24449.7,75,0,12957750
NIFTY-I.NFO,08/05/2025,13:19:38,24447.7,24449,150,24449.7,75,0,12957750
NIFTY-I.NFO,08/05/2025,13:19:39,24449,24447.2,450,24449.7,75,75,12957750
NIFTY-I.NFO,08/05/2025,13:19:41,24448.1,24447.4,525,24452.8,600,1725,12957750
NIFTY-I.NFO,08/05/2025,13:19:43,24448.1,24447.1,675,24452.3,600,0,12957750
NIFTY-I.NFO,08/05/2025,13:19:44,24452,24447.4,525,24452.2,600,75,12957750
NIFTY-I.NFO,08/05/2025,13:19:46,24452,24447.6,525,24451,975,0,12957750
NIFTY-I.NFO,08/05/2025,13:19:48,24452,24447.6,450,24450.9,150,0,12957750
NIFTY-I.NFO,08/05/2025,13:19:49,24452,24447.4,525,24450.9,150,0,12957750
NIFTY-I.NFO,08/05/2025,13:19:51,24450,24448.3,525,24450,900,75,12957750
NIFTY-I.NFO,08/05/2025,13:19:53,24450,24448.3,600,24450,1125,150,12957750
NIFTY-I.NFO,08/05/2025,13:19:54,24450,24448.3,150,24450,1125,0,12957750
NIFTY-I.NFO,08/05/2025,13:19:56,24447.7,24447.7,450,24450,1050,900,12957750
NIFTY-I.NFO,08/05/2025,13:19:58,24450,24448.1,525,24450,900,150,12957750
NIFTY-I.NFO,08/05/2025,13:19:59,24450,24448.1,525,24450,825,75,12957750
NIFTY-I.NFO,08/05/2025,13:20:01,24450,24448.1,825,24450,75,750,12957750
NIFTY-I.NFO,08/05/2025,13:20:02,24450,24448.1,525,24450,75,0,12957750
NIFTY-I.NFO,08/05/2025,13:20:04,24448.2,24448.2,450,24450,150,525,12957750
NIFTY-I.NFO,08/05/2025,13:20:06,24446.4,24446.4,150,24450,375,1950,12957750
NIFTY-I.NFO,08/05/2025,13:20:07,24446.6,24446.6,150,24448,750,450,12957750
NIFTY-I.NFO,08/05/2025,13:20:09,24446.4,24446.2,150,24446.4,450,375,12957750
NIFTY-I.NFO,08/05/2025,13:20:11,24446.4,24446.2,150,24446.4,150,300,12957750
NIFTY-I.NFO,08/05/2025,13:20:12,24446.4,24446.5,450,24448,825,150,12957750
NIFTY-I.NFO,08/05/2025,13:20:14,24446.4,24446.6,75,24448,825,750,12957750
NIFTY-I.NFO,08/05/2025,13:20:16,24448,24446.4,150,24448,525,300,12957750
NIFTY-I.NFO,08/05/2025,13:20:17,24446.6,24446.4,75,24446.6,675,150,12957750
NIFTY-I.NFO,08/05/2025,13:20:19,24446.6,24446.4,375,24446.6,975,600,12957750
NIFTY-I.NFO,08/05/2025,13:20:21,24446.6,24446.4,375,24446.6,975,0,12957750
NIFTY-I.NFO,08/05/2025,13:20:22,24446.4,24446.4,75,24448,525,1275,12957750
NIFTY-I.NFO,08/05/2025,13:20:24,24446.4,24446.4,75,24448,525,0,12957750
NIFTY-I.NFO,08/05/2025,13:20:26,24446.2,24446.2,150,24448,450,225,12957750
NIFTY-I.NFO,08/05/2025,13:20:27,24446.2,24446.2,150,24448,450,0,12957750
NIFTY-I.NFO,08/05/2025,13:20:29,24446.2,24446.1,150,24448,600,150,12957750
NIFTY-I.NFO,08/05/2025,13:20:31,24446.1,24446.1,75,24447.9,150,300,12957750
NIFTY-I.NFO,08/05/2025,13:20:32,24446,24446,75,24449.7,300,1050,12957750
NIFTY-I.NFO,08/05/2025,13:20:34,24446,24445.6,75,24449.5,150,75,12957750
NIFTY-I.NFO,08/05/2025,13:20:36,24448,24447,75,24449.6,150,1050,12957750
NIFTY-I.NFO,08/05/2025,13:20:37,24446,24446,75,24449.3,225,225,12957750
NIFTY-I.NFO,08/05/2025,13:20:39,24446,24446,150,24448.9,150,0,12957750
NIFTY-I.NFO,08/05/2025,13:20:41,24445.2,24445.1,75,24448.9,450,450,12957750
NIFTY-I.NFO,08/05/2025,13:20:42,24445,24445,1500,24448.9,75,225,12957750
NIFTY-I.NFO,08/05/2025,13:20:44,24447.4,24447.1,75,24448,75,150,12957750
NIFTY-I.NFO,08/05/2025,13:20:46,24447.2,24446,75,24448,150,300,12957750
NIFTY-I.NFO,08/05/2025,13:20:47,24446.5,24445,1650,24447.1,150,150,12957750
NIFTY-I.NFO,08/05/2025,13:20:49,24445.6,24445,1800,24447.1,150,75,12957750
NIFTY-I.NFO,08/05/2025,13:20:51,24445,24445,1575,24447.1,150,225,12957750
NIFTY-I.NFO,08/05/2025,13:20:52,24445.6,24445,1500,24447.1,75,300,12957750
NIFTY-I.NFO,08/05/2025,13:20:54,24445,24445,1425,24446,75,150,12957750
NIFTY-I.NFO,08/05/2025,13:20:56,24445,24445.5,75,24446,600,150,12957750
NIFTY-I.NFO,08/05/2025,13:20:57,24446,24445.5,75,24446,450,375,12957750
NIFTY-I.NFO,08/05/2025,13:20:59,24446,24446,525,24446.1,75,450,12957750
NIFTY-I.NFO,08/05/2025,13:21:01,24446,24446,525,24446.4,975,0,12957750
NIFTY-I.NFO,08/05/2025,13:21:02,24446,24446,450,24446.4,900,150,12957750
NIFTY-I.NFO,08/05/2025,13:21:04,24446,24446,150,24446.2,75,675,12957750
NIFTY-I.NFO,08/05/2025,13:21:06,24445.6,24445.6,450,24446,525,975,12957750
NIFTY-I.NFO,08/05/2025,13:21:07,24446.1,24446.1,375,24448.9,75,2775,12957750
NIFTY-I.NFO,08/05/2025,13:21:09,24446.2,24446.2,450,24449,150,675,12957750
NIFTY-I.NFO,08/05/2025,13:21:11,24446.2,24446.2,300,24449,150,600,12957750
NIFTY-I.NFO,08/05/2025,13:21:12,24446.8,24446.6,375,24453.5,525,6225,12957750
NIFTY-I.NFO,08/05/2025,13:21:14,24453.5,24446.7,150,24453.9,525,150,12957750
NIFTY-I.NFO,08/05/2025,13:21:16,24453.9,24446.9,75,24453.9,450,75,12957750
NIFTY-I.NFO,08/05/2025,13:21:17,24453.9,24447.3,150,24453.7,450,75,12957750
NIFTY-I.NFO,08/05/2025,13:21:19,24448,24448,75,24453.9,450,525,12957750
NIFTY-I.NFO,08/05/2025,13:21:20,24449.9,24447.9,75,24449.9,450,600,12957750
NIFTY-I.NFO,08/05/2025,13:21:22,24449.9,24447.9,75,24449.8,75,0,12957750
NIFTY-I.NFO,08/05/2025,13:21:24,24447.8,24447.8,825,24449.9,450,225,12957750
NIFTY-I.NFO,08/05/2025,13:21:25,24447.9,24447.9,375,24449.9,75,450,12957750
NIFTY-I.NFO,08/05/2025,13:21:27,24447.9,24448,375,24449.9,75,0,12957750
NIFTY-I.NFO,08/05/2025,13:21:29,24449.9,24447.8,225,24452.8,600,150,12957750
NIFTY-I.NFO,08/05/2025,13:21:30,24452.8,24450,150,24452.4,375,75,12957750
NIFTY-I.NFO,08/05/2025,13:21:32,24450,24450,75,24452,1350,75,12957750
NIFTY-I.NFO,08/05/2025,13:21:34,24450.9,24447.8,300,24451.8,75,375,12957750
NIFTY-I.NFO,08/05/2025,13:21:35,24450.9,24447.8,300,24450,75,0,12957750
NIFTY-I.NFO,08/05/2025,13:21:37,24451.9,24450,75,24451.8,450,300,12957750
NIFTY-I.NFO,08/05/2025,13:21:39,24451.9,24447.8,300,24452.4,450,975,12957750
NIFTY-I.NFO,08/05/2025,13:21:40,24450,24448.1,75,24451.2,450,150,12957750
NIFTY-I.NFO,08/05/2025,13:21:42,24448.1,24447.8,225,24449.9,75,75,12957750
NIFTY-I.NFO,08/05/2025,13:21:44,24449.5,24447.8,75,24449.7,150,225,12957750
NIFTY-I.NFO,08/05/2025,13:21:45,24449.7,24447.8,75,24449.8,225,75,12957750
NIFTY-I.NFO,08/05/2025,13:21:47,24449.7,24447.8,75,24449.8,450,75,12957750
NIFTY-I.NFO,08/05/2025,13:21:48,24449.8,24447.8,75,24449.7,375,75,12957750
NIFTY-I.NFO,08/05/2025,13:21:50,24449.4,24448.1,150,24449.4,75,150,12957750
NIFTY-I.NFO,08/05/2025,13:21:52,24447.8,24447,150,24448,1050,225,12957750
NIFTY-I.NFO,08/05/2025,13:21:53,24448,24446.6,75,24448,975,150,12957750
NIFTY-I.NFO,08/05/2025,13:21:55,24446.6,24446.1,300,24448,975,75,12957750
NIFTY-I.NFO,08/05/2025,13:21:57,24446.6,24446.1,300,24447.9,75,0,12957750
NIFTY-I.NFO,08/05/2025,13:21:58,24446.1,24446.1,150,24447.9,75,150,12957750
NIFTY-I.NFO,08/05/2025,13:22:00,24446.1,24446.1,150,24447.9,150,0,12957750
NIFTY-I.NFO,08/05/2025,13:22:02,24445.4,24445.3,300,24447.8,75,525,12952275
NIFTY-I.NFO,08/05/2025,13:22:03,24445.4,24445.3,300,24446,900,0,12952275
NIFTY-I.NFO,08/05/2025,13:22:05,24445.4,24445.5,225,24446,900,450,12952275
NIFTY-I.NFO,08/05/2025,13:22:06,24445.5,24445.6,225,24446,900,75,12952275
NIFTY-I.NFO,08/05/2025,13:22:08,24445.5,24443,300,24445.4,75,11025,12952275
NIFTY-I.NFO,08/05/2025,13:22:08,24443,24443,300,24445.4,75,0,12952275
NIFTY-I.NFO,08/05/2025,13:22:10,24445.5,24444,75,24445.2,75,0,12952275
NIFTY-I.NFO,08/05/2025,13:22:11,24445.2,24444,75,24445.4,75,75,12952275
NIFTY-I.NFO,08/05/2025,13:22:13,24445.2,24444,75,24445.4,75,0,12952275
NIFTY-I.NFO,08/05/2025,13:22:15,24445.4,24443.1,75,24445.5,75,1050,12952275
NIFTY-I.NFO,08/05/2025,13:22:15,24442.7,24443.1,75,24445.5,75,0,12952275
NIFTY-I.NFO,08/05/2025,13:22:16,24442.9,24442.7,300,24445.5,75,225,12952275
NIFTY-I.NFO,08/05/2025,13:22:18,24442.9,24443.2,150,24445.5,75,150,12952275
NIFTY-I.NFO,08/05/2025,13:22:20,24443.5,24443.4,300,24445,1050,75,12952275
NIFTY-I.NFO,08/05/2025,13:22:21,24445,24444.3,150,24445,900,150,12952275
NIFTY-I.NFO,08/05/2025,13:22:23,24445,24444.7,75,24445,675,225,12952275
NIFTY-I.NFO,08/05/2025,13:22:25,24444.5,24444.3,150,24444.6,75,225,12952275
NIFTY-I.NFO,08/05/2025,13:22:26,24445,24443,75,24445,450,225,12952275
NIFTY-I.NFO,08/05/2025,13:22:28,24444,24443.1,75,24445,300,150,12952275
NIFTY-I.NFO,08/05/2025,13:22:30,24444,24443.3,150,24445,300,0,12952275
NIFTY-I.NFO,08/05/2025,13:22:31,24444.5,24444.5,75,24445,300,75,12952275
NIFTY-I.NFO,08/05/2025,13:22:33,24444.5,24444,75,24445,300,75,12952275
NIFTY-I.NFO,08/05/2025,13:22:34,24444.5,24444,75,24445,300,75,12952275
NIFTY-I.NFO,08/05/2025,13:22:36,24444,24443.5,600,24444.5,75,75,12952275
NIFTY-I.NFO,08/05/2025,13:22:38,24444.5,24443.5,525,24445,300,150,12952275
NIFTY-I.NFO,08/05/2025,13:22:39,24444.5,24443.5,525,24444,75,0,12952275
NIFTY-I.NFO,08/05/2025,13:22:41,24443.5,24443.5,75,24444,225,450,12952275
NIFTY-I.NFO,08/05/2025,13:22:43,24441.8,24442,375,24444,225,2850,12952275
NIFTY-I.NFO,08/05/2025,13:22:43,24441.8,24442,375,24444,225,0,12952275
NIFTY-I.NFO,08/05/2025,13:22:44,24441.8,24441.9,75,24442,150,450,12952275
NIFTY-I.NFO,08/05/2025,13:22:46,24441.7,24441.7,75,24441.9,75,150,12952275
NIFTY-I.NFO,08/05/2025,13:22:46,24441.7,24441.7,75,24441.9,75,0,12952275
NIFTY-I.NFO,08/05/2025,13:22:48,24441.7,24441.7,375,24442,75,300,12952275
NIFTY-I.NFO,08/05/2025,13:22:49,24441.6,24441.6,75,24442.1,75,375,12952275
NIFTY-I.NFO,08/05/2025,13:22:49,24441.6,24441.6,75,24442.1,75,0,12952275
NIFTY-I.NFO,08/05/2025,13:22:51,24441.6,24441.6,75,24442.2,75,0,12952275
NIFTY-I.NFO,08/05/2025,13:22:53,24441.6,24441.6,75,24442.3,75,0,12952275
NIFTY-I.NFO,08/05/2025,13:22:54,24441.6,24441.5,1050,24444.9,75,150,12952275
NIFTY-I.NFO,08/05/2025,13:22:56,24441.5,24441.3,75,24445,525,1125,12952275
NIFTY-I.NFO,08/05/2025,13:22:56,24441.5,24441.3,75,24445,525,0,12952275
NIFTY-I.NFO,08/05/2025,13:22:58,24441.5,24442,150,24445,450,0,12952275
NIFTY-I.NFO,08/05/2025,13:23:00,24445,24442,150,24445,525,75,12952275
NIFTY-I.NFO,08/05/2025,13:23:01,24442,24441.5,75,24445,525,225,12952275
NIFTY-I.NFO,08/05/2025,13:23:03,24445,24441.5,75,24444.5,150,75,12952275
NIFTY-I.NFO,08/05/2025,13:23:05,24444.5,24441.3,300,24444.5,75,225,12952275
NIFTY-I.NFO,08/05/2025,13:23:06,24444.5,24442,75,24444.5,75,0,12952275
NIFTY-I.NFO,08/05/2025,13:23:08,24444.5,24442,75,24445,1200,300,12952275
NIFTY-I.NFO,08/05/2025,13:23:09,24444.5,24442,75,24445,900,0,12952275
NIFTY-I.NFO,08/05/2025,13:23:13,24444.5,24442,75,24444.5,225,0,12952275
NIFTY-I.NFO,08/05/2025,13:23:14,24441.5,24441.3,75,24444.5,225,300,12952275
NIFTY-I.NFO,08/05/2025,13:23:16,24441.5,24441.5,75,24445,1650,375,12952275
NIFTY-I.NFO,08/05/2025,13:23:18,24445,24441.5,75,24445,1575,75,12952275
NIFTY-I.NFO,08/05/2025,13:23:19,24445,24441.5,75,24444.5,300,0,12952275
NIFTY-I.NFO,08/05/2025,13:23:21,24441.2,24441.2,900,24444.5,300,375,12952275
NIFTY-I.NFO,08/05/2025,13:23:21,24441.2,24441.2,900,24444.5,300,0,12952275
NIFTY-I.NFO,08/05/2025,13:23:22,24441.2,24441.2,450,24444,1050,525,12952275
NIFTY-I.NFO,08/05/2025,13:23:24,24444,24441.4,75,24444,900,225,12952275
NIFTY-I.NFO,08/05/2025,13:23:26,24444,24441.4,75,24443.6,150,0,12952275
NIFTY-I.NFO,08/05/2025,13:23:27,24441.4,24441.2,375,24443.6,150,75,12952275
NIFTY-I.NFO,08/05/2025,13:23:29,24443,24441.2,675,24443.1,75,75,12952275
NIFTY-I.NFO,08/05/2025,13:23:31,24440.5,24440.5,150,24440.7,75,3000,12952275
NIFTY-I.NFO,08/05/2025,13:23:31,24440.5,24440.5,150,24440.7,75,0,12952275
NIFTY-I.NFO,08/05/2025,13:23:32,24440.1,24440.1,2100,24440.8,75,1725,12952275
NIFTY-I.NFO,08/05/2025,13:23:32,24440.1,24440.1,2100,24440.8,75,0,12952275
NIFTY-I.NFO,08/05/2025,13:23:34,24440.1,24440.1,2025,24440.4,150,75,12952275
NIFTY-I.NFO,08/05/2025,13:23:36,24440.1,24438.7,75,24440.3,450,5850,12952275
NIFTY-I.NFO,08/05/2025,13:23:36,24440,24438.7,75,24440.3,450,0,12952275
NIFTY-I.NFO,08/05/2025,13:23:37,24432,24433,375,24437.7,75,9600,12952275
NIFTY-I.NFO,08/05/2025,13:23:37,24431.2,24433,375,24437.7,75,0,12952275
NIFTY-I.NFO,08/05/2025,13:23:39,24433,24432.5,675,24437.4,150,450,12952275
NIFTY-I.NFO,08/05/2025,13:23:41,24431.2,24431.3,75,24436.6,75,300,12952275
NIFTY-I.NFO,08/05/2025,13:23:42,24431.2,24431.3,75,24435,675,0,12952275
NIFTY-I.NFO,08/05/2025,13:23:44,24433,24431,3600,24435,75,525,12952275
NIFTY-I.NFO,08/05/2025,13:23:46,24432,24431,2925,24432.3,300,975,12952275
NIFTY-I.NFO,08/05/2025,13:23:46,24431,24431,2925,24432.3,300,0,12952275
NIFTY-I.NFO,08/05/2025,13:23:47,24431,24431,2325,24431.8,75,825,12952275
NIFTY-I.NFO,08/05/2025,13:23:49,24431,24431,975,24431.8,75,1650,12952275
NIFTY-I.NFO,08/05/2025,13:23:51,24431,24431,75,24434.2,75,1500,12952275
NIFTY-I.NFO,08/05/2025,13:23:52,24433,24430,3225,24433,150,2925,12952275
NIFTY-I.NFO,08/05/2025,13:23:52,24430,24430,3225,24433,150,0,12952275
NIFTY-I.NFO,08/05/2025,13:23:54,24431.8,24430,1050,24432.1,300,3000,12952275
NIFTY-I.NFO,08/05/2025,13:23:56,24433.3,24427.7,750,24433.5,150,5925,12952275
NIFTY-I.NFO,08/05/2025,13:23:56,24427.3,24427.7,750,24433.5,150,0,12952275
NIFTY-I.NFO,08/05/2025,13:23:57,24433.1,24428.1,600,24433.7,150,450,12952275
NIFTY-I.NFO,08/05/2025,13:23:59,24434.7,24431,75,24434.6,150,3150,12952275
NIFTY-I.NFO,08/05/2025,13:24:01,24430,24427.2,300,24431,75,975,12952275
NIFTY-I.NFO,08/05/2025,13:24:02,24426.1,24426.1,225,24431,75,1500,12952275
NIFTY-I.NFO,08/05/2025,13:24:02,24426.1,24426.1,225,24431,75,0,12952275
NIFTY-I.NFO,08/05/2025,13:24:04,24426.4,24426.2,375,24431,975,1800,12952275
NIFTY-I.NFO,08/05/2025,13:24:06,24430,24430,150,24433,450,1200,12952275
NIFTY-I.NFO,08/05/2025,13:24:07,24427,24428,75,24430,225,450,12952275
NIFTY-I.NFO,08/05/2025,13:24:09,24433,24428.9,375,24433.4,375,525,12952275
NIFTY-I.NFO,08/05/2025,13:24:11,24430,24428.3,600,24430,150,300,12952275
NIFTY-I.NFO,08/05/2025,13:24:12,24428.2,24428.9,675,24430,225,450,12952275
NIFTY-I.NFO,08/05/2025,13:24:14,24428.9,24428,75,24433.2,375,525,12952275
NIFTY-I.NFO,08/05/2025,13:24:15,24428.9,24428,75,24430.6,675,0,12952275
NIFTY-I.NFO,08/05/2025,13:24:17,24430,24428,600,24428.9,75,4125,12952275
NIFTY-I.NFO,08/05/2025,13:24:19,24425.1,24425.1,300,24428.1,75,2100,12952275
NIFTY-I.NFO,08/05/2025,13:24:19,24425.1,24425.1,300,24428.1,75,0,12952275
NIFTY-I.NFO,08/05/2025,13:24:21,24425,24425,1950,24425.1,75,5100,12952275
NIFTY-I.NFO,08/05/2025,13:24:21,24425,24425,1950,24425.1,75,0,12952275
NIFTY-I.NFO,08/05/2025,13:24:22,24425,24425,450,24427.6,75,1800,12952275
NIFTY-I.NFO,08/05/2025,13:24:24,24429.9,24425.1,675,24430,75,1050,12952275
NIFTY-I.NFO,08/05/2025,13:24:26,24422.3,24422.1,1575,24427.8,150,3450,12952275
NIFTY-I.NFO,08/05/2025,13:24:26,24422.1,24422.1,1575,24427.8,150,0,12952275
NIFTY-I.NFO,08/05/2025,13:24:27,24422.3,24422.1,1125,24428.4,225,1125,12952275
NIFTY-I.NFO,08/05/2025,13:24:29,24422.3,24422.1,1275,24425,825,900,12952275
NIFTY-I.NFO,08/05/2025,13:24:31,24422.3,24422.1,1725,24425,825,225,12952275
NIFTY-I.NFO,08/05/2025,13:24:32,24425,24423.9,975,24425,375,600,12952275
NIFTY-I.NFO,08/05/2025,13:24:34,24425,24425.3,300,24429.1,150,750,12952275
NIFTY-I.NFO,08/05/2025,13:24:35,24428.5,24424.9,75,24428.7,300,1500,12952275
NIFTY-I.NFO,08/05/2025,13:24:37,24428.7,24425.2,375,24429.1,75,675,12952275
NIFTY-I.NFO,08/05/2025,13:24:39,24429,24426,75,24428.7,375,150,12952275
NIFTY-I.NFO,08/05/2025,13:24:40,24429.1,24426,1575,24429,225,1350,12952275
NIFTY-I.NFO,08/05/2025,13:24:42,24429,24428,75,24430.8,375,1575,12952275
NIFTY-I.NFO,08/05/2025,13:24:44,24429.7,24427.9,75,24430.6,375,600,12952275
NIFTY-I.NFO,08/05/2025,13:24:45,24429.1,24426.1,300,24430.8,375,675,12952275
NIFTY-I.NFO,08/05/2025,13:24:47,24429,24428,75,24430.1,375,75,12952275
NIFTY-I.NFO,08/05/2025,13:24:49,24433.3,24427.2,75,24431.9,150,2175,12952275
NIFTY-I.NFO,08/05/2025,13:24:50,24429,24429,1650,24432,375,225,12952275
NIFTY-I.NFO,08/05/2025,13:24:52,24432.2,24430.1,75,24432,450,600,12952275
NIFTY-I.NFO,08/05/2025,13:24:54,24429,24429,1125,24432.1,375,375,12952275
NIFTY-I.NFO,08/05/2025,13:24:55,24429,24429,1125,24430.5,450,0,12952275
NIFTY-I.NFO,08/05/2025,13:24:57,24431.7,24430,750,24431.3,450,5250,12952275
NIFTY-I.NFO,08/05/2025,13:24:59,24426.5,24430.6,75,24431.6,450,3225,12952275
NIFTY-I.NFO,08/05/2025,13:25:00,24430.6,24430,75,24431.1,450,525,12927750
NIFTY-I.NFO,08/05/2025,13:25:02,24430.1,24426.1,225,24429.7,450,1425,12927750
NIFTY-I.NFO,08/05/2025,13:25:04,24427,24426,1500,24428.1,450,525,12927750
NIFTY-I.NFO,08/05/2025,13:25:05,24428,24426,1200,24428.6,150,375,12927750
NIFTY-I.NFO,08/05/2025,13:25:07,24427,24427,225,24428.7,150,2400,12927750
NIFTY-I.NFO,08/05/2025,13:25:09,24427,24427,150,24428.1,150,75,12927750
NIFTY-I.NFO,08/05/2025,13:25:10,24426,24425,825,24427.8,150,675,12927750
NIFTY-I.NFO,08/05/2025,13:25:12,24427.4,24425.2,75,24427.2,150,375,12927750
NIFTY-I.NFO,08/05/2025,13:25:14,24428.3,24425,1050,24428.6,150,450,12927750
NIFTY-I.NFO,08/05/2025,13:25:15,24426.3,24428.3,300,24430.2,75,1275,12927750
NIFTY-I.NFO,08/05/2025,13:25:17,24430.2,24429.3,75,24430.3,150,375,12927750
NIFTY-I.NFO,08/05/2025,13:25:19,24430.2,24429.8,75,24430.3,150,150,12927750
NIFTY-I.NFO,08/05/2025,13:25:20,24430.3,24429.4,675,24432,300,1350,12927750
NIFTY-I.NFO,08/05/2025,13:25:22,24431.3,24432.1,75,24432.9,75,375,12927750
NIFTY-I.NFO,08/05/2025,13:25:24,24435,24434.3,675,24435,150,2475,12927750
NIFTY-I.NFO,08/05/2025,13:25:25,24434.6,24434.9,150,24436.9,150,825,12927750
NIFTY-I.NFO,08/05/2025,13:25:27,24436,24435.2,450,24436.1,75,1200,12927750
NIFTY-I.NFO,08/05/2025,13:25:29,24436,24435.2,300,24435.9,300,825,12927750
NIFTY-I.NFO,08/05/2025,13:25:30,24435.8,24433.7,375,24435.6,375,450,12927750
NIFTY-I.NFO,08/05/2025,13:25:32,24436.5,24433.7,225,24436.6,150,375,12927750
NIFTY-I.NFO,08/05/2025,13:25:34,24436.7,24435,75,24436.6,300,450,12927750
NIFTY-I.NFO,08/05/2025,13:25:35,24435,24432,75,24435,225,1200,12927750
NIFTY-I.NFO,08/05/2025,13:25:37,24435,24434.8,150,24436.9,75,225,12927750
NIFTY-I.NFO,08/05/2025,13:25:38,24435,24434.8,150,24436.9,75,0,12927750
NIFTY-I.NFO,08/05/2025,13:25:40,24438,24437.4,75,24438.9,150,525,12927750
NIFTY-I.NFO,08/05/2025,13:25:42,24439.4,24437.2,525,24439.4,75,1875,12927750
NIFTY-I.NFO,08/05/2025,13:25:43,24439.1,24438.3,150,24439,150,150,12927750
NIFTY-I.NFO,08/05/2025,13:25:45,24439.1,24439,75,24439.6,75,450,12927750
NIFTY-I.NFO,08/05/2025,13:25:47,24439.7,24439,75,24439.7,525,750,12927750
NIFTY-I.NFO,08/05/2025,13:25:48,24440.8,24440.8,300,24441,75,4275,12927750
NIFTY-I.NFO,08/05/2025,13:25:50,24440.3,24440.2,825,24440.3,75,825,12927750
NIFTY-I.NFO,08/05/2025,13:25:52,24439.7,24439.1,75,24439.9,150,1200,12927750
NIFTY-I.NFO,08/05/2025,13:25:53,24439.9,24439.1,75,24439.8,150,150,12927750
NIFTY-I.NFO,08/05/2025,13:25:55,24435,24435.4,75,24439.1,75,1200,12927750
NIFTY-I.NFO,08/05/2025,13:25:57,24434.9,24434.9,300,24439.1,225,675,12927750
NIFTY-I.NFO,08/05/2025,13:25:58,24438.7,24433.9,300,24438.3,225,150,12927750
NIFTY-I.NFO,08/05/2025,13:26:00,24437.9,24434.2,150,24438.5,300,525,12927750
NIFTY-I.NFO,08/05/2025,13:26:01,24435,24434.2,150,24436.5,300,150,12927750
NIFTY-I.NFO,08/05/2025,13:26:03,24435,24434.2,225,24436.4,75,0,12927750
NIFTY-I.NFO,08/05/2025,13:26:05,24434.2,24434.2,75,24436.2,300,150,12927750
NIFTY-I.NFO,08/05/2025,13:26:06,24434,24433.6,375,24437.1,150,1800,12927750
NIFTY-I.NFO,08/05/2025,13:26:08,24434,24436.1,150,24437.2,225,0,12927750
NIFTY-I.NFO,08/05/2025,13:26:10,24436.1,24436.1,75,24437.6,225,75,12927750
NIFTY-I.NFO,08/05/2025,13:26:11,24437.3,24436.1,75,24438.1,375,375,12927750
NIFTY-I.NFO,08/05/2025,13:26:13,24436.1,24435,75,24438.1,150,525,12927750
NIFTY-I.NFO,08/05/2025,13:26:15,24435,24435.2,300,24438.2,150,375,12927750
NIFTY-I.NFO,08/05/2025,13:26:16,24437.1,24437.1,150,24439.1,225,375,12927750
NIFTY-I.NFO,08/05/2025,13:26:18,24434.9,24435,75,24438.4,150,450,12927750
NIFTY-I.NFO,08/05/2025,13:26:20,24438.6,24435.6,675,24439.6,150,525,12927750
NIFTY-I.NFO,08/05/2025,13:26:21,24439.7,24438,150,24440,825,450,12927750
NIFTY-I.NFO,08/05/2025,13:26:23,24438.5,24438.6,150,24440,825,450,12927750
NIFTY-I.NFO,08/05/2025,13:26:25,24440,24438.6,150,24440,525,300,12927750
NIFTY-I.NFO,08/05/2025,13:26:26,24440,24438.6,150,24440,525,0,12927750
NIFTY-I.NFO,08/05/2025,13:26:28,24440.2,24439.7,375,24441.5,75,750,12927750
NIFTY-I.NFO,08/05/2025,13:26:30,24443,24443,825,24443.6,75,675,12927750
NIFTY-I.NFO,08/05/2025,13:26:31,24443,24443,750,24443.5,75,225,12927750
NIFTY-I.NFO,08/05/2025,13:26:33,24444,24443,600,24443.2,150,450,12927750
NIFTY-I.NFO,08/05/2025,13:26:35,24443.2,24443,450,24443.2,150,450,12927750
NIFTY-I.NFO,08/05/2025,13:26:36,24443.4,24443,450,24443.4,75,375,12927750
NIFTY-I.NFO,08/05/2025,13:26:38,24443,24440,75,24443.4,75,450,12927750
NIFTY-I.NFO,08/05/2025,13:26:39,24443,24440,150,24442.4,300,0,12927750
NIFTY-I.NFO,08/05/2025,13:26:41,24440,24440,75,24442.9,150,225,12927750
NIFTY-I.NFO,08/05/2025,13:26:44,24442,24440,75,24441.9,150,300,12927750
NIFTY-I.NFO,08/05/2025,13:26:46,24441.9,24440,75,24441.9,150,600,12927750
NIFTY-I.NFO,08/05/2025,13:26:48,24441.9,24440,75,24441.9,75,75,12927750
NIFTY-I.NFO,08/05/2025,13:26:49,24441.9,24440,450,24441.9,675,150,12927750
NIFTY-I.NFO,08/05/2025,13:26:51,24440,24440,375,24441.9,375,375,12927750
NIFTY-I.NFO,08/05/2025,13:26:53,24441.9,24440.1,375,24441.9,300,75,12927750
NIFTY-I.NFO,08/05/2025,13:26:54,24438.8,24440.4,150,24441.9,300,750,12927750
NIFTY-I.NFO,08/05/2025,13:26:56,24442.4,24441.9,1500,24442.9,150,225,12927750
NIFTY-I.NFO,08/05/2025,13:26:57,24441.9,24442,450,24442.9,150,1200,12927750
NIFTY-I.NFO,08/05/2025,13:26:59,24443,24441.9,375,24443,300,450,12927750
NIFTY-I.NFO,08/05/2025,13:27:01,24443,24443,2625,24444,150,525,12927750
NIFTY-I.NFO,08/05/2025,13:27:03,24447,24443,2475,24446.8,450,1725,12927750
NIFTY-I.NFO,08/05/2025,13:27:04,24446.9,24443.7,375,24445.9,75,75,12927750
NIFTY-I.NFO,08/05/2025,13:27:06,24446.9,24443,2700,24445.9,75,0,12927750
NIFTY-I.NFO,08/05/2025,13:27:08,24446,24446,75,24447.5,150,600,12927750
NIFTY-I.NFO,08/05/2025,13:27:09,24443.5,24443.5,450,24446.7,75,525,12927750
NIFTY-I.NFO,08/05/2025,13:27:11,24445,24444,450,24448,150,1050,12927750
NIFTY-I.NFO,08/05/2025,13:27:13,24444.2,24444.5,225,24447.4,150,75,12927750
NIFTY-I.NFO,08/05/2025,13:27:14,24449.6,24444.5,150,24449.4,375,1425,12927750
NIFTY-I.NFO,08/05/2025,13:27:16,24443.9,24444,1125,24444.5,150,1425,12927750
NIFTY-I.NFO,08/05/2025,13:27:17,24444.5,24444.5,675,24447.9,75,450,12927750
NIFTY-I.NFO,08/05/2025,13:27:19,24444.5,24445.8,825,24447,75,75,12927750
NIFTY-I.NFO,08/05/2025,13:27:21,24447,24445.8,825,24449,225,75,12927750
NIFTY-I.NFO,08/05/2025,13:27:22,24447,24445.8,825,24447,675,450,12927750
NIFTY-I.NFO,08/05/2025,13:27:24,24446.5,24446.8,150,24447,675,75,12927750
NIFTY-I.NFO,08/05/2025,13:27:26,24447,24446.8,150,24447,600,75,12927750
NIFTY-I.NFO,08/05/2025,13:27:27,24446.8,24445.5,150,24447,825,75,12927750
NIFTY-I.NFO,08/05/2025,13:27:29,24446.8,24445.5,150,24446.8,150,0,12927750
NIFTY-I.NFO,08/05/2025,13:27:30,24446.7,24444.8,150,24445.5,75,150,12927750
NIFTY-I.NFO,08/05/2025,13:27:32,24445,24445,900,24445.5,75,150,12927750
NIFTY-I.NFO,08/05/2025,13:27:34,24446.8,24445.1,675,24446.8,225,150,12927750
NIFTY-I.NFO,08/05/2025,13:27:35,24446.8,24445.1,750,24446,600,0,12927750
NIFTY-I.NFO,08/05/2025,13:27:37,24446,24444.9,75,24446,525,975,12927750
NIFTY-I.NFO,08/05/2025,13:27:39,24445,24444.3,75,24445.1,750,225,12927750
NIFTY-I.NFO,08/05/2025,13:27:40,24444.6,24444.3,75,24445.1,675,975,12927750
NIFTY-I.NFO,08/05/2025,13:27:42,24445,24444.4,375,24446,525,750,12927750
NIFTY-I.NFO,08/05/2025,13:27:44,24445.9,24445.7,825,24446,525,75,12927750
NIFTY-I.NFO,08/05/2025,13:27:45,24445.7,24445.7,75,24446,525,150,12927750
NIFTY-I.NFO,08/05/2025,13:27:47,24445.1,24445.1,75,24445.9,75,150,12927750
NIFTY-I.NFO,08/05/2025,13:27:49,24445.1,24445.1,450,24445.9,75,0,12927750
NIFTY-I.NFO,08/05/2025,13:27:50,24446,24445.1,75,24446,150,375,12927750
NIFTY-I.NFO,08/05/2025,13:27:52,24445,24445,75,24446,150,300,12927750
NIFTY-I.NFO,08/05/2025,13:27:54,24445,24445.2,75,24446,150,0,12927750
NIFTY-I.NFO,08/05/2025,13:27:55,24445,24445.6,450,24446,150,0,12927750
NIFTY-I.NFO,08/05/2025,13:27:57,24446,24445,150,24446,75,75,12927750
NIFTY-I.NFO,08/05/2025,13:27:59,24446,24445.1,75,24446.8,150,75,12927750
NIFTY-I.NFO,08/05/2025,13:28:00,24446,24445.3,375,24446,150,75,12906975
NIFTY-I.NFO,08/05/2025,13:28:02,24445.6,24445.8,450,24446,75,150,12906975
NIFTY-I.NFO,08/05/2025,13:28:04,24447,24447.1,450,24447.9,75,300,12906975
NIFTY-I.NFO,08/05/2025,13:28:05,24447,24447.2,75,24447.9,75,0,12906975
NIFTY-I.NFO,08/05/2025,13:28:07,24448,24446.4,75,24448.4,150,150,12906975
NIFTY-I.NFO,08/05/2025,13:28:09,24445.1,24445.2,75,24448.3,150,975,12906975
NIFTY-I.NFO,08/05/2025,13:28:10,24448.3,24445,975,24448.4,225,150,12906975
NIFTY-I.NFO,08/05/2025,13:28:12,24448.3,24445,975,24447.8,75,0,12906975
NIFTY-I.NFO,08/05/2025,13:28:14,24448.3,24445,1125,24447.3,75,0,12906975
NIFTY-I.NFO,08/05/2025,13:28:15,24445,24445,450,24445.6,75,675,12906975
NIFTY-I.NFO,08/05/2025,13:28:17,24445,24445,225,24446.6,75,375,12906975
NIFTY-I.NFO,08/05/2025,13:28:18,24446.5,24445,225,24447,75,75,12906975
NIFTY-I.NFO,08/05/2025,13:28:20,24445,24445,225,24447.4,150,75,12906975
NIFTY-I.NFO,08/05/2025,13:28:22,24445,24444.3,75,24445,825,300,12906975
NIFTY-I.NFO,08/05/2025,13:28:24,24447.2,24445,75,24447.9,75,900,12906975
NIFTY-I.NFO,08/05/2025,13:28:25,24445,24444.3,75,24444.8,75,150,12906975
NIFTY-I.NFO,08/05/2025,13:28:27,24444,24443,225,24444.8,75,150,12906975
NIFTY-I.NFO,08/05/2025,13:28:29,24444.8,24444,150,24445,300,525,12906975
NIFTY-I.NFO,08/05/2025,13:28:30,24444,24444.5,150,24446.3,150,675,12906975
NIFTY-I.NFO,08/05/2025,13:28:32,24446.3,24443.2,375,24445,75,150,12906975
NIFTY-I.NFO,08/05/2025,13:28:34,24446.3,24443.3,300,24444.5,150,0,12906975
NIFTY-I.NFO,08/05/2025,13:28:35,24444.5,24443.5,75,24444.5,75,150,12906975
NIFTY-I.NFO,08/05/2025,13:28:37,24443.2,24442.6,675,24443.2,75,825,12906975
NIFTY-I.NFO,08/05/2025,13:28:39,24442.2,24442.1,150,24443.2,75,750,12906975
NIFTY-I.NFO,08/05/2025,13:28:40,24442.2,24442.4,1125,24443.2,75,0,12906975
NIFTY-I.NFO,08/05/2025,13:28:42,24443,24442.1,150,24443.2,75,225,12906975
NIFTY-I.NFO,08/05/2025,13:28:44,24444.5,24442.1,150,24444.9,150,150,12906975
NIFTY-I.NFO,08/05/2025,13:28:45,24442.7,24442.7,450,24444.4,150,150,12906975
NIFTY-I.NFO,08/05/2025,13:28:47,24442.7,24442.2,375,24444.4,150,0,12906975
NIFTY-I.NFO,08/05/2025,13:28:49,24443.2,24443.2,375,24444.4,75,1425,12906975
NIFTY-I.NFO,08/05/2025,13:28:50,24443.1,24442.9,300,24445,75,225,12906975
NIFTY-I.NFO,08/05/2025,13:28:52,24442.7,24442.2,75,24445,450,150,12906975
NIFTY-I.NFO,08/05/2025,13:28:54,24442.7,24442.6,75,24443.1,75,0,12906975
NIFTY-I.NFO,08/05/2025,13:28:55,24443.1,24442.4,375,24445,1425,150,12906975
NIFTY-I.NFO,08/05/2025,13:28:57,24443.1,24442.2,75,24445,1425,0,12906975
NIFTY-I.NFO,08/05/2025,13:28:58,24443.1,24442.2,75,24444.9,975,0,12906975
NIFTY-I.NFO,08/05/2025,13:29:02,24443.1,24442.2,75,24444.9,975,75,12906975
NIFTY-I.NFO,08/05/2025,13:29:03,24442.2,24442.1,450,24444.8,150,75,12906975
NIFTY-I.NFO,08/05/2025,13:29:05,24442.1,24442.2,150,24443.9,75,75,12906975
NIFTY-I.NFO,08/05/2025,13:29:07,24442.1,24442.2,375,24443.9,75,0,12906975
NIFTY-I.NFO,08/05/2025,13:29:08,24443.8,24442.2,375,24443.9,75,75,12906975
NIFTY-I.NFO,08/05/2025,13:29:10,24443.8,24442.2,375,24443.9,75,0,12906975
NIFTY-I.NFO,08/05/2025,13:29:12,24444.7,24442.2,375,24444.7,150,150,12906975
NIFTY-I.NFO,08/05/2025,13:29:13,24444.3,24442.2,375,24444.7,150,75,12906975
NIFTY-I.NFO,08/05/2025,13:29:15,24444.3,24442.3,75,24444,975,0,12906975
NIFTY-I.NFO,08/05/2025,13:29:17,24443.7,24442.3,75,24443.7,75,75,12906975
NIFTY-I.NFO,08/05/2025,13:29:19,24444,24442.3,75,24444,825,225,12906975
NIFTY-I.NFO,08/05/2025,13:29:22,24442.1,24442.1,75,24442.3,75,375,12906975
NIFTY-I.NFO,08/05/2025,13:29:23,24443.9,24442,600,24443.9,150,525,12906975
NIFTY-I.NFO,08/05/2025,13:29:25,24442.2,24442,375,24443.9,150,375,12906975
NIFTY-I.NFO,08/05/2025,13:29:27,24441.9,24441.9,225,24442,600,525,12906975
NIFTY-I.NFO,08/05/2025,13:29:28,24442,24441.9,75,24442,75,825,12906975
NIFTY-I.NFO,08/05/2025,13:29:30,24441.9,24441,225,24442.1,150,225,12906975
NIFTY-I.NFO,08/05/2025,13:29:32,24441.9,24441,225,24442.1,150,0,12906975
NIFTY-I.NFO,08/05/2025,13:29:33,24442,24441,225,24442,75,225,12906975
NIFTY-I.NFO,08/05/2025,13:29:35,24440.5,24440.1,75,24442.1,750,675,12906975
NIFTY-I.NFO,08/05/2025,13:29:36,24442.1,24440.2,75,24442.1,675,75,12906975
NIFTY-I.NFO,08/05/2025,13:29:38,24440.1,24440.1,75,24442,750,600,12906975
NIFTY-I.NFO,08/05/2025,13:29:40,24438.5,24438.6,300,24442,675,3525,12906975
NIFTY-I.NFO,08/05/2025,13:29:41,24438.7,24438.6,225,24442,600,150,12906975
NIFTY-I.NFO,08/05/2025,13:29:43,24442,24438.1,675,24441,75,1125,12906975
NIFTY-I.NFO,08/05/2025,13:29:45,24437.7,24439,300,24441.9,675,450,12906975
NIFTY-I.NFO,08/05/2025,13:29:46,24439,24439,225,24441.7,150,75,12906975
NIFTY-I.NFO,08/05/2025,13:29:48,24439,24437.6,75,24439,2775,225,12906975
NIFTY-I.NFO,08/05/2025,13:29:50,24439,24436.7,75,24439,2775,0,12906975
NIFTY-I.NFO,08/05/2025,13:29:51,24439,24436,150,24439,2400,525,12906975
NIFTY-I.NFO,08/05/2025,13:29:53,24436.1,24436,225,24437.7,300,75,12906975
NIFTY-I.NFO,08/05/2025,13:29:55,24438.9,24437.7,75,24439,2400,375,12906975
NIFTY-I.NFO,08/05/2025,13:29:56,24439,24436,225,24439,1875,900,12906975
NIFTY-I.NFO,08/05/2025,13:29:58,24439,24436,225,24439,1425,600,12906975
NIFTY-I.NFO,08/05/2025,13:30:00,24439,24436,225,24439,975,450,12906975
NIFTY-I.NFO,08/05/2025,13:30:01,24436.5,24436.3,75,24439,1200,300,12906975
NIFTY-I.NFO,08/05/2025,13:30:03,24435.9,24436.2,75,24439,750,3600,12906975
NIFTY-I.NFO,08/05/2025,13:30:04,24435.2,24435.2,75,24438.9,225,1950,12906975
NIFTY-I.NFO,08/05/2025,13:30:06,24439,24435.2,75,24439,375,1575,12906975
NIFTY-I.NFO,08/05/2025,13:30:08,24435.2,24435.2,375,24439.8,375,750,12906975
NIFTY-I.NFO,08/05/2025,13:30:09,24438.9,24435,75,24438.9,975,1200,12906975
NIFTY-I.NFO,08/05/2025,13:30:11,24435.1,24435,75,24438.8,150,525,12906975
NIFTY-I.NFO,08/05/2025,13:30:13,24434.6,24434.9,300,24438.9,150,1575,12906975
NIFTY-I.NFO,08/05/2025,13:30:14,24439,24435,75,24439,150,375,12906975
NIFTY-I.NFO,08/05/2025,13:30:16,24436.2,24436.2,75,24438.8,150,75,12906975
NIFTY-I.NFO,08/05/2025,13:30:18,24435.2,24434,300,24439,150,1275,12906975
NIFTY-I.NFO,08/05/2025,13:30:19,24435.2,24434,600,24435,525,0,12906975
NIFTY-I.NFO,08/05/2025,13:30:21,24435.2,24434,300,24435,975,0,12906975
NIFTY-I.NFO,08/05/2025,13:30:23,24435,24434,75,24435,450,1200,12906975
NIFTY-I.NFO,08/05/2025,13:30:24,24435,24434,75,24434.9,525,0,12906975
NIFTY-I.NFO,08/05/2025,13:30:26,24434.9,24434,75,24434.9,300,225,12906975
NIFTY-I.NFO,08/05/2025,13:30:28,24434,24432.9,675,24434,750,375,12906975
NIFTY-I.NFO,08/05/2025,13:30:29,24434,24433.5,375,24434,600,150,12906975
NIFTY-I.NFO,08/05/2025,13:30:31,24434,24433,300,24434,375,675,12906975
NIFTY-I.NFO,08/05/2025,13:30:32,24434,24433.6,75,24434,300,75,12906975
NIFTY-I.NFO,08/05/2025,13:30:34,24434,24433.1,75,24434,300,375,12906975
NIFTY-I.NFO,08/05/2025,13:30:36,24434,24433.7,75,24434.6,600,525,12906975
NIFTY-I.NFO,08/05/2025,13:30:37,24434.6,24434.1,300,24434.6,525,300,12906975
NIFTY-I.NFO,08/05/2025,13:30:39,24435.3,24435,375,24435.5,450,3825,12906975
NIFTY-I.NFO,08/05/2025,13:30:41,24434.7,24434.5,225,24435.5,375,300,12906975
NIFTY-I.NFO,08/05/2025,13:30:42,24435.5,24432,375,24435.5,300,75,12906975
NIFTY-I.NFO,08/05/2025,13:30:44,24434,24431.1,150,24433.9,300,450,12906975
NIFTY-I.NFO,08/05/2025,13:30:46,24431.1,24431.1,75,24433.3,300,75,12906975
NIFTY-I.NFO,08/05/2025,13:30:47,24431,24430.6,75,24431,675,600,12906975
NIFTY-I.NFO,08/05/2025,13:30:49,24430.1,24430,1275,24431,450,525,12906975
NIFTY-I.NFO,08/05/2025,13:30:51,24430,24430,975,24431,150,600,12906975
NIFTY-I.NFO,08/05/2025,13:30:52,24430,24430,675,24431.1,1425,450,12906975
NIFTY-I.NFO,08/05/2025,13:30:54,24430.7,24430,2250,24433,150,1575,12906975
NIFTY-I.NFO,08/05/2025,13:30:56,24430.1,24430.3,525,24433,150,225,12906975
NIFTY-I.NFO,08/05/2025,13:30:57,24430.1,24430.7,75,24433,150,0,12906975
NIFTY-I.NFO,08/05/2025,13:30:59,24431.2,24431.1,1575,24434.8,225,300,12906975
NIFTY-I.NFO,08/05/2025,13:31:01,24432,24433,75,24434.8,300,225,12906975
NIFTY-I.NFO,08/05/2025,13:31:02,24433,24432,675,24434.8,300,75,12900825
NIFTY-I.NFO,08/05/2025,13:31:04,24432,24432,600,24434.8,300,75,12900825
NIFTY-I.NFO,08/05/2025,13:31:06,24432,24432,450,24434.8,300,150,12900825
NIFTY-I.NFO,08/05/2025,13:31:07,24434.9,24432,300,24434.9,1800,525,12900825
NIFTY-I.NFO,08/05/2025,13:31:09,24434.9,24433,150,24434.9,1800,0,12900825
NIFTY-I.NFO,08/05/2025,13:31:11,24434.9,24433,225,24434.9,1800,0,12900825
NIFTY-I.NFO,08/05/2025,13:31:14,24434.9,24433,225,24434.9,1875,0,12900825
NIFTY-I.NFO,08/05/2025,13:31:16,24433,24433,150,24434.9,1875,150,12900825
NIFTY-I.NFO,08/05/2025,13:31:17,24433,24433,150,24434.9,1875,0,12900825
NIFTY-I.NFO,08/05/2025,13:31:22,24433,24432.4,75,24434.9,1875,150,12900825
NIFTY-I.NFO,08/05/2025,13:31:24,24433.5,24433.5,75,24434.9,1800,150,12900825
NIFTY-I.NFO,08/05/2025,13:31:26,24434.9,24432.7,75,24434.9,1650,150,12900825
NIFTY-I.NFO,08/05/2025,13:31:27,24433,24433,75,24434.9,1650,75,12900825
NIFTY-I.NFO,08/05/2025,13:31:29,24434.9,24433,1500,24434.9,1725,300,12900825
NIFTY-I.NFO,08/05/2025,13:31:31,24434.9,24433,1500,24434.8,375,0,12900825
NIFTY-I.NFO,08/05/2025,13:31:32,24433,24433,300,24434.8,375,1275,12900825
NIFTY-I.NFO,08/05/2025,13:31:34,24433,24432,300,24433,1050,450,12900825
NIFTY-I.NFO,08/05/2025,13:31:36,24433,24432,225,24433,2400,225,12900825
NIFTY-I.NFO,08/05/2025,13:31:37,24432,24431.1,225,24432,375,450,12900825
NIFTY-I.NFO,08/05/2025,13:31:39,24431.1,24430.9,75,24431.1,450,675,12900825
NIFTY-I.NFO,08/05/2025,13:31:41,24431.1,24430.8,1575,24431.1,75,525,12900825
NIFTY-I.NFO,08/05/2025,13:31:42,24431,24430.9,900,24431.1,75,225,12900825
NIFTY-I.NFO,08/05/2025,13:31:44,24433,24431,450,24433,900,1875,12900825
NIFTY-I.NFO,08/05/2025,13:31:46,24430.7,24430.5,900,24431,150,750,12900825
NIFTY-I.NFO,08/05/2025,13:31:47,24431,24430.2,1050,24431,75,75,12900825
NIFTY-I.NFO,08/05/2025,13:31:49,24431,24431.1,75,24433,975,75,12900825
NIFTY-I.NFO,08/05/2025,13:31:50,24431,24430.5,150,24432.9,150,450,12900825
NIFTY-I.NFO,08/05/2025,13:31:52,24430.1,24430,1275,24430.1,2325,675,12900825
NIFTY-I.NFO,08/05/2025,13:31:54,24430.1,24430,1275,24430.1,2175,150,12900825
NIFTY-I.NFO,08/05/2025,13:31:55,24430,24430,525,24430.1,2025,975,12900825
NIFTY-I.NFO,08/05/2025,13:31:57,24430,24429.5,75,24430,75,1050,12900825
NIFTY-I.NFO,08/05/2025,13:31:59,24430.1,24430,75,24430.1,1950,150,12900825
NIFTY-I.NFO,08/05/2025,13:32:00,24430.1,24430,75,24430.1,1650,300,12900825
NIFTY-I.NFO,08/05/2025,13:32:02,24431,24430.1,825,24431,75,1725,12900825
NIFTY-I.NFO,08/05/2025,13:32:04,24431,24430,375,24432,225,75,12900825
NIFTY-I.NFO,08/05/2025,13:32:05,24430,24429.5,1200,24430,150,150,12900825
NIFTY-I.NFO,08/05/2025,13:32:07,24430,24429.5,825,24432,150,375,12900825
NIFTY-I.NFO,08/05/2025,13:32:09,24432,24430.2,825,24433,75,225,12900825
NIFTY-I.NFO,08/05/2025,13:32:10,24432,24430.2,825,24433,75,0,12900825
NIFTY-I.NFO,08/05/2025,13:32:12,24433,24431.4,75,24434.9,975,150,12900825
NIFTY-I.NFO,08/05/2025,13:32:14,24433,24431.4,150,24434.9,975,0,12900825
NIFTY-I.NFO,08/05/2025,13:32:17,24433,24432,600,24434.9,975,150,12900825
NIFTY-I.NFO,08/05/2025,13:32:19,24434.9,24433,150,24434.9,675,300,12900825
NIFTY-I.NFO,08/05/2025,13:32:20,24435,24434.9,450,24435,75,825,12900825
NIFTY-I.NFO,08/05/2025,13:32:22,24431.9,24432.5,75,24435.5,150,1350,12900825
NIFTY-I.NFO,08/05/2025,13:32:24,24435.5,24435,150,24435.5,75,75,12900825
NIFTY-I.NFO,08/05/2025,13:32:25,24433,24433.2,75,24435,75,225,12900825
NIFTY-I.NFO,08/05/2025,13:32:27,24435,24431.9,75,24435.5,75,75,12900825
NIFTY-I.NFO,08/05/2025,13:32:29,24435,24432.6,75,24435.5,75,0,12900825
NIFTY-I.NFO,08/05/2025,13:32:30,24435,24432.6,75,24437.5,450,300,12900825
NIFTY-I.NFO,08/05/2025,13:32:34,24432.6,24432.7,75,24435.7,225,75,12900825
NIFTY-I.NFO,08/05/2025,13:32:35,24432.7,24432.3,75,24435.7,225,75,12900825
NIFTY-I.NFO,08/05/2025,13:32:37,24435.6,24431.7,225,24435.7,225,75,12900825
NIFTY-I.NFO,08/05/2025,13:32:39,24432.5,24432.2,375,24433,225,375,12900825
NIFTY-I.NFO,08/05/2025,13:32:40,24435.7,24432,675,24435.7,150,600,12900825
NIFTY-I.NFO,08/05/2025,13:32:42,24433.9,24432.3,1500,24435.7,150,225,12900825
NIFTY-I.NFO,08/05/2025,13:32:44,24433.9,24432.3,1500,24434,75,0,12900825
NIFTY-I.NFO,08/05/2025,13:32:45,24433.9,24432.5,450,24434,75,0,12900825
NIFTY-I.NFO,08/05/2025,13:32:47,24432.5,24432.4,1050,24434,75,75,12900825
NIFTY-I.NFO,08/05/2025,13:32:49,24434,24432.4,675,24435.7,150,75,12900825
NIFTY-I.NFO,08/05/2025,13:32:50,24436,24434,75,24435,1050,1200,12900825
NIFTY-I.NFO,08/05/2025,13:32:52,24432.4,24432,375,24432.2,525,2025,12900825
NIFTY-I.NFO,08/05/2025,13:32:54,24432.2,24432,450,24432.1,75,225,12900825
NIFTY-I.NFO,08/05/2025,13:32:55,24432.2,24432,450,24432.2,225,150,12900825
NIFTY-I.NFO,08/05/2025,13:32:57,24431.1,24430.7,675,24431.1,150,675,12900825
NIFTY-I.NFO,08/05/2025,13:32:59,24430.3,24430.2,750,24431.3,75,600,12900825
NIFTY-I.NFO,08/05/2025,13:33:00,24431.3,24430.3,375,24431,975,825,12900825
NIFTY-I.NFO,08/05/2025,13:33:02,24430.6,24430.5,375,24431,300,1200,12900825
NIFTY-I.NFO,08/05/2025,13:33:04,24430.9,24431.2,75,24432.4,75,450,12900825
NIFTY-I.NFO,08/05/2025,13:33:05,24430.9,24431.2,375,24432.4,75,0,12900825
NIFTY-I.NFO,08/05/2025,13:33:07,24430.9,24431.3,75,24432.4,75,0,12900825
NIFTY-I.NFO,08/05/2025,13:33:09,24430.9,24432,75,24432.4,75,0,12900825
NIFTY-I.NFO,08/05/2025,13:33:10,24432.4,24430.2,375,24431,75,75,12900825
NIFTY-I.NFO,08/05/2025,13:33:12,24431,24431.3,375,24433,150,600,12900825
NIFTY-I.NFO,08/05/2025,13:33:14,24431.1,24431.2,150,24435,75,300,12900825
NIFTY-I.NFO,08/05/2025,13:33:15,24435.6,24431.2,225,24434.9,1350,150,12900825
NIFTY-I.NFO,08/05/2025,13:33:17,24434.9,24430.9,75,24434.9,1050,375,12900825
NIFTY-I.NFO,08/05/2025,13:33:19,24434.9,24431,75,24434.9,900,150,12900825
NIFTY-I.NFO,08/05/2025,13:33:20,24434.9,24431,75,24434.9,900,0,12900825
NIFTY-I.NFO,08/05/2025,13:33:22,24434.9,24431.1,75,24434.9,900,0,12900825
NIFTY-I.NFO,08/05/2025,13:33:23,24432.1,24432.4,75,24434.9,900,150,12900825
NIFTY-I.NFO,08/05/2025,13:33:25,24432.4,24432.6,75,24434.6,150,75,12900825
NIFTY-I.NFO,08/05/2025,13:33:27,24432.4,24432.6,75,24434.6,150,0,12900825
NIFTY-I.NFO,08/05/2025,13:33:28,24432.4,24432.6,450,24434.6,150,0,12900825
NIFTY-I.NFO,08/05/2025,13:33:30,24432.4,24432.8,75,24434,300,0,12900825
NIFTY-I.NFO,08/05/2025,13:33:32,24434,24432.8,75,24434,225,75,12900825
NIFTY-I.NFO,08/05/2025,13:33:33,24433.3,24433.1,75,24434.6,75,450,12900825
NIFTY-I.NFO,08/05/2025,13:33:35,24434.6,24433,75,24434.9,900,150,12900825
NIFTY-I.NFO,08/05/2025,13:33:37,24433,24433.5,75,24434.9,900,150,12900825
NIFTY-I.NFO,08/05/2025,13:33:38,24433,24433.8,75,24434.9,900,0,12900825
NIFTY-I.NFO,08/05/2025,13:33:40,24433,24433.7,75,24434.9,900,0,12900825
NIFTY-I.NFO,08/05/2025,13:33:42,24433,24432.7,75,24434.9,900,0,12900825
NIFTY-I.NFO,08/05/2025,13:33:43,24437.3,24436.9,375,24437.4,150,4500,12900825
NIFTY-I.NFO,08/05/2025,13:33:45,24436.9,24436.9,300,24437.4,75,150,12900825
NIFTY-I.NFO,08/05/2025,13:33:47,24436.9,24436.9,225,24437.7,75,150,12900825
NIFTY-I.NFO,08/05/2025,13:33:49,24437.9,24436.9,150,24437.9,300,375,12900825
NIFTY-I.NFO,08/05/2025,13:33:50,24437.9,24436.9,150,24437,75,0,12900825
NIFTY-I.NFO,08/05/2025,13:33:52,24437,24436.9,150,24438,450,75,12900825
NIFTY-I.NFO,08/05/2025,13:33:54,24436.9,24436.9,75,24438,225,300,12900825
NIFTY-I.NFO,08/05/2025,13:33:55,24436.9,24437,75,24438,225,0,12900825
NIFTY-I.NFO,08/05/2025,13:33:59,24437,24436.9,75,24438,225,75,12900825
NIFTY-I.NFO,08/05/2025,13:34:00,24439.5,24439.5,600,24439.7,225,5925,12900825
NIFTY-I.NFO,08/05/2025,13:34:02,24439.5,24439.5,450,24439.7,225,150,12901575
NIFTY-I.NFO,08/05/2025,13:34:04,24439.5,24439.5,525,24439.6,150,675,12901575
NIFTY-I.NFO,08/05/2025,13:34:05,24439.5,24439.5,525,24439.6,150,0,12901575
NIFTY-I.NFO,08/05/2025,13:34:07,24439.6,24439.5,750,24439.9,600,2325,12901575
NIFTY-I.NFO,08/05/2025,13:34:09,24439.9,24439.5,750,24439.9,225,75,12901575
NIFTY-I.NFO,08/05/2025,13:34:10,24439.9,24439.5,750,24439.7,525,75,12901575
NIFTY-I.NFO,08/05/2025,13:34:12,24439.7,24439.5,675,24439.7,225,375,12901575
NIFTY-I.NFO,08/05/2025,13:34:14,24439.7,24439.5,675,24439.7,225,0,12901575
NIFTY-I.NFO,08/05/2025,13:34:15,24439.6,24439.5,450,24439.6,375,450,12901575
NIFTY-I.NFO,08/05/2025,13:34:17,24439.6,24439.5,450,24439.6,375,0,12901575
NIFTY-I.NFO,08/05/2025,13:34:19,24439.5,24439.5,225,24439.6,300,375,12901575
NIFTY-I.NFO,08/05/2025,13:34:20,24439.5,24439.5,375,24440,375,1050,12901575
NIFTY-I.NFO,08/05/2025,13:34:22,24440,24439.5,375,24439.9,75,375,12901575
NIFTY-I.NFO,08/05/2025,13:34:23,24439.9,24439.7,150,24442,150,75,12901575
NIFTY-I.NFO,08/05/2025,13:34:25,24438.5,24439.5,750,24440.8,525,1800,12901575
NIFTY-I.NFO,08/05/2025,13:34:27,24437.7,24439.5,750,24439.9,675,3675,12901575
NIFTY-I.NFO,08/05/2025,13:34:28,24439.9,24439.5,750,24439.9,375,4650,12901575
NIFTY-I.NFO,08/05/2025,13:34:30,24439.7,24439.5,300,24439.7,300,750,12901575
NIFTY-I.NFO,08/05/2025,13:34:32,24439.7,24439.5,375,24439.9,300,300,12901575
NIFTY-I.NFO,08/05/2025,13:34:33,24439.9,24439.5,375,24439.9,225,75,12901575
NIFTY-I.NFO,08/05/2025,13:34:35,24439.9,24439.5,450,24439.7,600,0,12901575
NIFTY-I.NFO,08/05/2025,13:34:37,24439.7,24439.5,450,24439.7,300,300,12901575
NIFTY-I.NFO,08/05/2025,13:34:38,24439.7,24439.5,450,24439.7,225,75,12901575
NIFTY-I.NFO,08/05/2025,13:34:40,24439.6,24439.5,225,24439.6,450,300,12901575
NIFTY-I.NFO,08/05/2025,13:34:41,24439.5,24439.5,750,24439.6,375,1050,12901575
NIFTY-I.NFO,08/05/2025,13:34:43,24439.5,24439.5,600,24439.6,75,450,12901575
NIFTY-I.NFO,08/05/2025,13:34:45,24439.7,24439.5,450,24439.7,450,300,12901575
NIFTY-I.NFO,08/05/2025,13:34:46,24439.7,24439.5,450,24439.7,450,0,12901575
NIFTY-I.NFO,08/05/2025,13:34:48,24439.5,24439.6,75,24439.7,450,75,12901575
NIFTY-I.NFO,08/05/2025,13:34:49,24439.5,24439.5,75,24439.6,975,1275,12901575
NIFTY-I.NFO,08/05/2025,13:34:51,24440,24440,225,24441.8,75,1500,12901575
NIFTY-I.NFO,08/05/2025,13:34:53,24440,24440,225,24441.6,75,0,12901575
NIFTY-I.NFO,08/05/2025,13:34:54,24440,24440,375,24440.7,525,150,12901575
NIFTY-I.NFO,08/05/2025,13:34:56,24440,24440,225,24440.7,525,150,12901575
NIFTY-I.NFO,08/05/2025,13:34:59,24440.7,24440,375,24440.3,525,75,12901575
NIFTY-I.NFO,08/05/2025,13:35:01,24440.3,24440,525,24440.3,450,600,12901575
NIFTY-I.NFO,08/05/2025,13:35:02,24440.3,24440,450,24440.3,375,150,12901575
NIFTY-I.NFO,08/05/2025,13:35:04,24440.3,24440,450,24440.3,450,0,12901575
NIFTY-I.NFO,08/05/2025,13:35:05,24440,24440,525,24440.1,675,375,12901575
NIFTY-I.NFO,08/05/2025,13:35:07,24440,24440,375,24440.1,675,675,12901575
NIFTY-I.NFO,08/05/2025,13:35:09,24439.5,24439.5,450,24440.1,600,750,12901575
NIFTY-I.NFO,08/05/2025,13:35:10,24442,24442,600,24442.1,450,5550,12901575
NIFTY-I.NFO,08/05/2025,13:35:12,24442,24442,675,24442.1,450,2175,12901575
NIFTY-I.NFO,08/05/2025,13:35:13,24442,24442,450,24442.1,450,225,12901575
NIFTY-I.NFO,08/05/2025,13:35:15,24442,24442,750,24442.1,450,1200,12901575
NIFTY-I.NFO,08/05/2025,13:35:17,24442,24442,750,24442.1,450,750,12901575
NIFTY-I.NFO,08/05/2025,13:35:18,24442,24442,675,24442.1,225,300,12901575
NIFTY-I.NFO,08/05/2025,13:35:20,24442,24442,750,24442.1,225,1425,12901575
NIFTY-I.NFO,08/05/2025,13:35:21,24442,24440,675,24442.1,225,5475,12901575
NIFTY-I.NFO,08/05/2025,13:35:23,24442,24442,75,24442.1,225,6000,12901575
NIFTY-I.NFO,08/05/2025,13:35:25,24442,24442,675,24442.1,750,3150,12901575
NIFTY-I.NFO,08/05/2025,13:35:26,24442,24442,375,24442.1,825,4125,12901575
NIFTY-I.NFO,08/05/2025,13:35:28,24442.1,24442,450,24442.1,525,3825,12901575
NIFTY-I.NFO,08/05/2025,13:35:30,24442.2,24442,150,24442.3,225,1875,12901575
NIFTY-I.NFO,08/05/2025,13:35:31,24441.7,24440,1050,24441.4,75,1050,12901575
NIFTY-I.NFO,08/05/2025,13:35:33,24442.1,24440,450,24442,150,2775,12901575
NIFTY-I.NFO,08/05/2025,13:35:35,24441.7,24440,450,24441.6,150,5550,12901575
NIFTY-I.NFO,08/05/2025,13:35:36,24442.1,24442.1,225,24442.2,375,4350,12901575
NIFTY-I.NFO,08/05/2025,13:35:38,24442.1,24442.1,900,24443.4,375,1950,12901575
NIFTY-I.NFO,08/05/2025,13:35:40,24442.1,24442.1,900,24442.7,525,0,12901575
NIFTY-I.NFO,08/05/2025,13:35:41,24442.1,24442.1,450,24442.7,525,675,12901575
NIFTY-I.NFO,08/05/2025,13:35:43,24442.1,24442.1,450,24442.7,525,150,12901575
NIFTY-I.NFO,08/05/2025,13:35:45,24442.1,24442.1,525,24442.4,525,525,12901575
NIFTY-I.NFO,08/05/2025,13:35:46,24442,24442.1,600,24442.4,600,1050,12901575
NIFTY-I.NFO,08/05/2025,13:35:48,24442.1,24442.1,525,24442.3,150,75,12901575
NIFTY-I.NFO,08/05/2025,13:35:50,24442.1,24442.1,375,24442.2,600,1200,12901575
NIFTY-I.NFO,08/05/2025,13:35:51,24442.1,24442.1,375,24442.2,975,4500,12901575
NIFTY-I.NFO,08/05/2025,13:35:53,24442.1,24442.1,1050,24442.2,675,3675,12901575
NIFTY-I.NFO,08/05/2025,13:35:55,24442.1,24442.1,825,24442.2,75,1350,12901575
NIFTY-I.NFO,08/05/2025,13:35:56,24442.1,24442.1,600,24442.2,150,3750,12901575
NIFTY-I.NFO,08/05/2025,13:35:58,24442.1,24442.1,825,24442.2,150,1875,12901575
NIFTY-I.NFO,08/05/2025,13:36:00,24442.1,24442.1,300,24442.2,75,2400,12901575
NIFTY-I.NFO,08/05/2025,13:36:01,24442.1,24442.1,675,24442.2,75,5700,12901575
NIFTY-I.NFO,08/05/2025,13:36:03,24442.1,24442.1,375,24442.2,225,6825,12901575
NIFTY-I.NFO,08/05/2025,13:36:05,24440,24439.2,75,24439.4,75,825,12901575
NIFTY-I.NFO,08/05/2025,13:36:06,24437.7,24436.3,75,24439.4,150,225,12901575
NIFTY-I.NFO,08/05/2025,13:36:08,24437.7,24439.2,75,24440.2,75,0,12901575
NIFTY-I.NFO,08/05/2025,13:36:10,24439.2,24436.3,75,24439.1,75,75,12901575
NIFTY-I.NFO,08/05/2025,13:36:11,24436.4,24436.3,150,24440,300,2325,12901575
NIFTY-I.NFO,08/05/2025,13:36:13,24440,24435.7,225,24440,1350,150,12901575
NIFTY-I.NFO,08/05/2025,13:36:15,24440,24435.6,150,24437.8,525,75,12901575
NIFTY-I.NFO,08/05/2025,13:36:16,24440,24435.6,150,24437.8,525,0,12901575
NIFTY-I.NFO,08/05/2025,13:36:18,24437.2,24432.7,450,24437.2,300,900,12901575
NIFTY-I.NFO,08/05/2025,13:36:20,24434.9,24434,150,24438.9,300,1125,12901575
NIFTY-I.NFO,08/05/2025,13:36:21,24434.9,24434,300,24438.9,300,0,12901575
NIFTY-I.NFO,08/05/2025,13:36:23,24438.9,24433.3,375,24438,1275,225,12901575
NIFTY-I.NFO,08/05/2025,13:36:25,24434.9,24433.3,75,24435.6,525,75,12901575
NIFTY-I.NFO,08/05/2025,13:36:26,24434.9,24433.1,75,24434.9,75,0,12901575
NIFTY-I.NFO,08/05/2025,13:36:28,24440,24440,1500,24440.7,150,4800,12901575
NIFTY-I.NFO,08/05/2025,13:36:30,24440,24440,750,24440.3,525,750,12901575
NIFTY-I.NFO,08/05/2025,13:36:31,24440,24440,150,24440.2,75,600,12901575
NIFTY-I.NFO,08/05/2025,13:36:33,24440,24440,450,24440.3,525,1200,12901575
NIFTY-I.NFO,08/05/2025,13:36:35,24440,24440,1350,24440.1,600,600,12901575
NIFTY-I.NFO,08/05/2025,13:36:36,24440,24440,1125,24440.1,600,225,12901575
NIFTY-I.NFO,08/05/2025,13:36:38,24440.1,24440,1125,24440.1,525,75,12901575
NIFTY-I.NFO,08/05/2025,13:36:39,24440,24440,75,24440.9,150,1050,12901575
NIFTY-I.NFO,08/05/2025,13:36:41,24440,24440,525,24441,150,1275,12901575
NIFTY-I.NFO,08/05/2025,13:36:43,24440,24440,375,24441.1,75,150,12901575
NIFTY-I.NFO,08/05/2025,13:36:44,24440,24440,300,24440.4,75,75,12901575
NIFTY-I.NFO,08/05/2025,13:36:46,24440,24440,150,24440.5,525,225,12901575
NIFTY-I.NFO,08/05/2025,13:36:48,24440,24440,1425,24440.5,375,375,12901575
NIFTY-I.NFO,08/05/2025,13:36:49,24440,24440,675,24440.1,75,2250,12901575
NIFTY-I.NFO,08/05/2025,13:36:51,24440,24440,450,24440.1,150,225,12901575
NIFTY-I.NFO,08/05/2025,13:36:53,24440,24440,375,24440.1,150,75,12901575
NIFTY-I.NFO,08/05/2025,13:36:54,24440,24440,900,24441.2,150,2550,12901575
NIFTY-I.NFO,08/05/2025,13:36:56,24440,24440,600,24440.8,75,375,12901575
NIFTY-I.NFO,08/05/2025,13:36:57,24440,24440,1425,24440.8,75,825,12901575
NIFTY-I.NFO,08/05/2025,13:36:59,24440,24440,1275,24440.8,75,225,12901575
NIFTY-I.NFO,08/05/2025,13:37:01,24440,24440,525,24440.4,225,2250,12901575
NIFTY-I.NFO,08/05/2025,13:37:02,24440,24440,450,24440.3,150,75,12955875
NIFTY-I.NFO,08/05/2025,13:37:04,24440,24440,300,24440.3,225,1650,12955875
NIFTY-I.NFO,08/05/2025,13:37:06,24440,24440,75,24440.2,675,6525,12955875
NIFTY-I.NFO,08/05/2025,13:37:07,24440,24440,450,24440.1,300,4200,12955875
NIFTY-I.NFO,08/05/2025,13:37:09,24440,24440,375,24440.1,300,75,12955875
NIFTY-I.NFO,08/05/2025,13:37:11,24440.1,24440,1350,24440.1,150,600,12955875
NIFTY-I.NFO,08/05/2025,13:37:12,24440,24440,600,24440.1,300,900,12955875
NIFTY-I.NFO,08/05/2025,13:37:14,24440,24440,1425,24440.1,225,750,12955875
NIFTY-I.NFO,08/05/2025,13:37:15,24440,24440,225,24440.1,225,1275,12955875
NIFTY-I.NFO,08/05/2025,13:37:17,24440,24440,1500,24440.1,225,1725,12955875
NIFTY-I.NFO,08/05/2025,13:37:19,24440.1,24440,1125,24440.1,1050,1950,12955875
NIFTY-I.NFO,08/05/2025,13:37:20,24440,24440,900,24440.1,375,300,12955875
NIFTY-I.NFO,08/05/2025,13:37:22,24440,24440,1200,24440.1,1350,5700,12955875
NIFTY-I.NFO,08/05/2025,13:37:24,24440,24440,225,24440.1,825,11550,12955875
NIFTY-I.NFO,08/05/2025,13:37:25,24435,24435,300,24436.6,75,1050,12955875
NIFTY-I.NFO,08/05/2025,13:37:27,24436.3,24435,825,24436.3,150,300,12955875
NIFTY-I.NFO,08/05/2025,13:37:29,24436.4,24436.3,450,24436.4,75,225,12955875
NIFTY-I.NFO,08/05/2025,13:37:30,24435.1,24435,525,24436.3,525,825,12955875
NIFTY-I.NFO,08/05/2025,13:37:32,24435.9,24435,600,24435.8,75,1875,12955875
NIFTY-I.NFO,08/05/2025,13:37:34,24435,24430.1,150,24435.1,75,9900,12955875
NIFTY-I.NFO,08/05/2025,13:37:35,24435,24435,225,24435.1,975,6075,12955875
NIFTY-I.NFO,08/05/2025,13:37:37,24430.8,24430,2775,24430.8,225,14100,12955875
NIFTY-I.NFO,08/05/2025,13:37:39,24427,24425.7,75,24431.2,225,4875,12955875
NIFTY-I.NFO,08/05/2025,13:37:40,24425.6,24425.2,75,24431.1,150,4200,12955875
NIFTY-I.NFO,08/05/2025,13:37:42,24426.4,24425.2,75,24431.8,150,1200,12955875
NIFTY-I.NFO,08/05/2025,13:37:44,24427,24425.2,75,24430.9,150,75,12955875
NIFTY-I.NFO,08/05/2025,13:37:45,24426.4,24430.9,225,24431.4,150,150,12955875
NIFTY-I.NFO,08/05/2025,13:37:47,24431.4,24427,225,24429.9,75,600,12955875
NIFTY-I.NFO,08/05/2025,13:37:49,24425.1,24425.1,900,24427,2775,675,12955875
NIFTY-I.NFO,08/05/2025,13:37:50,24425.2,24425.3,375,24426.4,150,225,12955875
NIFTY-I.NFO,08/05/2025,13:37:52,24425.1,24425,2100,24426.4,150,1350,12955875
NIFTY-I.NFO,08/05/2025,13:37:54,24426.4,24426.4,225,24427,2850,1350,12955875
NIFTY-I.NFO,08/05/2025,13:37:55,24425,24425,750,24426.4,150,1050,12955875
NIFTY-I.NFO,08/05/2025,13:37:57,24425,24425,600,24426.4,150,150,12955875
NIFTY-I.NFO,08/05/2025,13:37:59,24425,24425,675,24426.3,75,150,12955875
NIFTY-I.NFO,08/05/2025,13:38:00,24421,24419.2,825,24425,1125,15825,12955875
NIFTY-I.NFO,08/05/2025,13:38:00,24419.1,24419.2,825,24425,1125,0,12955875
NIFTY-I.NFO,08/05/2025,13:38:02,24414.9,24412.7,75,24414.9,825,19950,12955875
NIFTY-I.NFO,08/05/2025,13:38:02,24410,24412.7,75,24414.9,825,0,12955875
NIFTY-I.NFO,08/05/2025,13:38:04,24416.3,24415.9,600,24419.3,75,2625,12955875
NIFTY-I.NFO,08/05/2025,13:38:05,24415.9,24414.6,75,24415.9,300,3075,12955875
NIFTY-I.NFO,08/05/2025,13:38:07,24420,24414.6,75,24419.6,150,1275,12955875
NIFTY-I.NFO,08/05/2025,13:38:09,24414.1,24414.6,150,24419.8,75,900,12955875
NIFTY-I.NFO,08/05/2025,13:38:10,24412.9,24412.5,225,24416,150,1875,12955875
NIFTY-I.NFO,08/05/2025,13:38:12,24412.7,24412.6,525,24414.6,75,600,12955875
NIFTY-I.NFO,08/05/2025,13:38:14,24410,24412.1,75,24414.5,75,525,12955875
NIFTY-I.NFO,08/05/2025,13:38:15,24412.2,24412.1,75,24412.6,300,900,12955875
NIFTY-I.NFO,08/05/2025,13:38:17,24412.6,24412.6,75,24417.4,150,450,12955875
NIFTY-I.NFO,08/05/2025,13:38:19,24411.8,24411.7,375,24415,75,2475,12955875
NIFTY-I.NFO,08/05/2025,13:38:20,24417.4,24414.6,150,24417.5,75,450,12955875
NIFTY-I.NFO,08/05/2025,13:38:22,24419,24419,600,24419.2,225,4050,12955875
NIFTY-I.NFO,08/05/2025,13:38:24,24419,24419,675,24419.1,75,59175,12955875
NIFTY-I.NFO,08/05/2025,13:38:24,24406.5,24419,675,24419.1,75,0,12955875
NIFTY-I.NFO,08/05/2025,13:38:25,24419.7,24419,750,24419.7,2850,825,12955875
NIFTY-I.NFO,08/05/2025,13:38:27,24419.7,24419,525,24419.7,2550,525,12955875
NIFTY-I.NFO,08/05/2025,13:38:29,24419,24419,525,24419.6,150,1650,12955875
NIFTY-I.NFO,08/05/2025,13:38:30,24419,24419,375,24419.7,2700,375,12955875
NIFTY-I.NFO,08/05/2025,13:38:32,24419.7,24419,375,24419.7,1125,2400,12955875
NIFTY-I.NFO,08/05/2025,13:38:34,24419.7,24419,375,24419.7,1200,0,12955875
NIFTY-I.NFO,08/05/2025,13:38:35,24419,24419,525,24419.1,150,4875,12955875
NIFTY-I.NFO,08/05/2025,13:38:37,24419,24419,375,24419.1,1950,40200,12955875
NIFTY-I.NFO,08/05/2025,13:38:39,24413,24412.6,75,24414.7,75,1125,12955875
NIFTY-I.NFO,08/05/2025,13:38:40,24412.1,24411.8,75,24415.1,450,225,12955875
NIFTY-I.NFO,08/05/2025,13:38:42,24414.1,24411,75,24415.1,375,525,12955875
NIFTY-I.NFO,08/05/2025,13:38:44,24412.6,24411,150,24412.6,150,525,12955875
NIFTY-I.NFO,08/05/2025,13:38:45,24412.6,24408.9,75,24412.6,150,900,12955875
NIFTY-I.NFO,08/05/2025,13:38:47,24406.1,24407.2,75,24413.6,75,900,12955875
NIFTY-I.NFO,08/05/2025,13:38:47,24406.1,24407.2,75,24413.6,75,0,12955875
NIFTY-I.NFO,08/05/2025,13:38:49,24407.4,24407.3,450,24413,75,525,12955875
NIFTY-I.NFO,08/05/2025,13:38:50,24407.3,24407.1,150,24413.1,75,225,12955875
NIFTY-I.NFO,08/05/2025,13:38:52,24408.2,24407.5,75,24414.2,150,1425,12955875
NIFTY-I.NFO,08/05/2025,13:38:54,24406.4,24407.1,225,24412.8,75,675,12955875
NIFTY-I.NFO,08/05/2025,13:38:55,24413.1,24407.5,75,24413,150,1350,12955875
NIFTY-I.NFO,08/05/2025,13:38:57,24405.1,24405.1,1050,24409.9,300,3675,12955875
NIFTY-I.NFO,08/05/2025,13:38:57,24405.1,24405.1,1050,24409.9,300,0,12955875
NIFTY-I.NFO,08/05/2025,13:38:59,24407.3,24405.1,1050,24408,75,600,12955875
NIFTY-I.NFO,08/05/2025,13:39:00,24405,24405,1875,24407.2,150,4500,12955875
NIFTY-I.NFO,08/05/2025,13:39:00,24405,24405,1875,24407.2,150,0,12955875
NIFTY-I.NFO,08/05/2025,13:39:02,24405,24405,1125,24407.1,75,4500,12955875
NIFTY-I.NFO,08/05/2025,13:39:04,24405.1,24404,900,24406.1,825,1500,12955875
NIFTY-I.NFO,08/05/2025,13:39:04,24404,24404,900,24406.1,825,0,12955875
NIFTY-I.NFO,08/05/2025,13:39:05,24406.2,24404,825,24407.2,825,750,12955875
NIFTY-I.NFO,08/05/2025,13:39:07,24406,24406,75,24406.1,5925,2400,12955875
NIFTY-I.NFO,08/05/2025,13:39:07,24403,24406,75,24406.1,5925,0,12955875
NIFTY-I.NFO,08/05/2025,13:39:09,24403.2,24402.6,150,24405.1,75,900,12955875
NIFTY-I.NFO,08/05/2025,13:39:09,24402.6,24402.6,150,24405.1,75,0,12955875
NIFTY-I.NFO,08/05/2025,13:39:10,24404.1,24401,2850,24404,75,3225,12955875
NIFTY-I.NFO,08/05/2025,13:39:10,24401,24401,2850,24404,75,0,12955875
NIFTY-I.NFO,08/05/2025,13:39:12,24396.6,24398.2,75,24404.7,1200,23025,12955875
NIFTY-I.NFO,08/05/2025,13:39:12,24395.4,24398.2,75,24404.7,1200,0,12955875
NIFTY-I.NFO,08/05/2025,13:39:14,24404.9,24404.9,1500,24405.9,1200,4350,12955875
NIFTY-I.NFO,08/05/2025,13:39:15,24400,24400,75,24404.2,75,2325,12955875
NIFTY-I.NFO,08/05/2025,13:39:17,24396,24399.7,75,24400,2100,750,12955875
NIFTY-I.NFO,08/05/2025,13:39:19,24400,24397,75,24400,1425,1650,12955875
NIFTY-I.NFO,08/05/2025,13:39:20,24402.6,24401,75,24403.6,75,2400,12955875
NIFTY-I.NFO,08/05/2025,13:39:22,24397,24396.9,150,24401.3,375,1425,12955875
NIFTY-I.NFO,08/05/2025,13:39:24,24399.7,24398,225,24400,450,1950,12955875
NIFTY-I.NFO,08/05/2025,13:39:25,24398.6,24396.1,675,24397.8,75,1050,12955875
NIFTY-I.NFO,08/05/2025,13:39:27,24396.1,24396.1,150,24397,1350,1125,12955875
NIFTY-I.NFO,08/05/2025,13:39:29,24394.3,24393.7,150,24396,225,5100,12955875
NIFTY-I.NFO,08/05/2025,13:39:29,24393.8,24393.7,150,24396,225,0,12955875
NIFTY-I.NFO,08/05/2025,13:39:30,24395.8,24394.8,75,24395,150,450,12955875
NIFTY-I.NFO,08/05/2025,13:39:30,24393.7,24394.8,75,24395,150,0,12955875
NIFTY-I.NFO,08/05/2025,13:39:32,24395,24392.5,75,24395,75,1425,12955875
NIFTY-I.NFO,08/05/2025,13:39:32,24393,24392.5,75,24395,75,0,12955875
NIFTY-I.NFO,08/05/2025,13:39:34,24395,24391.7,600,24395.5,75,1200,12955875
NIFTY-I.NFO,08/05/2025,13:39:34,24392,24391.7,600,24395.5,75,0,12955875
NIFTY-I.NFO,08/05/2025,13:39:35,24395,24394.8,450,24397,825,3150,12955875
NIFTY-I.NFO,08/05/2025,13:39:35,24391.8,24394.8,450,24397,825,0,12955875
NIFTY-I.NFO,08/05/2025,13:39:37,24399,24398.6,300,24399,375,1650,12955875
NIFTY-I.NFO,08/05/2025,13:39:39,24400,24399.2,300,24400,375,1950,12955875
NIFTY-I.NFO,08/05/2025,13:39:40,24403.9,24403,1575,24404,150,1500,12955875
NIFTY-I.NFO,08/05/2025,13:39:42,24406.1,24405.1,450,24406.1,750,7500,12955875
NIFTY-I.NFO,08/05/2025,13:39:44,24405.2,24405.1,1875,24406.1,75,4875,12955875
NIFTY-I.NFO,08/05/2025,13:39:45,24406,24404.1,150,24406.2,300,3900,12955875
NIFTY-I.NFO,08/05/2025,13:39:47,24406,24403.8,450,24405.9,75,1425,12955875
NIFTY-I.NFO,08/05/2025,13:39:49,24406.2,24406.2,225,24406.4,75,2625,12955875
NIFTY-I.NFO,08/05/2025,13:39:50,24406.9,24400.9,525,24405.9,750,3150,12955875
NIFTY-I.NFO,08/05/2025,13:39:52,24403,24400,525,24404.6,375,13200,12955875
NIFTY-I.NFO,08/05/2025,13:39:54,24405,24400.1,450,24405,1125,2775,12955875
NIFTY-I.NFO,08/05/2025,13:39:55,24405,24405,825,24405.7,750,3225,12955875
NIFTY-I.NFO,08/05/2025,13:39:57,24406,24405,75,24406,450,2325,12955875
NIFTY-I.NFO,08/05/2025,13:39:59,24400,24399.1,75,24400.1,300,3000,12955875
NIFTY-I.NFO,08/05/2025,13:40:00,24400,24399.2,75,24400,750,2250,12955875
NIFTY-I.NFO,08/05/2025,13:40:02,24401.6,24401.4,450,24406,375,3150,12946875
NIFTY-I.NFO,08/05/2025,13:40:04,24405.5,24401.1,75,24404.2,75,2175,12946875
NIFTY-I.NFO,08/05/2025,13:40:05,24403,24403,450,24403.2,75,16275,12946875
NIFTY-I.NFO,08/05/2025,13:40:07,24403,24403,75,24403.1,75,1800,12946875
NIFTY-I.NFO,08/05/2025,13:40:09,24403.2,24403,150,24403.5,75,3000,12946875
NIFTY-I.NFO,08/05/2025,13:40:10,24404.1,24401.6,75,24404.7,75,6975,12946875
NIFTY-I.NFO,08/05/2025,13:40:12,24400.8,24399,150,24400.8,75,2775,12946875
NIFTY-I.NFO,08/05/2025,13:40:14,24400,24398.6,600,24400.5,75,975,12946875
NIFTY-I.NFO,08/05/2025,13:40:15,24397,24397,750,24399.9,75,1725,12946875
NIFTY-I.NFO,08/05/2025,13:40:17,24396,24396,675,24399.1,75,1650,12946875
NIFTY-I.NFO,08/05/2025,13:40:19,24397,24397,300,24398.5,225,675,12946875
NIFTY-I.NFO,08/05/2025,13:40:20,24395,24394.4,75,24395,375,2250,12946875
NIFTY-I.NFO,08/05/2025,13:40:22,24395,24392,1725,24395.3,75,1050,12946875
NIFTY-I.NFO,08/05/2025,13:40:24,24392,24392,900,24394.4,3150,1350,12946875
NIFTY-I.NFO,08/05/2025,13:40:25,24394.4,24391,75,24394.4,1050,11775,12946875
NIFTY-I.NFO,08/05/2025,13:40:25,24390,24391,75,24394.4,1050,0,12946875
NIFTY-I.NFO,08/05/2025,13:40:27,24395.3,24395.3,975,24396.2,150,3600,12946875
NIFTY-I.NFO,08/05/2025,13:40:29,24396.7,24396.2,150,24396.9,225,2100,12946875
NIFTY-I.NFO,08/05/2025,13:40:30,24397.2,24397.2,750,24398.4,150,1875,12946875
NIFTY-I.NFO,08/05/2025,13:40:32,24397.8,24394.4,225,24398,75,2475,12946875
NIFTY-I.NFO,08/05/2025,13:40:34,24397.7,24394.5,75,24398.2,75,375,12946875
NIFTY-I.NFO,08/05/2025,13:40:35,24397.8,24397.9,75,24398.8,150,1125,12946875
NIFTY-I.NFO,08/05/2025,13:40:37,24402,24401.7,75,24402.1,225,1200,12946875
NIFTY-I.NFO,08/05/2025,13:40:39,24400,24397.9,450,24402.2,225,3075,12946875
NIFTY-I.NFO,08/05/2025,13:40:40,24400.5,24400.5,300,24403.9,75,1425,12946875
NIFTY-I.NFO,08/05/2025,13:40:42,24407,24402.1,450,24406.8,150,2025,12946875
NIFTY-I.NFO,08/05/2025,13:40:44,24406.8,24401.6,375,24407,150,1275,12946875
NIFTY-I.NFO,08/05/2025,13:40:45,24403,24402.4,375,24403,375,1125,12946875
NIFTY-I.NFO,08/05/2025,13:40:47,24403,24400,75,24403.6,75,975,12946875
NIFTY-I.NFO,08/05/2025,13:40:49,24400,24400,75,24400.6,150,450,12946875
NIFTY-I.NFO,08/05/2025,13:40:50,24400,24398.8,375,24402.4,525,2250,12946875
NIFTY-I.NFO,08/05/2025,13:40:52,24404.6,24400,75,24404.8,75,1050,12946875
NIFTY-I.NFO,08/05/2025,13:40:54,24405.8,24402.4,75,24404.4,150,7425,12946875
NIFTY-I.NFO,08/05/2025,13:40:55,24403.8,24403.8,150,24404.4,75,2175,12946875
NIFTY-I.NFO,08/05/2025,13:40:57,24400,24398.6,150,24400,150,675,12946875
NIFTY-I.NFO,08/05/2025,13:40:59,24400,24398,150,24400,150,375,12946875
NIFTY-I.NFO,08/05/2025,13:41:00,24404.9,24400.1,75,24404.9,75,525,12946875
NIFTY-I.NFO,08/05/2025,13:41:02,24402.5,24402.5,150,24405,225,2625,12946875
NIFTY-I.NFO,08/05/2025,13:41:04,24405,24400,75,24405.1,150,750,12946875
NIFTY-I.NFO,08/05/2025,13:41:05,24398,24398,225,24403.9,150,750,12946875
NIFTY-I.NFO,08/05/2025,13:41:07,24403,24397,75,24402.9,75,675,12946875
NIFTY-I.NFO,08/05/2025,13:41:09,24401,24398,375,24401,825,375,12946875
NIFTY-I.NFO,08/05/2025,13:41:10,24401,24400,150,24401,450,375,12946875
NIFTY-I.NFO,08/05/2025,13:41:12,24400,24398,300,24400,375,450,12946875
NIFTY-I.NFO,08/05/2025,13:41:14,24398,24398,225,24400,300,375,12946875
NIFTY-I.NFO,08/05/2025,13:41:15,24400,24398,225,24400,75,450,12946875
NIFTY-I.NFO,08/05/2025,13:41:17,24398.9,24395.8,375,24398.9,225,525,12946875
NIFTY-I.NFO,08/05/2025,13:41:19,24396,24395,1800,24395.6,375,300,12946875
NIFTY-I.NFO,08/05/2025,13:41:20,24400,24395,1800,24400,1725,600,12946875
NIFTY-I.NFO,08/05/2025,13:41:22,24395,24395,1050,24400,750,1650,12946875
NIFTY-I.NFO,08/05/2025,13:41:24,24398,24395,975,24398,150,1050,12946875
NIFTY-I.NFO,08/05/2025,13:41:25,24399.9,24398,900,24399.9,225,525,12946875
NIFTY-I.NFO,08/05/2025,13:41:27,24400,24398,900,24400,825,375,12946875
NIFTY-I.NFO,08/05/2025,13:41:29,24397,24396,75,24397,8925,1125,12946875
NIFTY-I.NFO,08/05/2025,13:41:30,24397,24395,675,24397,8250,1125,12946875
NIFTY-I.NFO,08/05/2025,13:41:32,24397,24395,225,24397,7725,1275,12946875
NIFTY-I.NFO,08/05/2025,13:41:34,24397,24395,75,24397,7575,600,12946875
NIFTY-I.NFO,08/05/2025,13:41:35,24397,24392.3,75,24397,7200,225,12946875
NIFTY-I.NFO,08/05/2025,13:41:37,24395,24395,525,24397,6900,1125,12946875
NIFTY-I.NFO,08/05/2025,13:41:39,24397,24395,525,24397,6450,600,12946875
NIFTY-I.NFO,08/05/2025,13:41:40,24395,24393.4,150,24397,6450,1650,12946875
NIFTY-I.NFO,08/05/2025,13:41:42,24393,24392,450,24393,2250,3450,12946875
NIFTY-I.NFO,08/05/2025,13:41:44,24392.2,24392.8,75,24393,1650,1425,12946875
NIFTY-I.NFO,08/05/2025,13:41:45,24395,24395,225,24397,6000,2550,12946875
NIFTY-I.NFO,08/05/2025,13:41:47,24393.9,24393.1,75,24397,5625,900,12946875
NIFTY-I.NFO,08/05/2025,13:41:49,24395,24393,225,24395,75,375,12946875
NIFTY-I.NFO,08/05/2025,13:41:50,24393.2,24393,225,24393.8,150,75,12946875
NIFTY-I.NFO,08/05/2025,13:41:52,24397,24391.9,750,24397,3825,8550,12946875
NIFTY-I.NFO,08/05/2025,13:41:54,24397,24393.9,150,24397,975,3150,12946875
NIFTY-I.NFO,08/05/2025,13:41:55,24395,24394.5,675,24395,75,1200,12946875
NIFTY-I.NFO,08/05/2025,13:41:57,24397,24395,150,24397,75,525,12946875
NIFTY-I.NFO,08/05/2025,13:41:59,24400,24395,75,24399.9,75,225,12946875
NIFTY-I.NFO,08/05/2025,13:42:00,24395.9,24395,75,24395.9,150,600,12946875
NIFTY-I.NFO,08/05/2025,13:42:02,24395,24394,225,24395,75,300,12946875
NIFTY-I.NFO,08/05/2025,13:42:04,24394,24392.3,75,24394,9600,825,12946875
NIFTY-I.NFO,08/05/2025,13:42:05,24393.9,24391.4,525,24394,9525,1350,12946875
NIFTY-I.NFO,08/05/2025,13:42:07,24391,24391.3,450,24394,8925,900,12946875
NIFTY-I.NFO,08/05/2025,13:42:09,24394,24391,450,24394,8625,375,12946875
NIFTY-I.NFO,08/05/2025,13:42:10,24393.9,24390.8,450,24393.9,1050,525,12946875
NIFTY-I.NFO,08/05/2025,13:42:12,24393.9,24391,75,24393.9,675,450,12946875
NIFTY-I.NFO,08/05/2025,13:42:14,24392.1,24390.2,75,24393.9,525,375,12946875
NIFTY-I.NFO,08/05/2025,13:42:15,24393,24392,75,24393.9,450,375,12946875
NIFTY-I.NFO,08/05/2025,13:42:17,24393.9,24393.9,75,24394,8550,600,12946875
NIFTY-I.NFO,08/05/2025,13:42:19,24392.5,24392,150,24394,8250,675,12946875
NIFTY-I.NFO,08/05/2025,13:42:20,24394,24391.6,525,24393.9,75,825,12946875
NIFTY-I.NFO,08/05/2025,13:42:22,24393.5,24393.5,75,24394,7875,750,12946875
NIFTY-I.NFO,08/05/2025,13:42:24,24395,24393.7,900,24399,150,10050,12946875
NIFTY-I.NFO,08/05/2025,13:42:25,24393.6,24394.3,825,24400,1800,2475,12946875
NIFTY-I.NFO,08/05/2025,13:42:27,24400,24395.9,1050,24400,2025,450,12946875
NIFTY-I.NFO,08/05/2025,13:42:29,24399,24395.9,75,24399,8325,2475,12946875
NIFTY-I.NFO,08/05/2025,13:42:30,24399,24395.9,75,24399,4500,3825,12946875
NIFTY-I.NFO,08/05/2025,13:42:32,24399,24394,75,24399,300,5925,12946875
NIFTY-I.NFO,08/05/2025,13:42:34,24395,24394.2,900,24399,150,525,12946875
NIFTY-I.NFO,08/05/2025,13:42:35,24395,24394.1,975,24395,75,300,12946875
NIFTY-I.NFO,08/05/2025,13:42:37,24392.6,24392.6,75,24393.3,75,450,12946875
NIFTY-I.NFO,08/05/2025,13:42:39,24394.3,24394.2,375,24398.9,150,750,12946875
NIFTY-I.NFO,08/05/2025,13:42:40,24399.5,24399.5,225,24399.8,75,1725,12946875
NIFTY-I.NFO,08/05/2025,13:42:42,24400,24399,1425,24400,975,2475,12946875
NIFTY-I.NFO,08/05/2025,13:42:44,24399,24399,1275,24400,675,675,12946875
NIFTY-I.NFO,08/05/2025,13:42:45,24399.9,24399.9,525,24400,525,225,12946875
NIFTY-I.NFO,08/05/2025,13:42:47,24400,24400,75,24400.5,75,1125,12946875
NIFTY-I.NFO,08/05/2025,13:42:49,24399.9,24399.1,75,24400,150,225,12946875
NIFTY-I.NFO,08/05/2025,13:42:50,24399.9,24399.1,1350,24399.9,825,150,12946875
NIFTY-I.NFO,08/05/2025,13:42:52,24399.7,24395,1275,24398,75,2175,12946875
NIFTY-I.NFO,08/05/2025,13:42:54,24398.7,24395,1275,24398.4,150,450,12946875
NIFTY-I.NFO,08/05/2025,13:42:55,24398.3,24395.1,1050,24398.3,825,225,12946875
NIFTY-I.NFO,08/05/2025,13:42:57,24398.2,24395.5,75,24398.4,75,600,12946875
NIFTY-I.NFO,08/05/2025,13:42:59,24399.5,24398.4,150,24399.5,825,375,12946875
NIFTY-I.NFO,08/05/2025,13:43:00,24399.6,24395.2,375,24399.9,900,2625,12946875
NIFTY-I.NFO,08/05/2025,13:43:02,24398.9,24395.1,675,24398.9,150,825,12946875
NIFTY-I.NFO,08/05/2025,13:43:04,24395.1,24395,525,24395.1,2625,1350,12986325
NIFTY-I.NFO,08/05/2025,13:43:05,24395.1,24395,525,24395.1,1500,1125,12986325
NIFTY-I.NFO,08/05/2025,13:43:07,24395.1,24393.4,75,24395.1,600,1875,12986325
NIFTY-I.NFO,08/05/2025,13:43:09,24399,24394.4,450,24400,375,1125,12986325
NIFTY-I.NFO,08/05/2025,13:43:10,24392.4,24392.8,75,24399.1,150,1350,12986325
NIFTY-I.NFO,08/05/2025,13:43:12,24398.7,24395,150,24398.7,75,450,12986325
NIFTY-I.NFO,08/05/2025,13:43:14,24398.3,24394,150,24399.1,75,2625,12986325
NIFTY-I.NFO,08/05/2025,13:43:15,24399.9,24394.6,75,24400,300,150,12986325
NIFTY-I.NFO,08/05/2025,13:43:17,24394,24393.9,75,24398,75,2475,12986325
NIFTY-I.NFO,08/05/2025,13:43:19,24393.9,24393.5,150,24398,75,150,12986325
NIFTY-I.NFO,08/05/2025,13:43:20,24395,24393.6,150,24400,75,1200,12986325
NIFTY-I.NFO,08/05/2025,13:43:22,24395,24393.1,75,24395,300,525,12986325
NIFTY-I.NFO,08/05/2025,13:43:24,24399,24394.4,150,24399,750,525,12986325
NIFTY-I.NFO,08/05/2025,13:43:25,24395,24394.5,375,24399,525,675,12986325
NIFTY-I.NFO,08/05/2025,13:43:27,24399,24394.4,150,24399.9,75,2550,12986325
NIFTY-I.NFO,08/05/2025,13:43:29,24398.9,24395,75,24399.8,150,825,12986325
NIFTY-I.NFO,08/05/2025,13:43:30,24399.9,24393.5,75,24400,7350,525,12986325
NIFTY-I.NFO,08/05/2025,13:43:32,24392,24392.3,225,24395,75,675,12986325
NIFTY-I.NFO,08/05/2025,13:43:34,24399.6,24394.9,75,24399.5,150,750,12986325
NIFTY-I.NFO,08/05/2025,13:43:35,24399,24395,75,24399,900,300,12986325
NIFTY-I.NFO,08/05/2025,13:43:37,24399,24393.7,300,24399,900,600,12986325
NIFTY-I.NFO,08/05/2025,13:43:39,24396.6,24394,150,24398.9,75,450,12986325
NIFTY-I.NFO,08/05/2025,13:43:40,24394.9,24394.4,75,24395,75,150,12986325
NIFTY-I.NFO,08/05/2025,13:43:42,24395.2,24395.3,75,24399,375,600,12986325
NIFTY-I.NFO,08/05/2025,13:43:44,24399,24396.1,150,24399,225,225,12986325
NIFTY-I.NFO,08/05/2025,13:43:45,24399,24395.3,375,24399,75,525,12986325
NIFTY-I.NFO,08/05/2025,13:43:47,24399,24398.9,150,24399.5,75,225,12986325
NIFTY-I.NFO,08/05/2025,13:43:49,24399.8,24399.6,1125,24400,7425,450,12986325
NIFTY-I.NFO,08/05/2025,13:43:50,24402,24400.2,75,24402,150,7950,12986325
NIFTY-I.NFO,08/05/2025,13:43:52,24402.3,24402.3,225,24403,75,1125,12986325
NIFTY-I.NFO,08/05/2025,13:43:54,24401.1,24399.6,525,24401.1,75,1125,12986325
NIFTY-I.NFO,08/05/2025,13:43:55,24399.6,24401.1,225,24402.7,675,375,12986325
NIFTY-I.NFO,08/05/2025,13:43:57,24401.1,24399.9,150,24400,150,225,12986325
NIFTY-I.NFO,08/05/2025,13:43:59,24402.7,24400,150,24402.9,525,300,12986325
NIFTY-I.NFO,08/05/2025,13:44:00,24402.9,24400,600,24402.8,600,150,12986325
NIFTY-I.NFO,08/05/2025,13:44:02,24402.6,24400.1,225,24402.6,525,1050,12986325
NIFTY-I.NFO,08/05/2025,13:44:04,24402.6,24400.1,225,24402.8,900,3225,12986325
NIFTY-I.NFO,08/05/2025,13:44:05,24402.7,24400.1,225,24403,900,375,12986325
NIFTY-I.NFO,08/05/2025,13:44:07,24400,24399.9,75,24400,2550,675,12986325
NIFTY-I.NFO,08/05/2025,13:44:09,24399.8,24399.7,75,24399.8,525,1875,12986325
NIFTY-I.NFO,08/05/2025,13:44:10,24399.8,24399,75,24399.8,375,225,12986325
NIFTY-I.NFO,08/05/2025,13:44:12,24397.2,24397.5,300,24399.8,375,450,12986325
NIFTY-I.NFO,08/05/2025,13:44:14,24399.8,24398.5,150,24399.8,75,450,12986325
NIFTY-I.NFO,08/05/2025,13:44:15,24399.9,24399.8,75,24399.9,1725,525,12986325
NIFTY-I.NFO,08/05/2025,13:44:17,24399.9,24399.8,300,24399.9,1425,375,12986325
NIFTY-I.NFO,08/05/2025,13:44:19,24399.9,24397.8,150,24399.9,1350,375,12986325
NIFTY-I.NFO,08/05/2025,13:44:20,24397.5,24396.9,375,24397.5,225,1050,12986325
NIFTY-I.NFO,08/05/2025,13:44:22,24399.7,24397.4,375,24399.9,1275,450,12986325
NIFTY-I.NFO,08/05/2025,13:44:24,24397.9,24398.5,75,24399,75,150,12986325
NIFTY-I.NFO,08/05/2025,13:44:25,24397.9,24397.9,150,24400.3,75,1650,12986325
NIFTY-I.NFO,08/05/2025,13:44:27,24397.9,24397.9,75,24398.5,750,0,12986325
NIFTY-I.NFO,08/05/2025,13:44:29,24397.9,24397.5,225,24398.5,750,75,12986325
NIFTY-I.NFO,08/05/2025,13:44:30,24398.9,24398.3,75,24400,75,975,12986325
NIFTY-I.NFO,08/05/2025,13:44:32,24401,24398.3,75,24401,75,2175,12986325
NIFTY-I.NFO,08/05/2025,13:44:34,24401,24398,300,24400,75,0,12986325
NIFTY-I.NFO,08/05/2025,13:44:35,24398.2,24397.9,75,24398.2,1500,300,12986325
NIFTY-I.NFO,08/05/2025,13:44:37,24398,24397.6,150,24398.2,1275,750,12986325
NIFTY-I.NFO,08/05/2025,13:44:39,24402,24397.1,75,24402.3,450,1875,12986325
NIFTY-I.NFO,08/05/2025,13:44:40,24402,24398.2,75,24398.3,75,0,12986325
NIFTY-I.NFO,08/05/2025,13:44:42,24398,24396,75,24399.9,375,525,12986325
NIFTY-I.NFO,08/05/2025,13:44:44,24403,24398,75,24401.5,450,2475,12986325
NIFTY-I.NFO,08/05/2025,13:44:45,24398,24397.2,225,24402.3,375,150,12986325
NIFTY-I.NFO,08/05/2025,13:44:47,24395.3,24396.6,75,24401.8,225,1725,12986325
NIFTY-I.NFO,08/05/2025,13:44:49,24395.5,24396,150,24399,75,1050,12986325
NIFTY-I.NFO,08/05/2025,13:44:50,24395.5,24398,150,24398.9,75,0,12986325
NIFTY-I.NFO,08/05/2025,13:44:52,24398,24396.5,150,24398.9,300,525,12986325
NIFTY-I.NFO,08/05/2025,13:44:54,24398.2,24398.9,150,24402,150,2100,12986325
NIFTY-I.NFO,08/05/2025,13:44:55,24404,24398.9,150,24401.9,300,1500,12986325
NIFTY-I.NFO,08/05/2025,13:44:57,24400,24398.9,150,24401.9,375,75,12986325
NIFTY-I.NFO,08/05/2025,13:44:59,24401.8,24397.1,75,24401.8,300,300,12986325
NIFTY-I.NFO,08/05/2025,13:45:00,24401.8,24400,75,24401.7,375,0,12986325
NIFTY-I.NFO,08/05/2025,13:45:02,24395,24395,1275,24400,75,2100,12986325
NIFTY-I.NFO,08/05/2025,13:45:04,24396,24395,825,24400,225,375,12986325
NIFTY-I.NFO,08/05/2025,13:45:05,24396,24395,825,24397.4,450,0,12986325
NIFTY-I.NFO,08/05/2025,13:45:07,24393,24392.6,300,24397.2,150,1500,12986325
NIFTY-I.NFO,08/05/2025,13:45:09,24392.6,24392.6,75,24396.4,75,975,12986325
NIFTY-I.NFO,08/05/2025,13:45:10,24392,24392,600,24396.1,75,825,12986325
NIFTY-I.NFO,08/05/2025,13:45:12,24392,24392,225,24395.8,75,975,12986325
NIFTY-I.NFO,08/05/2025,13:45:14,24390.6,24390.5,75,24395,150,1200,12986325
NIFTY-I.NFO,08/05/2025,13:45:15,24392.7,24390,4500,24392.7,300,1425,12986325
NIFTY-I.NFO,08/05/2025,13:45:17,24390,24390,1650,24392.7,375,2850,12986325
NIFTY-I.NFO,08/05/2025,13:45:19,24397.4,24397.4,375,24397.5,75,31575,12986325
NIFTY-I.NFO,08/05/2025,13:45:19,24387.4,24397.4,375,24397.5,75,0,12986325
NIFTY-I.NFO,08/05/2025,13:45:20,24397.4,24397.4,300,24398,75,6150,12986325
NIFTY-I.NFO,08/05/2025,13:45:22,24392,24392,75,24392.7,75,4350,12986325
NIFTY-I.NFO,08/05/2025,13:45:24,24392,24390,150,24392.7,75,75,12986325
NIFTY-I.NFO,08/05/2025,13:45:25,24392.3,24386.4,75,24392.3,300,1200,12986325
NIFTY-I.NFO,08/05/2025,13:45:25,24387,24386.4,75,24392.3,300,0,12986325
NIFTY-I.NFO,08/05/2025,13:45:27,24390,24390.4,75,24390.5,300,225,12986325
NIFTY-I.NFO,08/05/2025,13:45:29,24390.5,24387.4,75,24391.3,300,1425,12986325
NIFTY-I.NFO,08/05/2025,13:45:29,24386,24387.4,75,24391.3,300,0,12986325
NIFTY-I.NFO,08/05/2025,13:45:30,24386.2,24386.2,750,24391.3,75,600,12986325
NIFTY-I.NFO,08/05/2025,13:45:32,24385.1,24385,1575,24391.3,75,1350,12986325
NIFTY-I.NFO,08/05/2025,13:45:32,24385.1,24385,1575,24391.3,75,0,12986325
NIFTY-I.NFO,08/05/2025,13:45:34,24387.4,24386,75,24391.3,150,150,12986325
NIFTY-I.NFO,08/05/2025,13:45:35,24384,24384.6,450,24390.5,150,2775,12986325
NIFTY-I.NFO,08/05/2025,13:45:35,24384,24384.6,450,24390.5,150,0,12986325
NIFTY-I.NFO,08/05/2025,13:45:37,24384.1,24384,75,24390.8,75,825,12986325
NIFTY-I.NFO,08/05/2025,13:45:39,24391,24391,150,24391.9,75,1125,12986325
NIFTY-I.NFO,08/05/2025,13:45:39,24383.6,24391,150,24391.9,75,0,12986325
NIFTY-I.NFO,08/05/2025,13:45:40,24392,24387.2,150,24392,225,600,12986325
NIFTY-I.NFO,08/05/2025,13:45:42,24395,24395,75,24395.2,75,975,12986325
NIFTY-I.NFO,08/05/2025,13:45:44,24390.5,24391,225,24396.4,75,1650,12986325
NIFTY-I.NFO,08/05/2025,13:45:45,24395,24390,225,24395.3,75,525,12986325
NIFTY-I.NFO,08/05/2025,13:45:47,24390.1,24390,225,24395,75,75,12986325
NIFTY-I.NFO,08/05/2025,13:45:49,24396,24390,300,24396,75,2325,12986325
NIFTY-I.NFO,08/05/2025,13:45:50,24390,24390,75,24395,225,225,12986325
NIFTY-I.NFO,08/05/2025,13:45:52,24387.3,24390,150,24394.9,75,1050,12986325
NIFTY-I.NFO,08/05/2025,13:45:54,24390.1,24388.3,225,24394.9,300,1125,12986325
NIFTY-I.NFO,08/05/2025,13:45:55,24394.8,24390,75,24394.8,150,1050,12986325
NIFTY-I.NFO,08/05/2025,13:45:57,24394.9,24390,150,24394.1,75,450,12986325
NIFTY-I.NFO,08/05/2025,13:45:59,24394.1,24390,75,24395,1875,2025,12986325
NIFTY-I.NFO,08/05/2025,13:46:00,24392.5,24391.7,225,24398,450,5025,12986325
NIFTY-I.NFO,08/05/2025,13:46:02,24393.4,24393.1,225,24398,225,150,12986325
NIFTY-I.NFO,08/05/2025,13:46:04,24397.9,24392.9,225,24398,225,225,13001250
NIFTY-I.NFO,08/05/2025,13:46:05,24393.2,24393.3,300,24398,75,600,13001250
NIFTY-I.NFO,08/05/2025,13:46:07,24398,24393.2,75,24398,150,150,13001250
NIFTY-I.NFO,08/05/2025,13:46:09,24399,24396.3,525,24399,75,525,13001250
NIFTY-I.NFO,08/05/2025,13:46:10,24399,24397.8,225,24399,150,150,13001250
NIFTY-I.NFO,08/05/2025,13:46:12,24400,24397.6,150,24402.9,75,1125,13001250
NIFTY-I.NFO,08/05/2025,13:46:14,24403.9,24396,225,24403.1,75,750,13001250
NIFTY-I.NFO,08/05/2025,13:46:15,24403.1,24395.7,375,24400,675,150,13001250
NIFTY-I.NFO,08/05/2025,13:46:17,24400,24397.1,675,24403,75,750,13001250
NIFTY-I.NFO,08/05/2025,13:46:18,24397.9,24400,225,24404,825,450,13001250
NIFTY-I.NFO,08/05/2025,13:46:22,24404,24400,300,24403,450,225,13001250
NIFTY-I.NFO,08/05/2025,13:46:23,24404,24403,75,24404,300,450,13001250
NIFTY-I.NFO,08/05/2025,13:46:25,24400,24397.9,75,24400,525,600,13001250
NIFTY-I.NFO,08/05/2025,13:46:27,24398.9,24397.1,375,24398.9,225,450,13001250
NIFTY-I.NFO,08/05/2025,13:46:28,24403.5,24403,300,24404,600,1425,13001250
NIFTY-I.NFO,08/05/2025,13:46:30,24404,24403,600,24404,150,750,13001250
NIFTY-I.NFO,08/05/2025,13:46:32,24403,24403,750,24404,150,3075,13001250
NIFTY-I.NFO,08/05/2025,13:46:33,24405,24405,75,24406,300,375,13001250
NIFTY-I.NFO,08/05/2025,13:46:35,24406,24403,600,24405.5,150,750,13001250
NIFTY-I.NFO,08/05/2025,13:46:37,24403,24403,450,24404.4,300,2100,13001250
NIFTY-I.NFO,08/05/2025,13:46:38,24404.5,24403,675,24404.4,150,2100,13001250
NIFTY-I.NFO,08/05/2025,13:46:40,24405.3,24403,675,24405.8,75,675,13001250
NIFTY-I.NFO,08/05/2025,13:46:42,24406.5,24403,675,24405.9,75,300,13001250
NIFTY-I.NFO,08/05/2025,13:46:43,24406.8,24405.9,75,24406.9,75,525,13001250
NIFTY-I.NFO,08/05/2025,13:46:45,24407.5,24405,150,24407.6,225,750,13001250
NIFTY-I.NFO,08/05/2025,13:46:47,24405,24405,75,24406.2,300,525,13001250
NIFTY-I.NFO,08/05/2025,13:46:48,24407.8,24407.6,75,24407.8,75,675,13001250
NIFTY-I.NFO,08/05/2025,13:46:50,24408.2,24405,75,24408.2,450,825,13001250
NIFTY-I.NFO,08/05/2025,13:46:52,24408,24405,75,24408.3,150,150,13001250
NIFTY-I.NFO,08/05/2025,13:46:53,24408.7,24405,150,24408.7,75,2475,13001250
NIFTY-I.NFO,08/05/2025,13:46:55,24405,24405,75,24408,300,750,13001250
NIFTY-I.NFO,08/05/2025,13:46:57,24408,24403.4,150,24407,75,1050,13001250
NIFTY-I.NFO,08/05/2025,13:46:58,24408.7,24405.3,300,24409,225,1125,13001250
NIFTY-I.NFO,08/05/2025,13:47:00,24407.9,24405.3,150,24407.9,75,825,13001250
NIFTY-I.NFO,08/05/2025,13:47:02,24408,24408,375,24409.1,150,450,13001250
NIFTY-I.NFO,08/05/2025,13:47:03,24407.1,24408,75,24408.8,75,1275,13001250
NIFTY-I.NFO,08/05/2025,13:47:05,24409,24409,225,24409.1,75,675,13001250
NIFTY-I.NFO,08/05/2025,13:47:07,24409,24407.9,225,24409.7,75,900,13001250
NIFTY-I.NFO,08/05/2025,13:47:08,24409.9,24407.9,150,24410,900,525,13001250
NIFTY-I.NFO,08/05/2025,13:47:10,24410,24408,225,24410,150,1125,13001250
NIFTY-I.NFO,08/05/2025,13:47:12,24409,24407.9,75,24409,450,900,13001250
NIFTY-I.NFO,08/05/2025,13:47:14,24410.8,24409,150,24411,75,525,13001250
NIFTY-I.NFO,08/05/2025,13:47:15,24411.1,24411.1,150,24411.6,150,1575,13001250
NIFTY-I.NFO,08/05/2025,13:47:17,24412.9,24411.1,225,24411.9,75,525,13001250
NIFTY-I.NFO,08/05/2025,13:47:19,24413.7,24412.8,75,24413.8,225,900,13001250
NIFTY-I.NFO,08/05/2025,13:47:20,24414.6,24412.1,225,24414.7,525,675,13001250
NIFTY-I.NFO,08/05/2025,13:47:22,24413.9,24412.2,150,24413.3,225,450,13001250
NIFTY-I.NFO,08/05/2025,13:47:23,24414,24413.3,150,24414,75,975,13001250
NIFTY-I.NFO,08/05/2025,13:47:25,24415,24413.7,75,24415,675,1050,13001250
NIFTY-I.NFO,08/05/2025,13:47:27,24416.1,24411,150,24415,1500,1125,13001250
NIFTY-I.NFO,08/05/2025,13:47:28,24418,24415,225,24418,675,1575,13001250
NIFTY-I.NFO,08/05/2025,13:47:30,24418.7,24413.7,75,24419,75,1350,13001250
NIFTY-I.NFO,08/05/2025,13:47:32,24418.7,24414.1,75,24419.5,75,225,13001250
NIFTY-I.NFO,08/05/2025,13:47:33,24419.8,24414.3,450,24419.9,225,525,13001250
NIFTY-I.NFO,08/05/2025,13:47:35,24419,24416.3,150,24419,225,975,13001250
NIFTY-I.NFO,08/05/2025,13:47:37,24420.9,24419.8,75,24420.4,375,750,13001250
NIFTY-I.NFO,08/05/2025,13:47:38,24422.7,24416,150,24420.9,75,1200,13001250
NIFTY-I.NFO,08/05/2025,13:47:40,24422.6,24420,75,24422.6,225,675,13001250
NIFTY-I.NFO,08/05/2025,13:47:42,24419.8,24419,75,24420.1,375,525,13001250
NIFTY-I.NFO,08/05/2025,13:47:43,24422,24420.1,150,24422,525,975,13001250
NIFTY-I.NFO,08/05/2025,13:47:45,24420,24419,75,24420,975,750,13001250
NIFTY-I.NFO,08/05/2025,13:47:47,24420,24415.9,525,24419,75,900,13001250
NIFTY-I.NFO,08/05/2025,13:47:48,24422.6,24416,300,24422.7,675,525,13001250
NIFTY-I.NFO,08/05/2025,13:47:50,24422.4,24419.8,75,24423.3,975,525,13001250
NIFTY-I.NFO,08/05/2025,13:47:52,24420,24419.8,75,24421.9,225,300,13001250
NIFTY-I.NFO,08/05/2025,13:47:53,24423,24420,750,24423.5,75,450,13001250
NIFTY-I.NFO,08/05/2025,13:47:55,24420,24420,75,24422.4,225,1350,13001250
NIFTY-I.NFO,08/05/2025,13:47:57,24420,24416.8,225,24420,750,975,13001250
NIFTY-I.NFO,08/05/2025,13:47:58,24420,24420,75,24422,75,900,13001250
NIFTY-I.NFO,08/05/2025,13:48:00,24422.6,24420,900,24422.6,75,450,13001250
NIFTY-I.NFO,08/05/2025,13:48:02,24415.8,24416,150,24421.5,225,1275,13001250
NIFTY-I.NFO,08/05/2025,13:48:03,24420.5,24415.8,75,24420.5,225,525,13001250
NIFTY-I.NFO,08/05/2025,13:48:05,24415.8,24415.6,1125,24415.8,75,600,13001250
NIFTY-I.NFO,08/05/2025,13:48:07,24415.6,24415.6,825,24420,2025,43125,13001250
NIFTY-I.NFO,08/05/2025,13:48:08,24415.6,24415.6,525,24420,1950,525,13001250
NIFTY-I.NFO,08/05/2025,13:48:10,24420,24415.8,75,24420,1725,300,13001250
NIFTY-I.NFO,08/05/2025,13:48:12,24415.6,24416,75,24420,1725,225,13001250
NIFTY-I.NFO,08/05/2025,13:48:13,24416,24415.7,75,24419,75,150,13001250
NIFTY-I.NFO,08/05/2025,13:48:15,24419,24415.7,75,24420,1650,75,13001250
NIFTY-I.NFO,08/05/2025,13:48:17,24415.7,24415.7,75,24420,750,2100,13001250
NIFTY-I.NFO,08/05/2025,13:48:18,24420,24415.6,450,24420,750,75,13001250
NIFTY-I.NFO,08/05/2025,13:48:20,24420,24415.6,450,24419.7,225,0,13001250
NIFTY-I.NFO,08/05/2025,13:48:22,24415,24415,75,24418.3,375,675,13001250
NIFTY-I.NFO,08/05/2025,13:48:23,24412.2,24412.3,375,24415.6,75,225,13001250
NIFTY-I.NFO,08/05/2025,13:48:25,24415.6,24413.2,375,24419.1,375,75,13001250
NIFTY-I.NFO,08/05/2025,13:48:27,24413.1,24412.6,375,24419,375,525,13001250
NIFTY-I.NFO,08/05/2025,13:48:28,24412,24411,75,24417,975,75,13001250
NIFTY-I.NFO,08/05/2025,13:48:30,24410.2,24410.1,375,24416.6,375,150,13001250
NIFTY-I.NFO,08/05/2025,13:48:32,24414,24409.1,375,24414,900,1650,13001250
NIFTY-I.NFO,08/05/2025,13:48:33,24414,24411,300,24414,675,225,13001250
NIFTY-I.NFO,08/05/2025,13:48:35,24414,24412,75,24413.9,75,225,13001250
NIFTY-I.NFO,08/05/2025,13:48:37,24412,24411,375,24413.8,375,75,13001250
NIFTY-I.NFO,08/05/2025,13:48:38,24410,24409,75,24410,1275,525,13001250
NIFTY-I.NFO,08/05/2025,13:48:40,24413.1,24410.1,75,24413.1,375,2025,13001250
NIFTY-I.NFO,08/05/2025,13:48:42,24413.1,24410.1,75,24413,375,0,13001250
NIFTY-I.NFO,08/05/2025,13:48:43,24412.9,24410.1,75,24414,600,150,13001250
NIFTY-I.NFO,08/05/2025,13:48:45,24410,24408,300,24410,675,525,13001250
NIFTY-I.NFO,08/05/2025,13:48:47,24410,24407.9,75,24410,2475,0,13001250
NIFTY-I.NFO,08/05/2025,13:48:48,24407.7,24407.7,375,24410,2700,375,13001250
NIFTY-I.NFO,08/05/2025,13:48:50,24410,24410,1050,24412.6,75,2850,13001250
NIFTY-I.NFO,08/05/2025,13:48:52,24410,24410.8,675,24414,75,75,13001250
NIFTY-I.NFO,08/05/2025,13:48:53,24415.9,24412,975,24415.9,75,225,13001250
NIFTY-I.NFO,08/05/2025,13:48:55,24415.9,24412.7,675,24416,675,1875,13001250
NIFTY-I.NFO,08/05/2025,13:48:57,24412.7,24414.3,675,24416,675,75,13001250
NIFTY-I.NFO,08/05/2025,13:48:58,24416,24414,375,24415.7,75,2475,13001250
NIFTY-I.NFO,08/05/2025,13:49:00,24415.2,24415.2,375,24415.9,150,225,13001250
NIFTY-I.NFO,08/05/2025,13:49:02,24414.3,24413.2,375,24415.9,75,150,13001250
NIFTY-I.NFO,08/05/2025,13:49:03,24414.3,24413.2,375,24415.9,75,0,13001250
NIFTY-I.NFO,08/05/2025,13:49:05,24410.1,24411.9,675,24416,1050,2325,13034775
NIFTY-I.NFO,08/05/2025,13:49:07,24418.9,24412.9,675,24418.9,75,3600,13034775
NIFTY-I.NFO,08/05/2025,13:49:08,24419.2,24412.3,375,24418.2,150,1875,13034775
NIFTY-I.NFO,08/05/2025,13:49:10,24412.9,24414.1,150,24418.8,75,3975,13034775
NIFTY-I.NFO,08/05/2025,13:49:12,24418.6,24414,375,24418.7,75,75,13034775
NIFTY-I.NFO,08/05/2025,13:49:13,24418.6,24413.9,375,24419.1,75,0,13034775
NIFTY-I.NFO,08/05/2025,13:49:15,24419.9,24414.5,375,24420.5,225,2550,13034775
NIFTY-I.NFO,08/05/2025,13:49:17,24419.9,24414,375,24420.4,150,3825,13034775
NIFTY-I.NFO,08/05/2025,13:49:18,24419.4,24415,75,24419.6,375,1950,13034775
NIFTY-I.NFO,08/05/2025,13:49:20,24412.3,24412.1,450,24418.9,75,225,13034775
NIFTY-I.NFO,08/05/2025,13:49:22,24415,24413,75,24415,1500,375,13034775
NIFTY-I.NFO,08/05/2025,13:49:23,24413.1,24412.3,450,24415,1350,450,13034775
NIFTY-I.NFO,08/05/2025,13:49:25,24412.7,24412.1,375,24415,1200,450,13034775
NIFTY-I.NFO,08/05/2025,13:49:27,24412.1,24412.1,375,24415,1275,75,13034775
NIFTY-I.NFO,08/05/2025,13:49:28,24415,24411.5,450,24415,1650,150,13034775
NIFTY-I.NFO,08/05/2025,13:49:30,24415,24412.8,1050,24415,450,1200,13034775
NIFTY-I.NFO,08/05/2025,13:49:32,24421,24415.1,675,24421.1,525,600,13034775
NIFTY-I.NFO,08/05/2025,13:49:33,24414.5,24413.8,375,24420.1,525,2025,13034775
NIFTY-I.NFO,08/05/2025,13:49:35,24420.1,24413.8,375,24420.1,225,150,13034775
NIFTY-I.NFO,08/05/2025,13:49:37,24419.9,24415.2,75,24419.9,225,600,13034775
NIFTY-I.NFO,08/05/2025,13:49:38,24418,24414,375,24420,150,1875,13034775
NIFTY-I.NFO,08/05/2025,13:49:40,24420,24413.9,450,24419.9,75,75,13034775
NIFTY-I.NFO,08/05/2025,13:49:42,24415,24414.9,75,24420.4,525,450,13034775
NIFTY-I.NFO,08/05/2025,13:49:43,24414,24413.9,75,24419.3,75,1800,13034775
NIFTY-I.NFO,08/05/2025,13:49:45,24419.7,24413.9,75,24419.5,75,750,13034775
NIFTY-I.NFO,08/05/2025,13:49:47,24419.6,24413.9,75,24419.4,225,150,13034775
NIFTY-I.NFO,08/05/2025,13:49:50,24422.3,24414.7,75,24420.6,75,10050,13034775
NIFTY-I.NFO,08/05/2025,13:49:52,24420.7,24413.8,150,24420.7,75,150,13034775
NIFTY-I.NFO,08/05/2025,13:49:53,24420.2,24413.4,600,24420.3,375,75,13034775
NIFTY-I.NFO,08/05/2025,13:49:55,24413.4,24413.4,75,24420,1050,150,13034775
NIFTY-I.NFO,08/05/2025,13:49:56,24415,24413.4,75,24419.5,75,225,13034775
NIFTY-I.NFO,08/05/2025,13:49:58,24419.8,24415,225,24420,975,450,13034775
NIFTY-I.NFO,08/05/2025,13:50:00,24419.8,24415.1,75,24420,975,0,13034775
NIFTY-I.NFO,08/05/2025,13:50:01,24413.8,24414.5,450,24417.4,75,1575,13034775
NIFTY-I.NFO,08/05/2025,13:50:03,24415.1,24415.1,150,24420,975,525,13034775
NIFTY-I.NFO,08/05/2025,13:50:05,24415.1,24415.1,75,24417,825,150,13034775
NIFTY-I.NFO,08/05/2025,13:50:06,24414.3,24413.4,75,24417,825,375,13034775
NIFTY-I.NFO,08/05/2025,13:50:08,24414.3,24415,150,24417,825,0,13034775
NIFTY-I.NFO,08/05/2025,13:50:09,24414,24414,675,24417,825,375,13034775
NIFTY-I.NFO,08/05/2025,13:50:11,24417,24414,675,24417,750,150,13034775
NIFTY-I.NFO,08/05/2025,13:50:13,24417,24414,675,24417,75,750,13034775
NIFTY-I.NFO,08/05/2025,13:50:14,24414,24414,600,24415,75,75,13034775
NIFTY-I.NFO,08/05/2025,13:50:16,24415,24414,600,24415,300,75,13034775
NIFTY-I.NFO,08/05/2025,13:50:18,24414,24413.8,225,24415,225,1050,13034775
NIFTY-I.NFO,08/05/2025,13:50:19,24414,24414,1500,24415,225,0,13034775
NIFTY-I.NFO,08/05/2025,13:50:21,24414,24414,1575,24415,225,0,13034775
NIFTY-I.NFO,08/05/2025,13:50:22,24414,24414,1350,24415,225,225,13034775
NIFTY-I.NFO,08/05/2025,13:50:24,24414,24414,1275,24415,75,225,13034775
NIFTY-I.NFO,08/05/2025,13:50:26,24414,24414,150,24415,75,1500,13034775
NIFTY-I.NFO,08/05/2025,13:50:27,24414,24414,150,24415,75,0,13034775
NIFTY-I.NFO,08/05/2025,13:50:29,24414,24413.8,225,24414,150,150,13034775
NIFTY-I.NFO,08/05/2025,13:50:31,24414,24413.8,225,24414,600,0,13034775
NIFTY-I.NFO,08/05/2025,13:50:32,24412.2,24412,75,24414,1275,525,13034775
NIFTY-I.NFO,08/05/2025,13:50:34,24414,24412.1,75,24414,1200,75,13034775
NIFTY-I.NFO,08/05/2025,13:50:36,24414,24412.1,75,24413.4,750,0,13034775
NIFTY-I.NFO,08/05/2025,13:50:37,24412,24412,150,24413.4,750,225,13034775
NIFTY-I.NFO,08/05/2025,13:50:39,24412,24412.3,150,24413.4,750,0,13034775
NIFTY-I.NFO,08/05/2025,13:50:41,24412,24413,75,24413.4,750,0,13034775
NIFTY-I.NFO,08/05/2025,13:50:42,24413.4,24413,75,24414,1200,750,13034775
NIFTY-I.NFO,08/05/2025,13:50:44,24414,24412.3,150,24413,75,150,13034775
NIFTY-I.NFO,08/05/2025,13:50:46,24412.3,24412,375,24413,150,150,13034775
NIFTY-I.NFO,08/05/2025,13:50:47,24412.3,24412,300,24413,150,0,13034775
NIFTY-I.NFO,08/05/2025,13:50:49,24412,24412,75,24413,150,225,13034775
NIFTY-I.NFO,08/05/2025,13:50:51,24412,24410,450,24412.3,150,75,13034775
NIFTY-I.NFO,08/05/2025,13:50:52,24412.3,24410,450,24412.3,150,150,13034775
NIFTY-I.NFO,08/05/2025,13:50:54,24410,24410,300,24412.3,150,225,13034775
NIFTY-I.NFO,08/05/2025,13:50:56,24409.5,24409,75,24409.5,150,375,13034775
NIFTY-I.NFO,08/05/2025,13:50:57,24409.5,24408.1,75,24409.9,75,150,13034775
NIFTY-I.NFO,08/05/2025,13:50:59,24409.8,24409.7,75,24409.9,75,150,13034775
NIFTY-I.NFO,08/05/2025,13:51:01,24409.8,24409.6,75,24409.8,75,375,13034775
NIFTY-I.NFO,08/05/2025,13:51:02,24409.8,24408.6,75,24409.5,150,75,13034775
NIFTY-I.NFO,08/05/2025,13:51:04,24408.5,24408.4,75,24409.5,150,825,13034775
NIFTY-I.NFO,08/05/2025,13:51:06,24406.8,24406.2,675,24409.5,75,300,13034775
NIFTY-I.NFO,08/05/2025,13:51:07,24406.8,24407.7,75,24409.5,150,0,13034775
NIFTY-I.NFO,08/05/2025,13:51:09,24405.6,24405.6,450,24408.9,150,2175,13034775
NIFTY-I.NFO,08/05/2025,13:51:11,24406.8,24406.5,75,24409,75,450,13034775
NIFTY-I.NFO,08/05/2025,13:51:12,24406.4,24405,975,24409,150,2925,13034775
NIFTY-I.NFO,08/05/2025,13:51:14,24405,24405.7,75,24409,150,300,13034775
NIFTY-I.NFO,08/05/2025,13:51:16,24404,24404.4,375,24409,150,1800,13034775
NIFTY-I.NFO,08/05/2025,13:51:17,24402.8,24405,75,24406.4,75,1875,13034775
NIFTY-I.NFO,08/05/2025,13:51:19,24400,24400.9,1050,24406.4,225,2175,13034775
NIFTY-I.NFO,08/05/2025,13:51:20,24400.8,24401,150,24406.1,150,75,13034775
NIFTY-I.NFO,08/05/2025,13:51:22,24401.5,24401.5,75,24405.9,75,2550,13034775
NIFTY-I.NFO,08/05/2025,13:51:24,24400,24400.5,1200,24405.9,375,1800,13034775
NIFTY-I.NFO,08/05/2025,13:51:25,24401.5,24399.6,225,24405.6,75,2625,13034775
NIFTY-I.NFO,08/05/2025,13:51:27,24404.2,24400,150,24405,300,75,13034775
NIFTY-I.NFO,08/05/2025,13:51:29,24399.7,24399.3,600,24405,525,2100,13034775
NIFTY-I.NFO,08/05/2025,13:51:30,24401.5,24400,75,24405,675,375,13034775
NIFTY-I.NFO,08/05/2025,13:51:32,24400,24397.9,675,24400,1725,300,13034775
NIFTY-I.NFO,08/05/2025,13:51:34,24396.9,24396.1,675,24400,525,1950,13034775
NIFTY-I.NFO,08/05/2025,13:51:36,24400,24396.4,675,24400,525,75,13034775
NIFTY-I.NFO,08/05/2025,13:51:37,24397.6,24397.6,675,24400,75,1125,13034775
NIFTY-I.NFO,08/05/2025,13:51:39,24397.5,24396.6,675,24400,150,225,13034775
NIFTY-I.NFO,08/05/2025,13:51:41,24399,24396.1,375,24399,825,150,13034775
NIFTY-I.NFO,08/05/2025,13:51:42,24396,24395.1,825,24400,75,375,13034775
NIFTY-I.NFO,08/05/2025,13:51:44,24395.5,24395.8,825,24397.6,75,150,13034775
NIFTY-I.NFO,08/05/2025,13:51:46,24396.1,24396,75,24400,225,225,13034775
NIFTY-I.NFO,08/05/2025,13:51:47,24395.1,24395.1,750,24400,225,150,13034775
NIFTY-I.NFO,08/05/2025,13:51:49,24396,24395.1,750,24396,300,150,13034775
NIFTY-I.NFO,08/05/2025,13:51:51,24395,24394.5,375,24399,300,3225,13034775
NIFTY-I.NFO,08/05/2025,13:51:52,24395,24394.8,525,24399,600,225,13034775
NIFTY-I.NFO,08/05/2025,13:51:54,24399,24395.3,900,24399,450,225,13034775
NIFTY-I.NFO,08/05/2025,13:51:56,24399,24395.9,375,24399,375,225,13034775
NIFTY-I.NFO,08/05/2025,13:51:57,24395.3,24395.1,675,24399,300,2025,13034775
NIFTY-I.NFO,08/05/2025,13:51:59,24399,24396.1,675,24399,225,150,13034775
NIFTY-I.NFO,08/05/2025,13:52:01,24394.7,24395.1,675,24399,300,1950,13034775
NIFTY-I.NFO,08/05/2025,13:52:02,24395.6,24397.6,675,24399,300,150,13034775
NIFTY-I.NFO,08/05/2025,13:52:04,24398.2,24397.6,375,24399,225,900,13018875
NIFTY-I.NFO,08/05/2025,13:52:06,24397,24397.8,375,24399,225,1950,13018875
NIFTY-I.NFO,08/05/2025,13:52:07,24405.3,24399.2,375,24405.3,75,4050,13018875
NIFTY-I.NFO,08/05/2025,13:52:09,24399,24399.1,375,24405,75,75,13018875
NIFTY-I.NFO,08/05/2025,13:52:11,24399,24399,225,24402.8,225,225,13018875
NIFTY-I.NFO,08/05/2025,13:52:12,24397.8,24397.2,375,24402.8,75,675,13018875
NIFTY-I.NFO,08/05/2025,13:52:14,24397.8,24397.8,450,24402.8,75,0,13018875
NIFTY-I.NFO,08/05/2025,13:52:16,24399,24396.3,375,24399,975,75,13018875
NIFTY-I.NFO,08/05/2025,13:52:17,24399,24396,75,24399,975,0,13018875
NIFTY-I.NFO,08/05/2025,13:52:19,24398.9,24395.6,75,24398.9,150,825,13018875
NIFTY-I.NFO,08/05/2025,13:52:21,24395.3,24396.1,375,24398.9,75,2175,13018875
NIFTY-I.NFO,08/05/2025,13:52:22,24398.8,24396.1,300,24398,825,75,13018875
NIFTY-I.NFO,08/05/2025,13:52:24,24396.1,24396.1,75,24398,825,225,13018875
NIFTY-I.NFO,08/05/2025,13:52:25,24396.1,24395.1,75,24398,825,75,13018875
NIFTY-I.NFO,08/05/2025,13:52:27,24397.9,24395.1,75,24397.9,75,225,13018875
NIFTY-I.NFO,08/05/2025,13:52:29,24396.1,24395.1,150,24396.1,75,150,13018875
NIFTY-I.NFO,08/05/2025,13:52:30,24395.1,24395,300,24396.5,75,300,13018875
NIFTY-I.NFO,08/05/2025,13:52:32,24395,24393.1,75,24395.1,750,300,13018875
NIFTY-I.NFO,08/05/2025,13:52:34,24393.7,24393.1,75,24395.1,600,300,13018875
NIFTY-I.NFO,08/05/2025,13:52:35,24395.1,24392,1050,24395.1,525,375,13018875
NIFTY-I.NFO,08/05/2025,13:52:37,24393.1,24393.1,75,24394.8,150,75,13018875
NIFTY-I.NFO,08/05/2025,13:52:39,24393.5,24394.1,225,24395,75,1050,13018875
NIFTY-I.NFO,08/05/2025,13:52:40,24395,24393.5,600,24395.1,225,150,13018875
NIFTY-I.NFO,08/05/2025,13:52:42,24395,24393.2,75,24395,150,0,13018875
NIFTY-I.NFO,08/05/2025,13:52:44,24392,24392.1,300,24395,75,375,13018875
NIFTY-I.NFO,08/05/2025,13:52:45,24392.1,24392,150,24393,600,225,13018875
NIFTY-I.NFO,08/05/2025,13:52:47,24393,24392.1,300,24393,525,75,13018875
NIFTY-I.NFO,08/05/2025,13:52:49,24393,24393.4,75,24395,75,600,13018875
NIFTY-I.NFO,08/05/2025,13:52:50,24393,24393,225,24395,150,0,13018875
NIFTY-I.NFO,08/05/2025,13:52:52,24393,24393,150,24395,150,0,13018875
NIFTY-I.NFO,08/05/2025,13:52:55,24395,24393.3,300,24395,75,75,13018875
NIFTY-I.NFO,08/05/2025,13:52:57,24396.6,24396.6,75,24397,300,750,13018875
NIFTY-I.NFO,08/05/2025,13:52:59,24395.8,24395.8,75,24397,225,150,13018875
NIFTY-I.NFO,08/05/2025,13:53:00,24397,24393.7,75,24397,375,75,13018875
NIFTY-I.NFO,08/05/2025,13:53:02,24395,24393.8,225,24397,225,600,13018875
NIFTY-I.NFO,08/05/2025,13:53:04,24395,24393.3,150,24397,300,75,13018875
NIFTY-I.NFO,08/05/2025,13:53:05,24397.6,24393.3,150,24397.6,150,825,13018875
NIFTY-I.NFO,08/05/2025,13:53:07,24397.6,24394,150,24397,150,825,13018875
NIFTY-I.NFO,08/05/2025,13:53:08,24398,24394.6,75,24398.8,225,375,13018875
NIFTY-I.NFO,08/05/2025,13:53:10,24398,24394.5,75,24398.8,225,0,13018875
NIFTY-I.NFO,08/05/2025,13:53:12,24398.8,24395.9,225,24398.8,150,825,13018875
NIFTY-I.NFO,08/05/2025,13:53:13,24396.4,24395.8,975,24398.8,225,450,13018875
NIFTY-I.NFO,08/05/2025,13:53:15,24395.9,24395.6,75,24398.8,225,75,13018875
NIFTY-I.NFO,08/05/2025,13:53:17,24398.8,24395.6,75,24398.8,150,75,13018875
NIFTY-I.NFO,08/05/2025,13:53:18,24398.8,24396.5,75,24398.8,150,0,13018875
NIFTY-I.NFO,08/05/2025,13:53:20,24399.2,24394.8,75,24399.1,225,750,13018875
NIFTY-I.NFO,08/05/2025,13:53:21,24399.8,24395.4,750,24399.9,600,300,13018875
NIFTY-I.NFO,08/05/2025,13:53:23,24395.5,24395.6,375,24399.9,675,75,13018875
NIFTY-I.NFO,08/05/2025,13:53:25,24395.6,24395.8,1050,24397.9,75,75,13018875
NIFTY-I.NFO,08/05/2025,13:53:26,24397.9,24395,825,24399.9,600,150,13018875
NIFTY-I.NFO,08/05/2025,13:53:28,24397.9,24396.1,375,24399.9,675,0,13018875
NIFTY-I.NFO,08/05/2025,13:53:30,24397.5,24397,300,24399.8,75,675,13018875
NIFTY-I.NFO,08/05/2025,13:53:31,24397.3,24397.1,750,24399.8,150,75,13018875
NIFTY-I.NFO,08/05/2025,13:53:33,24397.2,24397.5,300,24399.8,150,150,13018875
NIFTY-I.NFO,08/05/2025,13:53:34,24399.8,24397.8,75,24399.8,75,300,13018875
NIFTY-I.NFO,08/05/2025,13:53:36,24399.8,24397.1,75,24399.8,75,75,13018875
NIFTY-I.NFO,08/05/2025,13:53:38,24399.8,24397.5,75,24399.8,150,675,13018875
NIFTY-I.NFO,08/05/2025,13:53:39,24404.8,24397.5,75,24404.4,150,3750,13018875
NIFTY-I.NFO,08/05/2025,13:53:41,24405.8,24399.6,75,24405.4,75,3825,13018875
NIFTY-I.NFO,08/05/2025,13:53:43,24399.6,24397.1,150,24404.4,75,1950,13018875
NIFTY-I.NFO,08/05/2025,13:53:45,24397.6,24397.6,75,24403.6,75,225,13018875
NIFTY-I.NFO,08/05/2025,13:53:46,24403,24398,75,24403,975,150,13018875
NIFTY-I.NFO,08/05/2025,13:53:48,24403,24398.1,150,24403,975,0,13018875
NIFTY-I.NFO,08/05/2025,13:53:50,24402.6,24398,75,24401.6,75,375,13018875
NIFTY-I.NFO,08/05/2025,13:53:51,24400,24398,150,24401.6,300,75,13018875
NIFTY-I.NFO,08/05/2025,13:53:53,24400.1,24398,150,24401.6,225,75,13018875
NIFTY-I.NFO,08/05/2025,13:53:54,24400,24398,150,24401.2,225,75,13018875
NIFTY-I.NFO,08/05/2025,13:53:56,24396,24396,1650,24399.7,75,675,13018875
NIFTY-I.NFO,08/05/2025,13:53:58,24399.7,24396,1575,24399.8,75,225,13018875
NIFTY-I.NFO,08/05/2025,13:53:59,24400,24396,1575,24399.9,75,450,13018875
NIFTY-I.NFO,08/05/2025,13:54:01,24396,24396,1500,24399.9,225,75,13018875
NIFTY-I.NFO,08/05/2025,13:54:03,24398,24396,1500,24398,750,150,13018875
NIFTY-I.NFO,08/05/2025,13:54:04,24396,24395.2,75,24396,150,1500,13018875
NIFTY-I.NFO,08/05/2025,13:54:06,24396,24395.2,75,24396,150,0,13018875
NIFTY-I.NFO,08/05/2025,13:54:08,24396,24395.6,75,24396,150,0,13018875
NIFTY-I.NFO,08/05/2025,13:54:09,24396,24395.3,75,24396,75,150,13018875
NIFTY-I.NFO,08/05/2025,13:54:11,24396,24395.5,75,24397.7,150,450,13018875
NIFTY-I.NFO,08/05/2025,13:54:13,24395.5,24396,150,24397.9,75,450,13018875
NIFTY-I.NFO,08/05/2025,13:54:14,24397.9,24396,75,24397.9,75,150,13018875
NIFTY-I.NFO,08/05/2025,13:54:16,24395.5,24395,825,24396,975,675,13018875
NIFTY-I.NFO,08/05/2025,13:54:17,24395,24395,675,24396,975,300,13018875
NIFTY-I.NFO,08/05/2025,13:54:19,24395,24395,750,24396,975,150,13018875
NIFTY-I.NFO,08/05/2025,13:54:21,24396,24395,750,24395.5,75,150,13018875
NIFTY-I.NFO,08/05/2025,13:54:22,24396,24395,600,24396,600,450,13018875
NIFTY-I.NFO,08/05/2025,13:54:24,24395,24395,375,24396,1575,300,13018875
NIFTY-I.NFO,08/05/2025,13:54:26,24394,24393.9,75,24396,1425,600,13018875
NIFTY-I.NFO,08/05/2025,13:54:27,24393.9,24393.5,75,24396,1425,75,13018875
NIFTY-I.NFO,08/05/2025,13:54:29,24396,24393.5,75,24396,1350,75,13018875
NIFTY-I.NFO,08/05/2025,13:54:31,24395,24394,300,24395,150,825,13018875
NIFTY-I.NFO,08/05/2025,13:54:32,24393.4,24393.1,1950,24393.5,750,600,13018875
NIFTY-I.NFO,08/05/2025,13:54:34,24393.5,24393.1,1125,24395,225,1500,13018875
NIFTY-I.NFO,08/05/2025,13:54:35,24393.2,24393.1,1125,24395,225,150,13018875
NIFTY-I.NFO,08/05/2025,13:54:37,24395,24393.1,1275,24395,225,75,13018875
NIFTY-I.NFO,08/05/2025,13:54:39,24393.1,24393.1,1200,24395,150,150,13018875
NIFTY-I.NFO,08/05/2025,13:54:40,24393.1,24393.2,75,24395,150,525,13018875
NIFTY-I.NFO,08/05/2025,13:54:42,24393.1,24393.3,75,24395,150,975,13018875
NIFTY-I.NFO,08/05/2025,13:54:44,24393.8,24393.8,375,24395,150,225,13018875
NIFTY-I.NFO,08/05/2025,13:54:45,24393.7,24393.8,300,24395,150,450,13018875
NIFTY-I.NFO,08/05/2025,13:54:47,24395,24394.2,225,24395,825,525,13018875
NIFTY-I.NFO,08/05/2025,13:54:49,24394.3,24393.9,225,24394.2,1125,150,13018875
NIFTY-I.NFO,08/05/2025,13:54:50,24394,24394,450,24395,675,1650,13018875
NIFTY-I.NFO,08/05/2025,13:54:52,24395.4,24394.9,375,24396,1125,2550,13018875
NIFTY-I.NFO,08/05/2025,13:54:54,24394.8,24394.7,225,24396,1125,225,13018875
NIFTY-I.NFO,08/05/2025,13:54:55,24396,24394.6,750,24396,1050,300,13018875
NIFTY-I.NFO,08/05/2025,13:54:57,24394.5,24394.5,150,24395.9,75,225,13018875
NIFTY-I.NFO,08/05/2025,13:54:58,24394.7,24395,75,24395.9,150,75,13018875
NIFTY-I.NFO,08/05/2025,13:55:00,24394.5,24394.4,75,24395,225,300,13018875
NIFTY-I.NFO,08/05/2025,13:55:02,24395,24394,2100,24395,150,450,13018875
NIFTY-I.NFO,08/05/2025,13:55:03,24394.9,24394.9,450,24396,1050,600,13018875
NIFTY-I.NFO,08/05/2025,13:55:05,24394.3,24395,75,24396,1050,225,13028100
NIFTY-I.NFO,08/05/2025,13:55:06,24395,24394.7,75,24396,1050,675,13028100
NIFTY-I.NFO,08/05/2025,13:55:08,24396,24394.6,75,24396,900,225,13028100
NIFTY-I.NFO,08/05/2025,13:55:10,24396,24394.2,750,24396,825,75,13028100
NIFTY-I.NFO,08/05/2025,13:55:11,24394,24394,1875,24396,825,450,13028100
NIFTY-I.NFO,08/05/2025,13:55:13,24394.2,24394.1,75,24396,600,600,13028100
NIFTY-I.NFO,08/05/2025,13:55:15,24394.1,24394.6,150,24396,600,1575,13028100
NIFTY-I.NFO,08/05/2025,13:55:16,24394.1,24394.5,75,24396,600,0,13028100
NIFTY-I.NFO,08/05/2025,13:55:18,24396,24394.2,450,24396.5,75,2025,13028100
NIFTY-I.NFO,08/05/2025,13:55:19,24394.2,24394.5,75,24395.9,75,150,13028100
NIFTY-I.NFO,08/05/2025,13:55:21,24394.2,24394.3,150,24395.9,150,600,13028100
NIFTY-I.NFO,08/05/2025,13:55:23,24394.1,24394,1650,24395.9,150,150,13028100
NIFTY-I.NFO,08/05/2025,13:55:24,24394,24394,1500,24395.9,75,225,13028100
NIFTY-I.NFO,08/05/2025,13:55:26,24394,24394,150,24395.9,75,1500,13028100
NIFTY-I.NFO,08/05/2025,13:55:28,24393.8,24393.7,1200,24395.9,75,525,13028100
NIFTY-I.NFO,08/05/2025,13:55:29,24393.8,24393.7,1200,24395.9,75,0,13028100
NIFTY-I.NFO,08/05/2025,13:55:31,24393.8,24393.8,225,24395.9,75,450,13028100
NIFTY-I.NFO,08/05/2025,13:55:33,24393.8,24393.8,150,24395.9,150,75,13028100
NIFTY-I.NFO,08/05/2025,13:55:34,24393.8,24393.8,150,24395.9,150,0,13028100
NIFTY-I.NFO,08/05/2025,13:55:36,24393.8,24395,1800,24395.9,150,0,13028100
NIFTY-I.NFO,08/05/2025,13:55:41,24395,24395,1725,24395.9,150,75,13028100
NIFTY-I.NFO,08/05/2025,13:55:43,24395,24395,750,24395.9,150,1050,13028100
NIFTY-I.NFO,08/05/2025,13:55:44,24395,24395,525,24395.9,150,225,13028100
NIFTY-I.NFO,08/05/2025,13:55:46,24395.9,24395,375,24395.9,75,300,13028100
NIFTY-I.NFO,08/05/2025,13:55:48,24395.9,24395,150,24395.9,75,300,13028100
NIFTY-I.NFO,08/05/2025,13:55:49,24395,24394,150,24395,900,225,13028100
NIFTY-I.NFO,08/05/2025,13:55:51,24395,24393.1,225,24394,150,525,13028100
NIFTY-I.NFO,08/05/2025,13:55:53,24393,24393,375,24394,150,1950,13028100
NIFTY-I.NFO,08/05/2025,13:55:54,24393,24393.2,75,24394,150,75,13028100
NIFTY-I.NFO,08/05/2025,13:55:56,24393,24392.7,75,24393,225,750,13028100
NIFTY-I.NFO,08/05/2025,13:55:57,24392.8,24392.2,1050,24393,75,225,13028100
NIFTY-I.NFO,08/05/2025,13:55:59,24393,24392.1,750,24393,75,225,13028100
NIFTY-I.NFO,08/05/2025,13:56:01,24392.1,24392.1,750,24393,150,75,13028100
NIFTY-I.NFO,08/05/2025,13:56:02,24392.3,24392.1,675,24393,150,525,13028100
NIFTY-I.NFO,08/05/2025,13:56:04,24393,24392.1,375,24395,1500,450,13028100
NIFTY-I.NFO,08/05/2025,13:56:06,24395,24392.1,375,24395,1425,75,13028100
NIFTY-I.NFO,08/05/2025,13:56:07,24395,24392.1,375,24395,1425,0,13028100
NIFTY-I.NFO,08/05/2025,13:56:09,24392.2,24392.2,825,24395,1350,150,13028100
NIFTY-I.NFO,08/05/2025,13:56:11,24392.2,24392.2,750,24395,1425,75,13028100
NIFTY-I.NFO,08/05/2025,13:56:12,24395,24392.2,675,24395,1350,150,13028100
NIFTY-I.NFO,08/05/2025,13:56:14,24392.2,24392.2,525,24395,1350,150,13028100
NIFTY-I.NFO,08/05/2025,13:56:15,24395,24392.2,450,24395,1200,300,13028100
NIFTY-I.NFO,08/05/2025,13:56:17,24393,24391.5,150,24394.3,150,1425,13028100
NIFTY-I.NFO,08/05/2025,13:56:19,24393,24392,75,24393.5,150,0,13028100
NIFTY-I.NFO,08/05/2025,13:56:20,24391.5,24391.1,75,24392.2,150,225,13028100
NIFTY-I.NFO,08/05/2025,13:56:22,24390,24390,1200,24392.1,600,900,13028100
NIFTY-I.NFO,08/05/2025,13:56:24,24392.1,24390,1200,24391.9,75,75,13028100
NIFTY-I.NFO,08/05/2025,13:56:25,24390,24390,750,24393.5,375,1050,13028100
NIFTY-I.NFO,08/05/2025,13:56:27,24392.1,24392,225,24392.2,150,2700,13028100
NIFTY-I.NFO,08/05/2025,13:56:29,24391.1,24384.2,375,24391.1,150,1725,13028100
NIFTY-I.NFO,08/05/2025,13:56:30,24385,24384.1,75,24390.4,150,525,13028100
NIFTY-I.NFO,08/05/2025,13:56:32,24390.8,24385.1,375,24391.2,75,375,13028100
NIFTY-I.NFO,08/05/2025,13:56:34,24385.2,24385,75,24390,225,375,13028100
NIFTY-I.NFO,08/05/2025,13:56:35,24390,24384.6,75,24391.7,150,675,13028100
NIFTY-I.NFO,08/05/2025,13:56:37,24390,24385.3,75,24390,750,150,13028100
NIFTY-I.NFO,08/05/2025,13:56:39,24390,24384.7,375,24390,1050,600,13028100
NIFTY-I.NFO,08/05/2025,13:56:40,24390,24386.4,450,24392,450,1275,13028100
NIFTY-I.NFO,08/05/2025,13:56:42,24386.1,24386,600,24390,225,1800,13028100
NIFTY-I.NFO,08/05/2025,13:56:44,24386,24386.2,150,24390,300,2625,13028100
NIFTY-I.NFO,08/05/2025,13:56:45,24386,24385.8,750,24390,300,0,13028100
NIFTY-I.NFO,08/05/2025,13:56:47,24390,24385.2,675,24390,1200,75,13028100
NIFTY-I.NFO,08/05/2025,13:56:49,24386,24385,75,24390,1575,225,13028100
NIFTY-I.NFO,08/05/2025,13:56:50,24384.4,24384.2,375,24386.1,225,1200,13028100
NIFTY-I.NFO,08/05/2025,13:56:52,24384.4,24384.5,75,24384.6,75,825,13028100
NIFTY-I.NFO,08/05/2025,13:56:54,24384.9,24384.9,375,24389.8,75,825,13028100
NIFTY-I.NFO,08/05/2025,13:56:55,24385,24385,1350,24389.7,75,600,13028100
NIFTY-I.NFO,08/05/2025,13:56:57,24385,24385,1200,24389.7,150,150,13028100
NIFTY-I.NFO,08/05/2025,13:56:59,24389.9,24385,1125,24389.6,150,450,13028100
NIFTY-I.NFO,08/05/2025,13:57:00,24385,24385,750,24387.1,150,750,13028100
NIFTY-I.NFO,08/05/2025,13:57:02,24385,24385.1,750,24387.1,150,675,13028100
NIFTY-I.NFO,08/05/2025,13:57:04,24385.1,24385,600,24387.1,150,825,13028100
NIFTY-I.NFO,08/05/2025,13:57:05,24387.1,24385,750,24387.1,150,375,13028100
NIFTY-I.NFO,08/05/2025,13:57:07,24385.1,24385,300,24387.1,75,600,13028100
NIFTY-I.NFO,08/05/2025,13:57:09,24384.6,24384.6,75,24387.1,75,675,13028100
NIFTY-I.NFO,08/05/2025,13:57:10,24387.1,24382.6,225,24388,150,2175,13028100
NIFTY-I.NFO,08/05/2025,13:57:10,24382.3,24382.6,225,24388,150,0,13028100
NIFTY-I.NFO,08/05/2025,13:57:12,24385,24382.3,525,24388,225,75,13028100
NIFTY-I.NFO,08/05/2025,13:57:14,24385,24386,75,24388,225,0,13028100
NIFTY-I.NFO,08/05/2025,13:57:15,24382,24382.4,675,24386,225,1425,13028100
NIFTY-I.NFO,08/05/2025,13:57:15,24382,24382.4,675,24386,225,0,13028100
NIFTY-I.NFO,08/05/2025,13:57:17,24382,24382,75,24386,225,0,13028100
NIFTY-I.NFO,08/05/2025,13:57:19,24381,24381,750,24386,150,3150,13028100
NIFTY-I.NFO,08/05/2025,13:57:19,24381,24381,750,24386,150,0,13028100
NIFTY-I.NFO,08/05/2025,13:57:20,24382,24381,525,24386,150,150,13028100
NIFTY-I.NFO,08/05/2025,13:57:22,24381,24381,225,24386,150,300,13028100
NIFTY-I.NFO,08/05/2025,13:57:23,24380.1,24380.5,225,24381,525,6675,13028100
NIFTY-I.NFO,08/05/2025,13:57:23,24380.1,24380.5,225,24381,525,0,13028100
NIFTY-I.NFO,08/05/2025,13:57:25,24380,24381.4,225,24386.7,75,4350,13028100
NIFTY-I.NFO,08/05/2025,13:57:25,24380,24381.4,225,24386.7,75,0,13028100
NIFTY-I.NFO,08/05/2025,13:57:27,24380,24380,3300,24385.9,75,2175,13028100
NIFTY-I.NFO,08/05/2025,13:57:28,24382,24381.2,375,24384.9,75,2550,13028100
NIFTY-I.NFO,08/05/2025,13:57:30,24381,24381.1,75,24384.9,150,2475,13028100
NIFTY-I.NFO,08/05/2025,13:57:32,24380.7,24380.1,1800,24382.6,75,375,13028100
NIFTY-I.NFO,08/05/2025,13:57:33,24380.1,24381.5,150,24382.6,75,2250,13028100
NIFTY-I.NFO,08/05/2025,13:57:35,24382.6,24380.9,75,24382.6,75,2025,13028100
NIFTY-I.NFO,08/05/2025,13:57:37,24380,24380.1,375,24382.6,75,975,13028100
NIFTY-I.NFO,08/05/2025,13:57:38,24381.1,24381.1,375,24382.6,75,300,13028100
NIFTY-I.NFO,08/05/2025,13:57:40,24382.6,24382.4,225,24382.6,75,375,13028100
NIFTY-I.NFO,08/05/2025,13:57:42,24382.6,24382.4,150,24385,1200,450,13028100
NIFTY-I.NFO,08/05/2025,13:57:43,24382,24383.3,375,24385,1275,2325,13028100
NIFTY-I.NFO,08/05/2025,13:57:45,24381.5,24381.6,375,24385,1050,450,13028100
NIFTY-I.NFO,08/05/2025,13:57:47,24385,24382.1,150,24385,975,75,13028100
NIFTY-I.NFO,08/05/2025,13:57:48,24381.6,24381.9,150,24385,75,1500,13028100
NIFTY-I.NFO,08/05/2025,13:57:50,24381.9,24381.9,75,24385,75,300,13028100
NIFTY-I.NFO,08/05/2025,13:57:52,24382.2,24382.1,525,24385,75,300,13028100
NIFTY-I.NFO,08/05/2025,13:57:53,24385,24382.9,150,24385,75,150,13028100
NIFTY-I.NFO,08/05/2025,13:57:55,24386,24384.6,375,24386.9,75,1275,13028100
NIFTY-I.NFO,08/05/2025,13:57:57,24388,24386.9,75,24388,75,1200,13028100
NIFTY-I.NFO,08/05/2025,13:57:58,24390,24385.7,375,24390,600,2250,13028100
NIFTY-I.NFO,08/05/2025,13:58:00,24386.4,24385.8,450,24390,750,225,13028100
NIFTY-I.NFO,08/05/2025,13:58:02,24386.5,24386.5,375,24390,750,300,13028100
NIFTY-I.NFO,08/05/2025,13:58:03,24390,24388,75,24391.7,75,825,13028100
NIFTY-I.NFO,08/05/2025,13:58:05,24389,24388.1,75,24391.7,150,150,13028100
NIFTY-I.NFO,08/05/2025,13:58:07,24391.7,24389.6,375,24391.7,75,300,13029150
NIFTY-I.NFO,08/05/2025,13:58:08,24392,24389.1,75,24392,150,825,13029150
NIFTY-I.NFO,08/05/2025,13:58:10,24392,24389.6,375,24392,75,525,13029150
NIFTY-I.NFO,08/05/2025,13:58:12,24392,24391.1,150,24394.9,75,525,13029150
NIFTY-I.NFO,08/05/2025,13:58:13,24394.9,24392.6,375,24394.9,150,300,13029150
NIFTY-I.NFO,08/05/2025,13:58:15,24392.6,24393,150,24394.9,150,375,13029150
NIFTY-I.NFO,08/05/2025,13:58:17,24393.3,24393.2,225,24394.1,75,300,13029150
NIFTY-I.NFO,08/05/2025,13:58:18,24393.4,24393.5,450,24395,375,600,13029150
NIFTY-I.NFO,08/05/2025,13:58:20,24393.8,24393.8,75,24395,150,675,13029150
NIFTY-I.NFO,08/05/2025,13:58:22,24395.5,24394.2,150,24397.9,75,975,13029150
NIFTY-I.NFO,08/05/2025,13:58:23,24394,24392.5,525,24395.4,75,675,13029150
NIFTY-I.NFO,08/05/2025,13:58:25,24394.6,24391.5,75,24395.4,75,75,13029150
NIFTY-I.NFO,08/05/2025,13:58:27,24397.8,24391.2,150,24397.8,75,675,13029150
NIFTY-I.NFO,08/05/2025,13:58:28,24394,24392.5,375,24397.8,75,150,13029150
NIFTY-I.NFO,08/05/2025,13:58:30,24393.4,24393.4,450,24395.9,150,300,13029150
NIFTY-I.NFO,08/05/2025,13:58:32,24395.9,24393.4,225,24395.9,150,375,13029150
NIFTY-I.NFO,08/05/2025,13:58:33,24393.4,24393.1,375,24393.4,75,225,13029150
NIFTY-I.NFO,08/05/2025,13:58:35,24395.9,24392.3,375,24396,225,1125,13029150
NIFTY-I.NFO,08/05/2025,13:58:37,24394,24390.9,375,24393,600,225,13029150
NIFTY-I.NFO,08/05/2025,13:58:38,24390.7,24391,375,24391.6,75,225,13029150
NIFTY-I.NFO,08/05/2025,13:58:40,24390.9,24391.2,375,24396.5,225,2550,13029150
NIFTY-I.NFO,08/05/2025,13:58:42,24391.2,24391.2,225,24395,375,150,13029150
NIFTY-I.NFO,08/05/2025,13:58:43,24391.2,24392,150,24394.9,75,1050,13029150
NIFTY-I.NFO,08/05/2025,13:58:45,24392,24390.8,75,24394.9,150,150,13029150
NIFTY-I.NFO,08/05/2025,13:58:47,24390,24390.8,75,24394.9,75,225,13029150
NIFTY-I.NFO,08/05/2025,13:58:48,24390,24390.7,75,24394.4,150,0,13029150
NIFTY-I.NFO,08/05/2025,13:58:50,24390,24390.5,75,24394.4,75,450,13029150
NIFTY-I.NFO,08/05/2025,13:58:52,24390,24389,75,24390,375,450,13029150
NIFTY-I.NFO,08/05/2025,13:58:53,24387.6,24387.6,75,24390,150,525,13029150
NIFTY-I.NFO,08/05/2025,13:58:55,24388,24388,75,24390,75,150,13029150
NIFTY-I.NFO,08/05/2025,13:58:57,24388.6,24387.5,75,24388,525,375,13029150
NIFTY-I.NFO,08/05/2025,13:58:58,24388,24387.2,75,24388,300,300,13029150
NIFTY-I.NFO,08/05/2025,13:59:00,24388,24387.2,75,24387.9,225,150,13029150
NIFTY-I.NFO,08/05/2025,13:59:01,24387.9,24386.3,75,24387.9,75,150,13029150
NIFTY-I.NFO,08/05/2025,13:59:03,24387.9,24387,75,24387.9,150,75,13029150
NIFTY-I.NFO,08/05/2025,13:59:05,24387.9,24387.9,75,24388,375,300,13029150
NIFTY-I.NFO,08/05/2025,13:59:06,24387.9,24386.2,75,24388,300,300,13029150
NIFTY-I.NFO,08/05/2025,13:59:08,24386.3,24386.2,450,24388,225,375,13029150
NIFTY-I.NFO,08/05/2025,13:59:10,24388,24386.6,75,24388,225,75,13029150
NIFTY-I.NFO,08/05/2025,13:59:11,24387.9,24385.4,75,24386.2,150,525,13029150
NIFTY-I.NFO,08/05/2025,13:59:13,24386.2,24385.1,75,24387.9,75,150,13029150
NIFTY-I.NFO,08/05/2025,13:59:15,24385.4,24385.6,75,24387.9,150,1050,13029150
NIFTY-I.NFO,08/05/2025,13:59:16,24385.1,24385.3,75,24387.9,150,75,13029150
NIFTY-I.NFO,08/05/2025,13:59:18,24385.6,24386.8,375,24388,225,225,13029150
NIFTY-I.NFO,08/05/2025,13:59:20,24386.9,24386.4,375,24388,375,225,13029150
NIFTY-I.NFO,08/05/2025,13:59:21,24386.8,24386.2,375,24388,375,150,13029150
NIFTY-I.NFO,08/05/2025,13:59:23,24386,24385.6,75,24388,375,225,13029150
NIFTY-I.NFO,08/05/2025,13:59:25,24384.7,24386,225,24387.9,75,1800,13029150
NIFTY-I.NFO,08/05/2025,13:59:26,24385.5,24385.4,75,24387.9,150,300,13029150
NIFTY-I.NFO,08/05/2025,13:59:28,24387.9,24385.3,525,24388,300,225,13029150
NIFTY-I.NFO,08/05/2025,13:59:29,24385,24385,225,24388,375,1800,13029150
NIFTY-I.NFO,08/05/2025,13:59:31,24387.1,24387.1,75,24388,300,450,13029150
NIFTY-I.NFO,08/05/2025,13:59:33,24385,24385.7,75,24388,300,675,13029150
NIFTY-I.NFO,08/05/2025,13:59:34,24386,24385.7,225,24388,75,2025,13029150
NIFTY-I.NFO,08/05/2025,13:59:36,24385.9,24385.9,300,24388,75,600,13029150
NIFTY-I.NFO,08/05/2025,13:59:38,24390,24387.8,375,24390,150,225,13029150
NIFTY-I.NFO,08/05/2025,13:59:39,24390,24387.1,225,24390,225,0,13029150
NIFTY-I.NFO,08/05/2025,13:59:41,24393,24392.2,75,24393.4,75,1350,13029150
NIFTY-I.NFO,08/05/2025,13:59:42,24386.6,24386.7,225,24389,600,675,13029150
NIFTY-I.NFO,08/05/2025,13:59:44,24389,24386.8,225,24389,150,675,13029150
NIFTY-I.NFO,08/05/2025,13:59:46,24386.4,24386.1,150,24389,225,375,13029150
NIFTY-I.NFO,08/05/2025,13:59:47,24389,24385.2,75,24389,75,150,13029150
NIFTY-I.NFO,08/05/2025,13:59:49,24385.7,24385.7,525,24389,75,75,13029150
NIFTY-I.NFO,08/05/2025,13:59:51,24389,24385.7,525,24389,75,75,13029150
NIFTY-I.NFO,08/05/2025,13:59:52,24385.7,24385.7,75,24389,75,150,13029150
NIFTY-I.NFO,08/05/2025,13:59:54,24389,24385.7,450,24389,75,75,13029150
NIFTY-I.NFO,08/05/2025,13:59:56,24389,24385.7,75,24389,75,75,13029150
NIFTY-I.NFO,08/05/2025,13:59:57,24385.7,24385.6,75,24389,150,150,13029150
NIFTY-I.NFO,08/05/2025,13:59:59,24385.3,24385.4,300,24389,150,450,13029150
NIFTY-I.NFO,08/05/2025,14:00:00,24390,24386.3,300,24388.3,150,2175,13029150
NIFTY-I.NFO,08/05/2025,14:00:02,24385.7,24385.5,75,24387.2,225,525,13029150
NIFTY-I.NFO,08/05/2025,14:00:04,24392.2,24385.6,225,24391.9,225,900,13029150
NIFTY-I.NFO,08/05/2025,14:00:05,24385.3,24385.3,75,24391.7,150,150,13029150
NIFTY-I.NFO,08/05/2025,14:00:07,24391.5,24385.8,525,24391.6,75,225,13029150
NIFTY-I.NFO,08/05/2025,14:00:09,24386.4,24386.4,75,24388.6,225,1050,13029150
NIFTY-I.NFO,08/05/2025,14:00:10,24386.4,24386.4,75,24388.6,225,0,13029150
NIFTY-I.NFO,08/05/2025,14:00:12,24385.4,24385.4,75,24387.6,150,225,13029150
NIFTY-I.NFO,08/05/2025,14:00:14,24385,24385.7,75,24387.6,150,1575,13029150
NIFTY-I.NFO,08/05/2025,14:00:15,24385.1,24385.1,75,24391,75,825,13029150
NIFTY-I.NFO,08/05/2025,14:00:17,24385.1,24385.2,150,24390.6,75,0,13029150
NIFTY-I.NFO,08/05/2025,14:00:18,24385.2,24387,75,24390.6,150,75,13029150
NIFTY-I.NFO,08/05/2025,14:00:20,24391.7,24385.6,150,24392.3,75,225,13029150
NIFTY-I.NFO,08/05/2025,14:00:22,24393.3,24386.4,75,24393.3,150,525,13029150
NIFTY-I.NFO,08/05/2025,14:00:23,24386.2,24386.7,75,24393.3,150,600,13029150
NIFTY-I.NFO,08/05/2025,14:00:25,24386.2,24386.2,75,24392.3,150,0,13029150
NIFTY-I.NFO,08/05/2025,14:00:27,24392.6,24386,75,24392.5,150,375,13029150
NIFTY-I.NFO,08/05/2025,14:00:28,24386.6,24386.5,75,24392.8,75,300,13029150
NIFTY-I.NFO,08/05/2025,14:00:30,24386.1,24386.1,75,24389.2,150,150,13029150
NIFTY-I.NFO,08/05/2025,14:00:32,24386,24386,75,24388.2,150,150,13029150
NIFTY-I.NFO,08/05/2025,14:00:33,24386,24385.5,150,24386.7,150,150,13029150
NIFTY-I.NFO,08/05/2025,14:00:35,24388.2,24385.5,300,24388.2,75,300,13029150
NIFTY-I.NFO,08/05/2025,14:00:37,24385.2,24385,1275,24386.5,150,300,13029150
NIFTY-I.NFO,08/05/2025,14:00:38,24386,24385.8,75,24390,600,525,13029150
NIFTY-I.NFO,08/05/2025,14:00:40,24385.6,24385.6,75,24390,450,600,13029150
NIFTY-I.NFO,08/05/2025,14:00:42,24385,24385,2325,24390,450,2775,13029150
NIFTY-I.NFO,08/05/2025,14:00:43,24390,24385.3,150,24390,300,1650,13029150
NIFTY-I.NFO,08/05/2025,14:00:45,24390,24386.1,450,24390,225,375,13029150
NIFTY-I.NFO,08/05/2025,14:00:47,24390,24385.3,225,24390,150,750,13029150
NIFTY-I.NFO,08/05/2025,14:00:48,24385.3,24385.3,300,24390,75,225,13029150
NIFTY-I.NFO,08/05/2025,14:00:50,24385.2,24385.1,300,24390,75,225,13029150
NIFTY-I.NFO,08/05/2025,14:00:52,24391.8,24386.1,75,24391.7,75,225,13029150
NIFTY-I.NFO,08/05/2025,14:00:53,24386.1,24385.2,375,24391.7,150,75,13029150
NIFTY-I.NFO,08/05/2025,14:00:55,24386.1,24385.2,75,24391.5,75,0,13029150
NIFTY-I.NFO,08/05/2025,14:00:57,24386.1,24385.2,375,24390,450,0,13029150
NIFTY-I.NFO,08/05/2025,14:00:58,24385.1,24385.3,375,24390,525,450,13029150
NIFTY-I.NFO,08/05/2025,14:01:00,24385.1,24386.1,75,24390,675,0,13029150
NIFTY-I.NFO,08/05/2025,14:01:02,24386,24385.6,525,24390,675,450,13029150
NIFTY-I.NFO,08/05/2025,14:01:03,24389.9,24385.8,450,24389.9,75,150,13029150
NIFTY-I.NFO,08/05/2025,14:01:05,24389.9,24385.9,450,24389.9,75,150,13029150
NIFTY-I.NFO,08/05/2025,14:01:07,24389.9,24385.4,450,24390,750,225,13024500
NIFTY-I.NFO,08/05/2025,14:01:08,24390,24385.5,450,24390,300,525,13024500
NIFTY-I.NFO,08/05/2025,14:01:10,24390,24386.4,675,24390,150,375,13024500
NIFTY-I.NFO,08/05/2025,14:01:12,24388.8,24385.9,150,24390.9,150,450,13024500
NIFTY-I.NFO,08/05/2025,14:01:13,24390,24385.6,825,24390.9,225,75,13024500
NIFTY-I.NFO,08/05/2025,14:01:15,24385.7,24385.9,300,24390.9,225,525,13024500
NIFTY-I.NFO,08/05/2025,14:01:17,24386.5,24386.4,75,24390,75,375,13024500
NIFTY-I.NFO,08/05/2025,14:01:18,24390,24386.1,75,24390.7,150,375,13024500
NIFTY-I.NFO,08/05/2025,14:01:20,24390.7,24386.1,150,24390.7,75,300,13024500
NIFTY-I.NFO,08/05/2025,14:01:22,24386.9,24386.5,600,24390.7,150,225,13024500
NIFTY-I.NFO,08/05/2025,14:01:23,24390.7,24387.1,450,24392,750,825,13024500
NIFTY-I.NFO,08/05/2025,14:01:25,24391.7,24390,75,24391.6,450,525,13024500
NIFTY-I.NFO,08/05/2025,14:01:27,24386.9,24386,150,24391.1,75,225,13024500
NIFTY-I.NFO,08/05/2025,14:01:28,24386,24386.1,375,24391.1,75,900,13024500
NIFTY-I.NFO,08/05/2025,14:01:30,24391.1,24386.3,450,24391.1,75,75,13024500
NIFTY-I.NFO,08/05/2025,14:01:32,24386.2,24386.1,375,24391.1,75,300,13024500
NIFTY-I.NFO,08/05/2025,14:01:33,24386.3,24386.1,150,24391.1,75,225,13024500
NIFTY-I.NFO,08/05/2025,14:01:35,24388.5,24388.5,75,24391.1,75,225,13024500
NIFTY-I.NFO,08/05/2025,14:01:37,24391,24386.5,75,24390,150,300,13024500
NIFTY-I.NFO,08/05/2025,14:01:38,24386.5,24386,1050,24390,75,150,13024500
NIFTY-I.NFO,08/05/2025,14:01:40,24386.5,24386.4,75,24390,975,0,13024500
NIFTY-I.NFO,08/05/2025,14:01:42,24386.5,24386.4,75,24386.5,1725,1575,13024500
NIFTY-I.NFO,08/05/2025,14:01:43,24388.3,24388.4,75,24390,525,2100,13024500
NIFTY-I.NFO,08/05/2025,14:01:45,24389.9,24388.5,75,24390,525,150,13024500
NIFTY-I.NFO,08/05/2025,14:01:47,24388.1,24387.9,75,24390,525,300,13024500
NIFTY-I.NFO,08/05/2025,14:01:48,24387.9,24387.7,75,24390,525,75,13024500
NIFTY-I.NFO,08/05/2025,14:01:50,24390,24389.8,375,24391,750,1200,13024500
NIFTY-I.NFO,08/05/2025,14:01:52,24391,24391,375,24392,750,1125,13024500
NIFTY-I.NFO,08/05/2025,14:01:53,24391,24389.3,225,24390.6,75,375,13024500
NIFTY-I.NFO,08/05/2025,14:01:55,24391,24391.3,375,24392,750,1200,13024500
NIFTY-I.NFO,08/05/2025,14:01:57,24392.8,24392.8,375,24393.7,150,1125,13024500
NIFTY-I.NFO,08/05/2025,14:01:58,24391.9,24391.7,150,24393.7,225,1125,13024500
NIFTY-I.NFO,08/05/2025,14:02:00,24393.7,24391.5,150,24393.7,150,375,13024500
NIFTY-I.NFO,08/05/2025,14:02:02,24391,24391.3,225,24393.7,150,1800,13024500
NIFTY-I.NFO,08/05/2025,14:02:03,24395,24391.2,525,24393.7,150,600,13024500
NIFTY-I.NFO,08/05/2025,14:02:05,24393.7,24392.5,75,24393.7,75,525,13024500
NIFTY-I.NFO,08/05/2025,14:02:06,24391.3,24391.5,225,24393.7,150,225,13024500
NIFTY-I.NFO,08/05/2025,14:02:08,24391.1,24391.3,225,24393.7,150,375,13024500
NIFTY-I.NFO,08/05/2025,14:02:10,24393.7,24390.9,75,24393.7,75,300,13024500
NIFTY-I.NFO,08/05/2025,14:02:11,24393.7,24390.9,75,24393.3,75,75,13024500
NIFTY-I.NFO,08/05/2025,14:02:13,24390.9,24390.9,150,24394.8,75,225,13024500
NIFTY-I.NFO,08/05/2025,14:02:15,24394.8,24391.1,150,24394.8,75,75,13024500
NIFTY-I.NFO,08/05/2025,14:02:17,24391.1,24391,75,24394.8,75,300,13024500
NIFTY-I.NFO,08/05/2025,14:02:18,24391,24391,150,24394.8,75,225,13024500
NIFTY-I.NFO,08/05/2025,14:02:20,24394.8,24391,150,24395,1350,900,13024500
NIFTY-I.NFO,08/05/2025,14:02:22,24390.8,24390.7,450,24395,1350,225,13024500
NIFTY-I.NFO,08/05/2025,14:02:23,24395,24393,75,24395,1200,150,13024500
NIFTY-I.NFO,08/05/2025,14:02:25,24392.1,24392.5,150,24395,1200,150,13024500
NIFTY-I.NFO,08/05/2025,14:02:27,24395,24392.4,75,24395,975,450,13024500
NIFTY-I.NFO,08/05/2025,14:02:28,24393,24393,1425,24395,975,75,13024500
NIFTY-I.NFO,08/05/2025,14:02:30,24395,24393,2175,24395,900,150,13024500
NIFTY-I.NFO,08/05/2025,14:02:32,24395,24393,1575,24395,750,525,13024500
NIFTY-I.NFO,08/05/2025,14:02:33,24395,24393,1350,24395,450,600,13024500
NIFTY-I.NFO,08/05/2025,14:02:35,24393,24393,525,24395,150,825,13024500
NIFTY-I.NFO,08/05/2025,14:02:37,24394.7,24391.5,75,24394.6,375,750,13024500
NIFTY-I.NFO,08/05/2025,14:02:38,24391.5,24391,525,24395,75,300,13024500
NIFTY-I.NFO,08/05/2025,14:02:40,24395,24391,525,24395,75,375,13024500
NIFTY-I.NFO,08/05/2025,14:02:42,24395,24391,525,24395,150,0,13024500
NIFTY-I.NFO,08/05/2025,14:02:43,24395,24392,75,24395,150,0,13024500
NIFTY-I.NFO,08/05/2025,14:02:45,24395,24392,75,24395.2,600,150,13024500
NIFTY-I.NFO,08/05/2025,14:02:47,24394.9,24392,75,24394.9,225,225,13024500
NIFTY-I.NFO,08/05/2025,14:02:48,24392,24391,150,24394.6,150,75,13024500
NIFTY-I.NFO,08/05/2025,14:02:50,24394.6,24392,75,24394.6,150,225,13024500
NIFTY-I.NFO,08/05/2025,14:02:52,24393,24392,75,24395.6,300,300,13024500
NIFTY-I.NFO,08/05/2025,14:02:53,24394.6,24391,150,24394,75,150,13024500
NIFTY-I.NFO,08/05/2025,14:02:55,24394.6,24391,150,24394,150,0,13024500
NIFTY-I.NFO,08/05/2025,14:02:58,24393,24393,225,24394,225,300,13024500
NIFTY-I.NFO,08/05/2025,14:03:00,24393,24393,225,24394,300,0,13024500
NIFTY-I.NFO,08/05/2025,14:03:02,24393,24393,75,24394,300,225,13024500
NIFTY-I.NFO,08/05/2025,14:03:03,24393,24393,150,24393.9,75,75,13024500
NIFTY-I.NFO,08/05/2025,14:03:05,24393.8,24393,225,24393.8,75,75,13024500
NIFTY-I.NFO,08/05/2025,14:03:07,24393,24391,225,24393.8,150,225,13024500
NIFTY-I.NFO,08/05/2025,14:03:08,24390.4,24390.7,75,24393.8,150,825,13024500
NIFTY-I.NFO,08/05/2025,14:03:10,24391.5,24391.5,150,24393.8,75,525,13024500
NIFTY-I.NFO,08/05/2025,14:03:11,24392,24392,75,24393.8,150,75,13024500
NIFTY-I.NFO,08/05/2025,14:03:13,24397.8,24396.3,75,24397.8,75,1050,13024500
NIFTY-I.NFO,08/05/2025,14:03:15,24397.8,24396.3,75,24397.8,150,0,13024500
NIFTY-I.NFO,08/05/2025,14:03:16,24397.8,24396.3,75,24397.8,75,75,13024500
NIFTY-I.NFO,08/05/2025,14:03:18,24396.3,24393.5,75,24396,75,150,13024500
NIFTY-I.NFO,08/05/2025,14:03:20,24396.3,24395,225,24396,150,0,13024500
NIFTY-I.NFO,08/05/2025,14:03:21,24395,24394.5,150,24396,75,225,13024500
NIFTY-I.NFO,08/05/2025,14:03:23,24394.5,24393,75,24394.5,825,375,13024500
NIFTY-I.NFO,08/05/2025,14:03:25,24394.5,24394.3,375,24394.5,750,75,13024500
NIFTY-I.NFO,08/05/2025,14:03:26,24392.5,24394.3,225,24396.3,75,750,13024500
NIFTY-I.NFO,08/05/2025,14:03:28,24394.3,24393.3,225,24394.3,1125,150,13024500
NIFTY-I.NFO,08/05/2025,14:03:30,24394.3,24394.8,75,24396.3,75,1200,13024500
NIFTY-I.NFO,08/05/2025,14:03:31,24395,24395,75,24396.3,150,75,13024500
NIFTY-I.NFO,08/05/2025,14:03:33,24395,24395,75,24396.3,150,0,13024500
NIFTY-I.NFO,08/05/2025,14:03:35,24395,24394.3,75,24396.3,150,75,13024500
NIFTY-I.NFO,08/05/2025,14:03:36,24395.3,24394.3,75,24396.3,150,75,13024500
NIFTY-I.NFO,08/05/2025,14:03:38,24395,24395,675,24396.3,150,150,13024500
NIFTY-I.NFO,08/05/2025,14:03:40,24396.3,24396.3,150,24398,1800,675,13024500
NIFTY-I.NFO,08/05/2025,14:03:41,24396,24395,75,24398,1575,225,13024500
NIFTY-I.NFO,08/05/2025,14:03:43,24396,24395,150,24398,1575,0,13024500
NIFTY-I.NFO,08/05/2025,14:03:45,24398,24396.3,75,24398,1425,300,13024500
NIFTY-I.NFO,08/05/2025,14:03:46,24398,24397,75,24398,1350,300,13024500
NIFTY-I.NFO,08/05/2025,14:03:48,24395,24395.5,300,24398,1350,300,13024500
NIFTY-I.NFO,08/05/2025,14:03:50,24398,24395,300,24398,1200,300,13024500
NIFTY-I.NFO,08/05/2025,14:03:51,24398,24395,375,24398,1125,300,13024500
NIFTY-I.NFO,08/05/2025,14:03:53,24395.5,24395.2,675,24398,1125,225,13024500
NIFTY-I.NFO,08/05/2025,14:03:55,24398,24395.2,375,24398,825,1050,13024500
NIFTY-I.NFO,08/05/2025,14:03:56,24395.2,24395.3,525,24398,825,225,13024500
NIFTY-I.NFO,08/05/2025,14:03:58,24395.1,24395.1,750,24398,825,525,13024500
NIFTY-I.NFO,08/05/2025,14:04:00,24398,24395.1,525,24398,675,300,13024500
NIFTY-I.NFO,08/05/2025,14:04:01,24398,24395,300,24398,525,150,13024500
NIFTY-I.NFO,08/05/2025,14:04:03,24398,24395,300,24398,375,150,13024500
NIFTY-I.NFO,08/05/2025,14:04:05,24395,24395,75,24398,375,225,13024500
NIFTY-I.NFO,08/05/2025,14:04:06,24395,24395,225,24398.1,75,900,13024200
NIFTY-I.NFO,08/05/2025,14:04:08,24395,24394,150,24395,75,300,13024200
NIFTY-I.NFO,08/05/2025,14:04:10,24395,24395.5,75,24397.9,75,300,13024200
NIFTY-I.NFO,08/05/2025,14:04:11,24395,24395.5,75,24397.9,225,0,13024200
NIFTY-I.NFO,08/05/2025,14:04:13,24397.4,24394,75,24397.4,75,225,13024200
NIFTY-I.NFO,08/05/2025,14:04:16,24397.4,24394,75,24397.3,150,75,13024200
NIFTY-I.NFO,08/05/2025,14:04:18,24397.4,24394,75,24397,225,0,13024200
NIFTY-I.NFO,08/05/2025,14:04:20,24395,24394,75,24395,2325,750,13024200
NIFTY-I.NFO,08/05/2025,14:04:22,24395,24394,75,24395,2325,0,13024200
NIFTY-I.NFO,08/05/2025,14:04:23,24394,24393,525,24395,2250,150,13024200
NIFTY-I.NFO,08/05/2025,14:04:25,24395,24393,525,24395,2025,375,13024200
NIFTY-I.NFO,08/05/2025,14:04:27,24399,24393,525,24398.6,150,3150,13024200
NIFTY-I.NFO,08/05/2025,14:04:28,24399,24394,75,24398.6,300,0,13024200
NIFTY-I.NFO,08/05/2025,14:04:30,24394,24393,525,24396.4,300,75,13024200
NIFTY-I.NFO,08/05/2025,14:04:32,24395.6,24393,525,24396.1,75,75,13024200
NIFTY-I.NFO,08/05/2025,14:04:33,24391.5,24391,225,24395.1,75,1050,13024200
NIFTY-I.NFO,08/05/2025,14:04:35,24394,24391,225,24394.9,75,75,13024200
NIFTY-I.NFO,08/05/2025,14:04:38,24394,24391,225,24394.9,225,150,13024200
NIFTY-I.NFO,08/05/2025,14:04:40,24393,24391.1,150,24393,75,150,13024200
NIFTY-I.NFO,08/05/2025,14:04:42,24393,24391.1,150,24393,150,0,13024200
NIFTY-I.NFO,08/05/2025,14:04:43,24396,24394,150,24397,150,1275,13024200
NIFTY-I.NFO,08/05/2025,14:04:45,24398.9,24394,150,24397.8,75,975,13024200
NIFTY-I.NFO,08/05/2025,14:04:47,24398.9,24394,150,24397.8,150,0,13024200
NIFTY-I.NFO,08/05/2025,14:04:48,24398.8,24396,150,24397.8,75,525,13024200
NIFTY-I.NFO,08/05/2025,14:04:50,24396.8,24394,225,24395,75,900,13024200
NIFTY-I.NFO,08/05/2025,14:04:52,24394,24392,75,24395,300,225,13024200
NIFTY-I.NFO,08/05/2025,14:04:53,24394,24392,75,24394,75,0,13024200
NIFTY-I.NFO,08/05/2025,14:04:55,24394.1,24392,75,24394.2,75,225,13024200
NIFTY-I.NFO,08/05/2025,14:04:57,24394.1,24392,75,24394,75,150,13024200
NIFTY-I.NFO,08/05/2025,14:04:58,24394.1,24392,75,24394,150,0,13024200
NIFTY-I.NFO,08/05/2025,14:05:00,24392,24391,225,24394,150,150,13024200
NIFTY-I.NFO,08/05/2025,14:05:02,24392,24391,225,24394,150,0,13024200
NIFTY-I.NFO,08/05/2025,14:05:03,24394,24391.1,75,24394,150,75,13024200
NIFTY-I.NFO,08/05/2025,14:05:05,24394,24391.1,150,24392,225,0,13024200
NIFTY-I.NFO,08/05/2025,14:05:07,24394,24391.1,150,24392,300,0,13024200
NIFTY-I.NFO,08/05/2025,14:05:08,24390,24390,150,24391,450,1575,13024200
NIFTY-I.NFO,08/05/2025,14:05:10,24390,24390,75,24391,375,150,13024200
NIFTY-I.NFO,08/05/2025,14:05:12,24390,24390.1,75,24391,375,0,13024200
NIFTY-I.NFO,08/05/2025,14:05:13,24388.3,24388.3,75,24391.1,225,525,13024200
NIFTY-I.NFO,08/05/2025,14:05:15,24388.3,24388.3,75,24391.1,225,0,13024200
NIFTY-I.NFO,08/05/2025,14:05:16,24390,24390,225,24391.1,75,450,13024200
NIFTY-I.NFO,08/05/2025,14:05:18,24388.3,24388.3,75,24390,3225,450,13024200
NIFTY-I.NFO,08/05/2025,14:05:20,24388.3,24388.5,75,24390,3525,75,13024200
NIFTY-I.NFO,08/05/2025,14:05:21,24388.5,24388.5,75,24389.9,225,225,13024200
NIFTY-I.NFO,08/05/2025,14:05:23,24388.5,24388.4,75,24389.9,225,0,13024200
NIFTY-I.NFO,08/05/2025,14:05:25,24389.9,24388.1,75,24389.9,150,525,13024200
NIFTY-I.NFO,08/05/2025,14:05:26,24388.1,24388,1575,24389.9,75,150,13024200
NIFTY-I.NFO,08/05/2025,14:05:28,24389.9,24388.8,150,24390,450,450,13024200
NIFTY-I.NFO,08/05/2025,14:05:30,24388.8,24389.2,75,24390,300,225,13024200
NIFTY-I.NFO,08/05/2025,14:05:31,24390,24389.3,375,24390,225,75,13024200
NIFTY-I.NFO,08/05/2025,14:05:33,24390,24390,900,24392,225,525,13024200
NIFTY-I.NFO,08/05/2025,14:05:35,24392,24390,900,24392,225,75,13024200
NIFTY-I.NFO,08/05/2025,14:05:36,24392,24390.2,150,24392,150,75,13024200
NIFTY-I.NFO,08/05/2025,14:05:38,24392,24390.2,450,24392,75,75,13024200
NIFTY-I.NFO,08/05/2025,14:05:40,24392,24390.4,75,24394,375,150,13024200
NIFTY-I.NFO,08/05/2025,14:05:41,24390.2,24390,525,24395.2,75,450,13024200
NIFTY-I.NFO,08/05/2025,14:05:43,24395.2,24390.2,375,24395.3,75,375,13024200
NIFTY-I.NFO,08/05/2025,14:05:45,24390,24390,900,24395.3,150,225,13024200
NIFTY-I.NFO,08/05/2025,14:05:46,24390,24390.1,75,24395.3,150,0,13024200
NIFTY-I.NFO,08/05/2025,14:05:48,24390,24390.2,375,24395.3,150,0,13024200
NIFTY-I.NFO,08/05/2025,14:05:50,24390.2,24390.3,75,24395.3,150,75,13024200
NIFTY-I.NFO,08/05/2025,14:05:51,24395.3,24390.1,75,24395.3,75,300,13024200
NIFTY-I.NFO,08/05/2025,14:05:53,24395.3,24391,450,24396,75,225,13024200
NIFTY-I.NFO,08/05/2025,14:05:55,24395.3,24390.3,150,24396,225,0,13024200
NIFTY-I.NFO,08/05/2025,14:05:56,24395.3,24390.5,75,24395.9,75,75,13024200
NIFTY-I.NFO,08/05/2025,14:05:58,24395.3,24391,150,24395.9,150,0,13024200
NIFTY-I.NFO,08/05/2025,14:06:00,24391.1,24391.1,375,24395.6,75,225,13024200
NIFTY-I.NFO,08/05/2025,14:06:01,24391.1,24391.2,75,24395.6,150,0,13024200
NIFTY-I.NFO,08/05/2025,14:06:03,24395.3,24391.1,225,24394.9,75,375,13024200
NIFTY-I.NFO,08/05/2025,14:06:05,24394.9,24391.1,225,24394.9,150,75,13024200
NIFTY-I.NFO,08/05/2025,14:06:06,24394.9,24391.1,225,24391.2,225,0,13024200
NIFTY-I.NFO,08/05/2025,14:06:08,24391.1,24391.1,75,24395,450,450,13024200
NIFTY-I.NFO,08/05/2025,14:06:10,24394.9,24390.5,75,24394.8,75,300,13024200
NIFTY-I.NFO,08/05/2025,14:06:11,24393,24391.3,75,24393,150,300,13024200
NIFTY-I.NFO,08/05/2025,14:06:13,24390,24390,975,24393,150,150,13024200
NIFTY-I.NFO,08/05/2025,14:06:15,24393,24390,975,24393,75,225,13024200
NIFTY-I.NFO,08/05/2025,14:06:16,24391.9,24390,675,24393,150,150,13024200
NIFTY-I.NFO,08/05/2025,14:06:18,24390,24390,150,24391.1,900,825,13024200
NIFTY-I.NFO,08/05/2025,14:06:20,24390,24389.9,75,24390,150,150,13024200
NIFTY-I.NFO,08/05/2025,14:06:21,24389.9,24388.4,75,24390,75,150,13024200
NIFTY-I.NFO,08/05/2025,14:06:23,24390,24388,1650,24390,150,975,13024200
NIFTY-I.NFO,08/05/2025,14:06:25,24390,24388,1650,24390,300,0,13024200
NIFTY-I.NFO,08/05/2025,14:06:27,24389.9,24388,1350,24389.9,450,75,13024200
NIFTY-I.NFO,08/05/2025,14:06:28,24388,24388,1275,24389.9,525,75,13024200
NIFTY-I.NFO,08/05/2025,14:06:30,24388,24388,900,24389.9,525,450,13024200
NIFTY-I.NFO,08/05/2025,14:06:32,24388,24387.5,75,24388,150,900,13024200
NIFTY-I.NFO,08/05/2025,14:06:33,24389.9,24386.5,450,24389.9,75,750,13024200
NIFTY-I.NFO,08/05/2025,14:06:35,24389.9,24386.5,150,24389.9,150,0,13024200
NIFTY-I.NFO,08/05/2025,14:06:36,24386.5,24386.5,75,24389.9,75,150,13024200
NIFTY-I.NFO,08/05/2025,14:06:38,24386.5,24386,525,24389.9,75,75,13024200
NIFTY-I.NFO,08/05/2025,14:06:40,24386.5,24388,375,24389.9,75,0,13024200
NIFTY-I.NFO,08/05/2025,14:06:41,24389.9,24388,525,24390,900,75,13024200
NIFTY-I.NFO,08/05/2025,14:06:43,24388,24388,225,24390,750,300,13024200
NIFTY-I.NFO,08/05/2025,14:06:45,24388,24388,150,24390,750,75,13024200
NIFTY-I.NFO,08/05/2025,14:06:46,24392,24387.7,750,24392.8,225,1200,13024200
NIFTY-I.NFO,08/05/2025,14:06:48,24387.5,24387.8,525,24392.8,300,225,13024200
NIFTY-I.NFO,08/05/2025,14:06:50,24386.7,24386.7,600,24392.8,300,300,13024200
NIFTY-I.NFO,08/05/2025,14:06:51,24386.7,24386.7,375,24392.8,300,0,13024200
NIFTY-I.NFO,08/05/2025,14:06:53,24386.7,24386.9,375,24392.8,300,0,13024200
NIFTY-I.NFO,08/05/2025,14:06:55,24386.7,24387.6,450,24392.8,300,0,13024200
NIFTY-I.NFO,08/05/2025,14:06:56,24394,24392,900,24392.8,75,675,13024200
NIFTY-I.NFO,08/05/2025,14:06:58,24394,24392,900,24392.8,75,0,13024200
NIFTY-I.NFO,08/05/2025,14:07:00,24394,24392,900,24392.8,150,0,13024200
NIFTY-I.NFO,08/05/2025,14:07:01,24392,24392,975,24392.8,150,75,13024200
NIFTY-I.NFO,08/05/2025,14:07:03,24392,24392,750,24392.8,150,450,13024200
NIFTY-I.NFO,08/05/2025,14:07:05,24392,24392,750,24392.8,150,0,13024200
NIFTY-I.NFO,08/05/2025,14:07:06,24392.8,24392,975,24392.8,150,150,13028700
NIFTY-I.NFO,08/05/2025,14:07:08,24392.8,24392,1125,24392.8,300,0,13028700
NIFTY-I.NFO,08/05/2025,14:07:10,24392,24392,750,24392.8,300,375,13028700
NIFTY-I.NFO,08/05/2025,14:07:11,24392,24392,675,24392.8,300,150,13028700
NIFTY-I.NFO,08/05/2025,14:07:13,24392.8,24392,750,24392.8,75,225,13028700
NIFTY-I.NFO,08/05/2025,14:07:15,24393,24392,750,24393,450,225,13028700
NIFTY-I.NFO,08/05/2025,14:07:16,24392,24392,525,24393,525,450,13028700
NIFTY-I.NFO,08/05/2025,14:07:18,24392.8,24392,525,24393,450,150,13028700
NIFTY-I.NFO,08/05/2025,14:07:20,24395.5,24392,525,24393,75,1575,13028700
NIFTY-I.NFO,08/05/2025,14:07:21,24393,24392,525,24393,75,75,13028700
NIFTY-I.NFO,08/05/2025,14:07:23,24392,24387.8,75,24393,75,600,13028700
NIFTY-I.NFO,08/05/2025,14:07:25,24392,24388.1,75,24392,1050,0,13028700
NIFTY-I.NFO,08/05/2025,14:07:26,24392,24388.1,150,24392,825,225,13028700
NIFTY-I.NFO,08/05/2025,14:07:28,24392,24387.9,75,24392,750,75,13028700
NIFTY-I.NFO,08/05/2025,14:07:30,24387.8,24387.8,75,24392,750,75,13028700
NIFTY-I.NFO,08/05/2025,14:07:31,24387.8,24387.8,75,24392,750,0,13028700
NIFTY-I.NFO,08/05/2025,14:07:33,24387.8,24387.8,75,24392,750,75,13028700
NIFTY-I.NFO,08/05/2025,14:07:35,24387.8,24388.2,75,24392,750,0,13028700
NIFTY-I.NFO,08/05/2025,14:07:36,24392,24389,75,24392,600,150,13028700
NIFTY-I.NFO,08/05/2025,14:07:38,24392.8,24392,150,24396,75,675,13028700
NIFTY-I.NFO,08/05/2025,14:07:40,24392,24392,75,24396,150,75,13028700
NIFTY-I.NFO,08/05/2025,14:07:41,24390.4,24392,75,24395.6,75,150,13028700
NIFTY-I.NFO,08/05/2025,14:07:43,24390.4,24392,75,24395.6,150,0,13028700
NIFTY-I.NFO,08/05/2025,14:07:45,24392,24392,1800,24395,150,75,13028700
NIFTY-I.NFO,08/05/2025,14:07:46,24395.9,24392,1800,24393,75,525,13028700
NIFTY-I.NFO,08/05/2025,14:07:48,24393,24392,1575,24393.9,75,375,13028700
NIFTY-I.NFO,08/05/2025,14:07:50,24392,24392,1350,24393.9,150,225,13028700
NIFTY-I.NFO,08/05/2025,14:07:51,24393.9,24392,900,24393.9,75,525,13028700
NIFTY-I.NFO,08/05/2025,14:07:53,24393.9,24392,900,24393.9,75,0,13028700
NIFTY-I.NFO,08/05/2025,14:07:55,24392,24392,750,24393.9,75,150,13028700
NIFTY-I.NFO,08/05/2025,14:07:56,24392,24392,750,24393.9,75,0,13028700
NIFTY-I.NFO,08/05/2025,14:08:00,24393.9,24392,525,24393.7,300,375,13028700
NIFTY-I.NFO,08/05/2025,14:08:01,24393.7,24392,375,24393.7,225,375,13028700
NIFTY-I.NFO,08/05/2025,14:08:03,24390.2,24390.2,225,24393.7,150,675,13028700
NIFTY-I.NFO,08/05/2025,14:08:05,24393.7,24390.2,75,24393.7,225,75,13028700
NIFTY-I.NFO,08/05/2025,14:08:06,24390.2,24390,1950,24393.2,150,75,13028700
NIFTY-I.NFO,08/05/2025,14:08:08,24393.2,24390,1875,24393.2,150,150,13028700
NIFTY-I.NFO,08/05/2025,14:08:09,24393.2,24390,1875,24393.2,150,150,13028700
NIFTY-I.NFO,08/05/2025,14:08:11,24393.2,24390,1350,24393,75,975,13028700
NIFTY-I.NFO,08/05/2025,14:08:13,24392.8,24390,1275,24393,150,150,13028700
NIFTY-I.NFO,08/05/2025,14:08:14,24392.4,24390,1275,24393,150,75,13028700
NIFTY-I.NFO,08/05/2025,14:08:16,24393,24390,1275,24392.5,75,75,13028700
NIFTY-I.NFO,08/05/2025,14:08:18,24392.5,24390.1,75,24392.5,75,1275,13028700
NIFTY-I.NFO,08/05/2025,14:08:19,24392.5,24390.1,75,24392.5,75,0,13028700
NIFTY-I.NFO,08/05/2025,14:08:24,24392,24390.1,75,24392,300,75,13028700
NIFTY-I.NFO,08/05/2025,14:08:26,24390,24388.2,75,24390,675,525,13028700
NIFTY-I.NFO,08/05/2025,14:08:27,24390,24388.1,75,24390,600,75,13028700
NIFTY-I.NFO,08/05/2025,14:08:29,24388.1,24388,75,24390,600,75,13028700
NIFTY-I.NFO,08/05/2025,14:08:31,24388,24388,450,24390,600,600,13028700
NIFTY-I.NFO,08/05/2025,14:08:32,24390,24387.1,375,24390,150,525,13028700
NIFTY-I.NFO,08/05/2025,14:08:34,24387.9,24387.1,375,24387.9,225,1200,13028700
NIFTY-I.NFO,08/05/2025,14:08:36,24387.9,24387.1,75,24387.9,225,75,13028700
NIFTY-I.NFO,08/05/2025,14:08:38,24387.9,24387.3,75,24387.9,75,150,13028700
NIFTY-I.NFO,08/05/2025,14:08:39,24387.9,24387.3,75,24387.9,75,75,13028700
NIFTY-I.NFO,08/05/2025,14:08:41,24389.9,24387.9,75,24389.9,75,225,13028700
NIFTY-I.NFO,08/05/2025,14:08:43,24387.3,24387.9,225,24389.9,150,150,13028700
NIFTY-I.NFO,08/05/2025,14:08:44,24387.1,24387.3,150,24389.9,150,300,13028700
NIFTY-I.NFO,08/05/2025,14:08:46,24387.1,24387.3,150,24389.9,150,0,13028700
NIFTY-I.NFO,08/05/2025,14:08:48,24389.9,24385.2,75,24389.9,75,2625,13028700
NIFTY-I.NFO,08/05/2025,14:08:49,24389.9,24387.1,75,24389.4,225,75,13028700
NIFTY-I.NFO,08/05/2025,14:08:51,24389.9,24388,75,24389.4,225,0,13028700
NIFTY-I.NFO,08/05/2025,14:08:53,24385,24385,1875,24389.4,225,825,13028700
NIFTY-I.NFO,08/05/2025,14:08:54,24385,24385,1875,24387.2,75,0,13028700
NIFTY-I.NFO,08/05/2025,14:08:56,24385,24385,1425,24387.2,150,150,13028700
NIFTY-I.NFO,08/05/2025,14:08:58,24385,24385.1,75,24386,225,0,13028700
NIFTY-I.NFO,08/05/2025,14:08:59,24385,24385,900,24385.5,75,825,13028700
NIFTY-I.NFO,08/05/2025,14:09:01,24385,24385,675,24385.5,225,225,13028700
NIFTY-I.NFO,08/05/2025,14:09:02,24384,24384,75,24385.5,150,900,13028700
NIFTY-I.NFO,08/05/2025,14:09:04,24385.4,24384,75,24385.4,75,75,13028700
NIFTY-I.NFO,08/05/2025,14:09:06,24385.3,24383.3,75,24385.3,375,300,13028700
NIFTY-I.NFO,08/05/2025,14:09:07,24385.3,24383.3,75,24385.3,375,0,13028700
NIFTY-I.NFO,08/05/2025,14:09:09,24381.8,24381.7,600,24383.3,300,1275,13028700
NIFTY-I.NFO,08/05/2025,14:09:11,24381.7,24381.1,450,24382,150,600,13028700
NIFTY-I.NFO,08/05/2025,14:09:12,24381.1,24381,450,24381.1,150,825,13028700
NIFTY-I.NFO,08/05/2025,14:09:14,24381,24381,75,24382,75,525,13028700
NIFTY-I.NFO,08/05/2025,14:09:16,24381,24381,75,24381.9,225,0,13028700
NIFTY-I.NFO,08/05/2025,14:09:17,24381.9,24380.2,150,24381.5,300,300,13028700
NIFTY-I.NFO,08/05/2025,14:09:19,24381.5,24380.1,300,24381.5,225,150,13028700
NIFTY-I.NFO,08/05/2025,14:09:21,24380,24380,1050,24381.4,225,1725,13028700
NIFTY-I.NFO,08/05/2025,14:09:22,24378,24375,1350,24378,75,6975,13028700
NIFTY-I.NFO,08/05/2025,14:09:22,24375,24375,1350,24378,75,0,13028700
NIFTY-I.NFO,08/05/2025,14:09:24,24375,24375,750,24380,975,1500,13028700
NIFTY-I.NFO,08/05/2025,14:09:26,24375,24375,525,24376.9,300,825,13028700
NIFTY-I.NFO,08/05/2025,14:09:27,24376.9,24375,375,24376.9,300,600,13028700
NIFTY-I.NFO,08/05/2025,14:09:27,24374.3,24375,375,24376.9,300,0,13028700
NIFTY-I.NFO,08/05/2025,14:09:29,24376,24376,75,24376.9,300,450,13028700
NIFTY-I.NFO,08/05/2025,14:09:31,24377,24376,75,24379.9,225,1050,13028700
NIFTY-I.NFO,08/05/2025,14:09:32,24376,24376,375,24379.9,75,525,13028700
NIFTY-I.NFO,08/05/2025,14:09:34,24376,24377,75,24380,1125,3150,13028700
NIFTY-I.NFO,08/05/2025,14:09:36,24376,24376,375,24379.9,150,375,13028700
NIFTY-I.NFO,08/05/2025,14:09:37,24377,24377,7125,24379.9,375,525,13028700
NIFTY-I.NFO,08/05/2025,14:09:39,24377,24377,6600,24379,525,525,13028700
NIFTY-I.NFO,08/05/2025,14:09:41,24377,24377,5325,24379,450,1425,13028700
NIFTY-I.NFO,08/05/2025,14:09:42,24377,24377,4875,24379,450,450,13028700
NIFTY-I.NFO,08/05/2025,14:09:44,24377,24377,2475,24379,375,2550,13028700
NIFTY-I.NFO,08/05/2025,14:09:46,24377.5,24377,2775,24380,675,675,13028700
NIFTY-I.NFO,08/05/2025,14:09:47,24386,24382,75,24385.8,75,2625,13028700
NIFTY-I.NFO,08/05/2025,14:09:49,24379,24377.6,225,24385.6,150,1200,13028700
NIFTY-I.NFO,08/05/2025,14:09:51,24379,24377.6,75,24384.9,150,0,13028700
NIFTY-I.NFO,08/05/2025,14:09:52,24378,24378.9,450,24386.1,75,75,13028700
NIFTY-I.NFO,08/05/2025,14:09:54,24386,24378.9,450,24386.1,75,225,13028700
NIFTY-I.NFO,08/05/2025,14:09:56,24379.4,24379.1,375,24386.1,75,225,13028700
NIFTY-I.NFO,08/05/2025,14:09:57,24379.4,24378.4,375,24386,150,0,13028700
NIFTY-I.NFO,08/05/2025,14:09:59,24378.5,24380,300,24386,300,75,13028700
NIFTY-I.NFO,08/05/2025,14:10:01,24384.7,24378.4,75,24384.7,75,450,13028700
NIFTY-I.NFO,08/05/2025,14:10:02,24384.7,24378.5,450,24384.8,75,225,13028700
NIFTY-I.NFO,08/05/2025,14:10:04,24378.5,24377.8,150,24384.2,75,300,13028700
NIFTY-I.NFO,08/05/2025,14:10:06,24377.8,24377.5,150,24384.2,150,75,13028700
NIFTY-I.NFO,08/05/2025,14:10:07,24377.5,24377.5,375,24383.8,75,150,13029450
NIFTY-I.NFO,08/05/2025,14:10:09,24382,24378,150,24383.8,75,375,13029450
NIFTY-I.NFO,08/05/2025,14:10:11,24383.8,24377.7,225,24383.7,150,600,13029450
NIFTY-I.NFO,08/05/2025,14:10:12,24377.5,24377.5,375,24377.9,75,975,13029450
NIFTY-I.NFO,08/05/2025,14:10:14,24377.6,24378.5,75,24383.9,75,525,13029450
NIFTY-I.NFO,08/05/2025,14:10:16,24383.9,24377.9,75,24384,75,600,13029450
NIFTY-I.NFO,08/05/2025,14:10:17,24378.5,24377.6,450,24378.5,75,450,13029450
NIFTY-I.NFO,08/05/2025,14:10:19,24378.5,24377,2475,24377.6,75,450,13029450
NIFTY-I.NFO,08/05/2025,14:10:21,24379.7,24377,2325,24380,75,675,13029450
NIFTY-I.NFO,08/05/2025,14:10:22,24380,24377,1650,24382,150,525,13029450
NIFTY-I.NFO,08/05/2025,14:10:24,24377.5,24377,1500,24380.2,75,225,13029450
NIFTY-I.NFO,08/05/2025,14:10:26,24377,24377,1200,24380.2,150,300,13029450
NIFTY-I.NFO,08/05/2025,14:10:27,24377,24377,750,24379.5,75,450,13029450
NIFTY-I.NFO,08/05/2025,14:10:29,24377,24377,450,24379.3,75,300,13029450
NIFTY-I.NFO,08/05/2025,14:10:31,24377,24377,375,24379.3,150,75,13029450
NIFTY-I.NFO,08/05/2025,14:10:32,24377,24375.8,75,24377.5,225,450,13029450
NIFTY-I.NFO,08/05/2025,14:10:34,24377,24376,75,24377,75,0,13029450
NIFTY-I.NFO,08/05/2025,14:10:36,24377,24376,75,24376.9,150,0,13029450
NIFTY-I.NFO,08/05/2025,14:10:37,24376.9,24375,3375,24376.9,75,300,13029450
NIFTY-I.NFO,08/05/2025,14:10:39,24376.9,24375,3375,24376.9,225,0,13029450
NIFTY-I.NFO,08/05/2025,14:10:41,24376.9,24375,3375,24376,75,0,13029450
NIFTY-I.NFO,08/05/2025,14:10:42,24375,24375,3300,24376,75,225,13029450
NIFTY-I.NFO,08/05/2025,14:10:44,24377,24375,3450,24377.5,225,450,13029450
NIFTY-I.NFO,08/05/2025,14:10:46,24375,24375,2625,24377.5,75,2925,13029450
NIFTY-I.NFO,08/05/2025,14:10:47,24376.9,24375,2550,24376.9,750,375,13029450
NIFTY-I.NFO,08/05/2025,14:10:49,24376.9,24375,2625,24376.9,375,675,13029450
NIFTY-I.NFO,08/05/2025,14:10:51,24376.9,24375,2625,24376.9,525,0,13029450
NIFTY-I.NFO,08/05/2025,14:10:52,24375.1,24375,900,24376.9,75,1800,13029450
NIFTY-I.NFO,08/05/2025,14:10:54,24376.9,24375,825,24376.9,75,1875,13029450
NIFTY-I.NFO,08/05/2025,14:10:56,24375,24374.1,75,24375,450,975,13029450
NIFTY-I.NFO,08/05/2025,14:10:57,24374,24373.2,75,24374.1,225,1425,13029450
NIFTY-I.NFO,08/05/2025,14:10:57,24373,24373.2,75,24374.1,225,0,13029450
NIFTY-I.NFO,08/05/2025,14:10:59,24373.2,24372,450,24374.1,150,1575,13029450
NIFTY-I.NFO,08/05/2025,14:10:59,24372,24372,450,24374.1,150,0,13029450
NIFTY-I.NFO,08/05/2025,14:11:01,24372,24372,75,24373.2,375,1050,13029450
NIFTY-I.NFO,08/05/2025,14:11:01,24371.9,24372,75,24373.2,375,0,13029450
NIFTY-I.NFO,08/05/2025,14:11:02,24375,24374.1,825,24379,300,1500,13029450
NIFTY-I.NFO,08/05/2025,14:11:04,24372.9,24374,75,24377.4,150,525,13029450
NIFTY-I.NFO,08/05/2025,14:11:06,24372.4,24373.5,300,24378.5,375,2625,13029450
NIFTY-I.NFO,08/05/2025,14:11:07,24373.7,24374,375,24378.5,375,1050,13029450
NIFTY-I.NFO,08/05/2025,14:11:09,24373.1,24372.6,375,24378.6,75,825,13029450
NIFTY-I.NFO,08/05/2025,14:11:11,24373.3,24373.3,75,24378.6,75,300,13029450
NIFTY-I.NFO,08/05/2025,14:11:12,24373.3,24373.5,150,24378.6,75,150,13029450
NIFTY-I.NFO,08/05/2025,14:11:14,24379,24375.2,150,24378.6,75,450,13029450
NIFTY-I.NFO,08/05/2025,14:11:16,24372.6,24371.6,75,24377.9,150,1875,13029450
NIFTY-I.NFO,08/05/2025,14:11:17,24375,24373,225,24375,75,5025,13029450
NIFTY-I.NFO,08/05/2025,14:11:17,24370.4,24373,225,24375,75,0,13029450
NIFTY-I.NFO,08/05/2025,14:11:19,24375,24373.1,150,24375,1500,225,13029450
NIFTY-I.NFO,08/05/2025,14:11:21,24373.1,24373,300,24373.1,1500,150,13029450
NIFTY-I.NFO,08/05/2025,14:11:22,24373.1,24373,300,24373.1,1200,375,13029450
NIFTY-I.NFO,08/05/2025,14:11:24,24373,24371.7,150,24373,1125,450,13029450
NIFTY-I.NFO,08/05/2025,14:11:26,24371.5,24371.6,375,24373,975,300,13029450
NIFTY-I.NFO,08/05/2025,14:11:27,24371.7,24371.5,75,24373.5,225,1500,13029450
NIFTY-I.NFO,08/05/2025,14:11:29,24373.5,24372,300,24373.5,75,675,13029450
NIFTY-I.NFO,08/05/2025,14:11:31,24373.5,24372,300,24373.5,375,0,13029450
NIFTY-I.NFO,08/05/2025,14:11:34,24373.5,24371.6,75,24373.5,150,375,13029450
NIFTY-I.NFO,08/05/2025,14:11:36,24373.5,24371.6,75,24373.5,300,0,13029450
NIFTY-I.NFO,08/05/2025,14:11:37,24373.5,24372,75,24373.5,225,75,13029450
NIFTY-I.NFO,08/05/2025,14:11:39,24373.5,24372,75,24373,600,75,13029450
NIFTY-I.NFO,08/05/2025,14:11:41,24372,24371,450,24372.9,75,375,13029450
NIFTY-I.NFO,08/05/2025,14:11:42,24372,24371.8,75,24372.9,300,0,13029450
NIFTY-I.NFO,08/05/2025,14:11:44,24370.9,24370.8,75,24372.9,150,825,13029450
NIFTY-I.NFO,08/05/2025,14:11:46,24373,24370.3,150,24373,375,1425,13029450
NIFTY-I.NFO,08/05/2025,14:11:46,24370.3,24370.3,150,24373,375,0,13029450
NIFTY-I.NFO,08/05/2025,14:11:47,24370.1,24370.5,375,24373,675,675,13029450
NIFTY-I.NFO,08/05/2025,14:11:47,24370.1,24370.5,375,24373,675,0,13029450
NIFTY-I.NFO,08/05/2025,14:11:49,24373,24370.8,375,24373,225,750,13029450
NIFTY-I.NFO,08/05/2025,14:11:51,24370.8,24371,75,24373,225,300,13029450
NIFTY-I.NFO,08/05/2025,14:11:52,24373,24370.6,375,24373,300,375,13029450
NIFTY-I.NFO,08/05/2025,14:11:54,24370.4,24371.1,75,24373,150,375,13029450
NIFTY-I.NFO,08/05/2025,14:11:56,24373,24370,2175,24373,75,1500,13029450
NIFTY-I.NFO,08/05/2025,14:11:56,24370,24370,2175,24373,75,0,13029450
NIFTY-I.NFO,08/05/2025,14:11:57,24370,24370,1725,24373,225,525,13029450
NIFTY-I.NFO,08/05/2025,14:11:59,24370,24370,1350,24372.9,525,525,13029450
NIFTY-I.NFO,08/05/2025,14:12:01,24370,24370,525,24372.9,675,1275,13029450
NIFTY-I.NFO,08/05/2025,14:12:02,24370,24370,150,24372.9,675,450,13029450
NIFTY-I.NFO,08/05/2025,14:12:04,24370,24369.2,375,24370,1050,825,13029450
NIFTY-I.NFO,08/05/2025,14:12:06,24369,24368,150,24369,825,1050,13029450
NIFTY-I.NFO,08/05/2025,14:12:06,24368.1,24368,150,24369,825,0,13029450
NIFTY-I.NFO,08/05/2025,14:12:07,24367.5,24367.1,75,24369,675,825,13029450
NIFTY-I.NFO,08/05/2025,14:12:07,24367.5,24367.1,75,24369,675,0,13029450
NIFTY-I.NFO,08/05/2025,14:12:09,24367.1,24367,75,24368.9,150,8325,13029450
NIFTY-I.NFO,08/05/2025,14:12:09,24364.5,24367,75,24368.9,150,0,13029450
NIFTY-I.NFO,08/05/2025,14:12:11,24368.9,24367,75,24368.9,75,75,13029450
NIFTY-I.NFO,08/05/2025,14:12:12,24367,24365.1,375,24367.1,225,75,13029450
NIFTY-I.NFO,08/05/2025,14:12:14,24365.1,24365,225,24369,975,1875,13029450
NIFTY-I.NFO,08/05/2025,14:12:16,24365.1,24365.4,375,24369,975,0,13029450
NIFTY-I.NFO,08/05/2025,14:12:17,24364.4,24364.6,450,24369,525,975,13029450
NIFTY-I.NFO,08/05/2025,14:12:17,24364.4,24364.6,450,24369,525,0,13029450
NIFTY-I.NFO,08/05/2025,14:12:19,24369.8,24365.6,150,24369.8,75,1200,13029450
NIFTY-I.NFO,08/05/2025,14:12:20,24366.1,24366,1200,24370,3525,525,13029450
NIFTY-I.NFO,08/05/2025,14:12:22,24369,24366.1,150,24369.9,75,675,13029450
NIFTY-I.NFO,08/05/2025,14:12:24,24365.6,24364,150,24368.9,75,1350,13029450
NIFTY-I.NFO,08/05/2025,14:12:25,24363.2,24363.9,150,24368.9,75,1125,13029450
NIFTY-I.NFO,08/05/2025,14:12:25,24363.2,24363.9,150,24368.9,75,0,13029450
NIFTY-I.NFO,08/05/2025,14:12:27,24368.3,24367.5,150,24368.3,150,34725,13029450
NIFTY-I.NFO,08/05/2025,14:12:27,24357,24367.5,150,24368.3,150,0,13029450
NIFTY-I.NFO,08/05/2025,14:12:29,24359,24360,450,24365.4,9600,11475,13029450
NIFTY-I.NFO,08/05/2025,14:12:29,24356.9,24360,450,24365.4,9600,0,13029450
NIFTY-I.NFO,08/05/2025,14:12:30,24360,24358.8,375,24360,3600,6975,13029450
NIFTY-I.NFO,08/05/2025,14:12:32,24358.3,24358.4,150,24365.3,375,4650,13029450
NIFTY-I.NFO,08/05/2025,14:12:34,24358.5,24358.2,375,24364.8,150,450,13029450
NIFTY-I.NFO,08/05/2025,14:12:35,24364.3,24358,375,24364.4,300,825,13029450
NIFTY-I.NFO,08/05/2025,14:12:37,24359,24358.1,150,24364.4,375,750,13029450
NIFTY-I.NFO,08/05/2025,14:12:39,24364.4,24360.2,75,24364.8,225,450,13029450
NIFTY-I.NFO,08/05/2025,14:12:40,24360,24357.6,150,24360,225,600,13029450
NIFTY-I.NFO,08/05/2025,14:12:42,24360,24358,75,24364.2,75,375,13029450
NIFTY-I.NFO,08/05/2025,14:12:44,24360.2,24357.7,375,24360.2,300,900,13029450
NIFTY-I.NFO,08/05/2025,14:12:45,24360,24358,750,24360.2,225,600,13029450
NIFTY-I.NFO,08/05/2025,14:12:47,24358,24358,150,24360.2,150,675,13029450
NIFTY-I.NFO,08/05/2025,14:12:49,24357,24358,75,24361.2,75,825,13029450
NIFTY-I.NFO,08/05/2025,14:12:50,24358.4,24356.7,750,24360,1050,1200,13029450
NIFTY-I.NFO,08/05/2025,14:12:50,24356.7,24356.7,750,24360,1050,0,13029450
NIFTY-I.NFO,08/05/2025,14:12:52,24360,24356.7,600,24360,450,375,13029450
NIFTY-I.NFO,08/05/2025,14:12:54,24356.7,24356.7,225,24359.3,75,750,13029450
NIFTY-I.NFO,08/05/2025,14:12:55,24356.7,24356.7,75,24359.3,150,150,13029450
NIFTY-I.NFO,08/05/2025,14:12:57,24359.3,24357,75,24360,1650,450,13029450
NIFTY-I.NFO,08/05/2025,14:12:59,24356.6,24356.6,600,24356.7,600,450,13029450
NIFTY-I.NFO,08/05/2025,14:12:59,24356.6,24356.6,600,24356.7,600,0,13029450
NIFTY-I.NFO,08/05/2025,14:13:00,24356.6,24356.3,75,24356.6,75,3975,13029450
NIFTY-I.NFO,08/05/2025,14:13:00,24356.2,24356.3,75,24356.6,75,0,13029450
NIFTY-I.NFO,08/05/2025,14:13:02,24356.2,24356.2,225,24356.7,525,675,13029450
NIFTY-I.NFO,08/05/2025,14:13:04,24356.1,24356.1,525,24356.6,150,1725,13029450
NIFTY-I.NFO,08/05/2025,14:13:04,24356.1,24356.1,525,24356.6,150,0,13029450
NIFTY-I.NFO,08/05/2025,14:13:05,24356.6,24356,1125,24356.5,375,750,13029450
NIFTY-I.NFO,08/05/2025,14:13:05,24356,24356,1125,24356.5,375,0,13029450
NIFTY-I.NFO,08/05/2025,14:13:07,24355.8,24355.8,825,24356.1,300,3225,13026450
NIFTY-I.NFO,08/05/2025,14:13:07,24355.8,24355.8,825,24356.1,300,0,13026450
NIFTY-I.NFO,08/05/2025,14:13:09,24356,24356,150,24356.7,375,525,13026450
NIFTY-I.NFO,08/05/2025,14:13:11,24356,24355.8,225,24356,75,750,13026450
NIFTY-I.NFO,08/05/2025,14:13:12,24358,24356,375,24358,375,825,13026450
NIFTY-I.NFO,08/05/2025,14:13:14,24358,24358,75,24360,7350,1500,13026450
NIFTY-I.NFO,08/05/2025,14:13:16,24359,24359,4800,24360,7275,900,13026450
NIFTY-I.NFO,08/05/2025,14:13:17,24359.1,24359.1,150,24360,6900,900,13026450
NIFTY-I.NFO,08/05/2025,14:13:19,24359.5,24359.5,150,24360,6600,375,13026450
NIFTY-I.NFO,08/05/2025,14:13:21,24365.2,24360.5,75,24365.2,750,8625,13026450
NIFTY-I.NFO,08/05/2025,14:13:22,24368.9,24362.5,75,24368.6,75,1050,13026450
NIFTY-I.NFO,08/05/2025,14:13:24,24369,24363.5,225,24369,225,900,13026450
NIFTY-I.NFO,08/05/2025,14:13:26,24362.3,24362.9,150,24369,225,525,13026450
NIFTY-I.NFO,08/05/2025,14:13:27,24363.1,24361.6,300,24368.1,375,75,13026450
NIFTY-I.NFO,08/05/2025,14:13:29,24362.3,24360.1,300,24367.3,450,750,13026450
NIFTY-I.NFO,08/05/2025,14:13:31,24366.5,24360.1,150,24364.1,75,75,13026450
NIFTY-I.NFO,08/05/2025,14:13:32,24365.5,24364.1,75,24366.1,375,1650,13026450
NIFTY-I.NFO,08/05/2025,14:13:34,24360.1,24360.1,75,24365,375,150,13026450
NIFTY-I.NFO,08/05/2025,14:13:36,24361.1,24361.1,75,24365.9,300,1275,13026450
NIFTY-I.NFO,08/05/2025,14:13:37,24360.1,24360.1,75,24362.8,300,600,13026450
NIFTY-I.NFO,08/05/2025,14:13:39,24363.3,24360,75,24363.4,600,2700,13026450
NIFTY-I.NFO,08/05/2025,14:13:41,24363.4,24360,150,24362.6,75,225,13026450
NIFTY-I.NFO,08/05/2025,14:13:42,24360,24360,75,24362.9,300,675,13026450
NIFTY-I.NFO,08/05/2025,14:13:44,24362,24360,75,24362,825,300,13026450
NIFTY-I.NFO,08/05/2025,14:13:46,24359.1,24359.1,75,24360,450,150,13026450
NIFTY-I.NFO,08/05/2025,14:13:47,24360,24359.1,75,24360,450,225,13026450
NIFTY-I.NFO,08/05/2025,14:13:49,24359.1,24359,4125,24360,1350,675,13026450
NIFTY-I.NFO,08/05/2025,14:13:51,24359,24359,4050,24360,1425,75,13026450
NIFTY-I.NFO,08/05/2025,14:13:52,24359.1,24359,3900,24359.8,75,375,13026450
NIFTY-I.NFO,08/05/2025,14:13:54,24360,24359,3600,24360,1200,1050,13026450
NIFTY-I.NFO,08/05/2025,14:13:56,24359,24359,3375,24360,1125,675,13026450
NIFTY-I.NFO,08/05/2025,14:13:57,24359,24359,3075,24360,1125,300,13026450
NIFTY-I.NFO,08/05/2025,14:13:59,24359,24359,1725,24360,1500,1500,13026450
NIFTY-I.NFO,08/05/2025,14:14:01,24359,24356.1,75,24359,75,2850,13026450
NIFTY-I.NFO,08/05/2025,14:14:02,24359.5,24355.7,900,24359.5,825,1275,13026450
NIFTY-I.NFO,08/05/2025,14:14:04,24359.5,24356.7,150,24360,1275,1800,13026450
NIFTY-I.NFO,08/05/2025,14:14:04,24355.6,24356.7,150,24360,1275,0,13026450
NIFTY-I.NFO,08/05/2025,14:14:06,24359,24355.6,150,24359,300,975,13026450
NIFTY-I.NFO,08/05/2025,14:14:07,24355.6,24355.5,1350,24359,225,375,13026450
NIFTY-I.NFO,08/05/2025,14:14:09,24359,24355.4,450,24359,75,2550,13026450
NIFTY-I.NFO,08/05/2025,14:14:09,24355.4,24355.4,450,24359,75,0,13026450
NIFTY-I.NFO,08/05/2025,14:14:11,24359.5,24359.5,375,24360,1350,2625,13026450
NIFTY-I.NFO,08/05/2025,14:14:11,24355.3,24359.5,375,24360,1350,0,13026450
NIFTY-I.NFO,08/05/2025,14:14:12,24360,24355.3,75,24360,1050,1500,13026450
NIFTY-I.NFO,08/05/2025,14:14:14,24360,24356,300,24360,975,1050,13026450
NIFTY-I.NFO,08/05/2025,14:14:14,24355.2,24356,300,24360,975,0,13026450
NIFTY-I.NFO,08/05/2025,14:14:16,24360,24356,75,24360,825,675,13026450
NIFTY-I.NFO,08/05/2025,14:14:17,24355.2,24355.1,975,24356,750,525,13026450
NIFTY-I.NFO,08/05/2025,14:14:17,24355.1,24355.1,975,24356,750,0,13026450
NIFTY-I.NFO,08/05/2025,14:14:19,24356,24355.5,150,24356,675,450,13026450
NIFTY-I.NFO,08/05/2025,14:14:21,24361.3,24357.1,150,24361.5,975,3450,13026450
NIFTY-I.NFO,08/05/2025,14:14:22,24360,24356,1875,24360,300,1650,13026450
NIFTY-I.NFO,08/05/2025,14:14:24,24360,24356,1125,24360,600,1275,13026450
NIFTY-I.NFO,08/05/2025,14:14:26,24360,24360,975,24361,675,1800,13026450
NIFTY-I.NFO,08/05/2025,14:14:27,24360.5,24360,1125,24360.5,150,1125,13026450
NIFTY-I.NFO,08/05/2025,14:14:29,24360.5,24360,1125,24361,450,1050,13026450
NIFTY-I.NFO,08/05/2025,14:14:31,24355.2,24355.1,975,24360,75,3225,13026450
NIFTY-I.NFO,08/05/2025,14:14:32,24361,24356.7,75,24360,375,2625,13026450
NIFTY-I.NFO,08/05/2025,14:14:34,24356.7,24355.1,900,24359,1500,75,13026450
NIFTY-I.NFO,08/05/2025,14:14:36,24359,24355.1,750,24359.2,75,300,13026450
NIFTY-I.NFO,08/05/2025,14:14:37,24359,24355.1,900,24359.2,75,75,13026450
NIFTY-I.NFO,08/05/2025,14:14:39,24359.2,24355.1,900,24359.2,75,75,13026450
NIFTY-I.NFO,08/05/2025,14:14:41,24359,24355.1,1125,24359,675,975,13026450
NIFTY-I.NFO,08/05/2025,14:14:42,24360,24355.1,450,24360,75,3150,13026450
NIFTY-I.NFO,08/05/2025,14:14:44,24355.2,24355.2,75,24360,225,75,13026450
NIFTY-I.NFO,08/05/2025,14:14:46,24360,24356.7,75,24360,1050,75,13026450
NIFTY-I.NFO,08/05/2025,14:14:47,24360,24356.7,150,24360,825,450,13026450
NIFTY-I.NFO,08/05/2025,14:14:49,24360,24356.7,150,24360,825,0,13026450
NIFTY-I.NFO,08/05/2025,14:14:52,24360,24356.7,150,24360,750,150,13026450
NIFTY-I.NFO,08/05/2025,14:14:54,24356.6,24356.1,150,24360,675,300,13026450
NIFTY-I.NFO,08/05/2025,14:14:56,24360,24360,1050,24360.5,75,975,13026450
NIFTY-I.NFO,08/05/2025,14:14:57,24356.1,24356.1,75,24359,75,1950,13026450
NIFTY-I.NFO,08/05/2025,14:14:59,24356.7,24356.3,150,24356.7,675,375,13026450
NIFTY-I.NFO,08/05/2025,14:15:01,24356.7,24356.6,150,24356.7,600,150,13026450
NIFTY-I.NFO,08/05/2025,14:15:02,24356,24355.2,150,24356.7,450,975,13026450
NIFTY-I.NFO,08/05/2025,14:15:04,24355.2,24355.2,75,24356,1050,450,13026450
NIFTY-I.NFO,08/05/2025,14:15:06,24355,24355,450,24356,450,3900,13026450
NIFTY-I.NFO,08/05/2025,14:15:06,24355,24355,450,24356,450,0,13026450
NIFTY-I.NFO,08/05/2025,14:15:07,24356.7,24356,1275,24358,300,1275,13026450
NIFTY-I.NFO,08/05/2025,14:15:09,24358,24356,750,24358,225,1725,13026450
NIFTY-I.NFO,08/05/2025,14:15:11,24356,24355.1,150,24356,450,825,13026450
NIFTY-I.NFO,08/05/2025,14:15:12,24355,24354.7,900,24355,225,3225,13026450
NIFTY-I.NFO,08/05/2025,14:15:12,24354.8,24354.7,900,24355,225,0,13026450
NIFTY-I.NFO,08/05/2025,14:15:14,24355,24354.7,75,24355,1200,1200,13026450
NIFTY-I.NFO,08/05/2025,14:15:14,24354.7,24354.7,75,24355,1200,0,13026450
NIFTY-I.NFO,08/05/2025,14:15:16,24355,24354.6,900,24355,825,825,13026450
NIFTY-I.NFO,08/05/2025,14:15:17,24355,24354.6,825,24355,450,525,13026450
NIFTY-I.NFO,08/05/2025,14:15:17,24354.6,24354.6,825,24355,450,0,13026450
NIFTY-I.NFO,08/05/2025,14:15:19,24355,24354.6,375,24355,150,975,13026450
NIFTY-I.NFO,08/05/2025,14:15:21,24355.1,24355.1,75,24358.6,300,1200,13026450
NIFTY-I.NFO,08/05/2025,14:15:22,24355.1,24355,450,24360,750,1575,13026450
NIFTY-I.NFO,08/05/2025,14:15:24,24355.1,24355.1,150,24359.8,75,900,13026450
NIFTY-I.NFO,08/05/2025,14:15:26,24356.9,24356.9,675,24361.2,300,6975,13026450
NIFTY-I.NFO,08/05/2025,14:15:27,24356.8,24356.8,1650,24356.9,75,1425,13026450
NIFTY-I.NFO,08/05/2025,14:15:29,24359.8,24356.8,1500,24356.9,675,375,13026450
NIFTY-I.NFO,08/05/2025,14:15:31,24357.9,24357.9,75,24361.3,75,1500,13026450
NIFTY-I.NFO,08/05/2025,14:15:32,24356.9,24357.6,450,24360,75,300,13026450
NIFTY-I.NFO,08/05/2025,14:15:34,24357.7,24360,225,24362.9,75,1275,13026450
NIFTY-I.NFO,08/05/2025,14:15:36,24360,24360,750,24363.9,75,675,13026450
NIFTY-I.NFO,08/05/2025,14:15:37,24365.2,24360.1,150,24365,75,2550,13026450
NIFTY-I.NFO,08/05/2025,14:15:39,24360.1,24360.1,150,24365,75,300,13026450
NIFTY-I.NFO,08/05/2025,14:15:41,24366.1,24359.9,75,24366.3,150,1875,13026450
NIFTY-I.NFO,08/05/2025,14:15:42,24366.1,24360,2025,24366,525,225,13026450
NIFTY-I.NFO,08/05/2025,14:15:44,24365.8,24360.1,150,24365.4,525,375,13026450
NIFTY-I.NFO,08/05/2025,14:15:46,24365.8,24360.1,150,24364.6,300,0,13026450
NIFTY-I.NFO,08/05/2025,14:15:47,24363.8,24360,1500,24363.9,75,900,13026450
NIFTY-I.NFO,08/05/2025,14:15:49,24360.1,24360,1500,24360.1,675,225,13026450
NIFTY-I.NFO,08/05/2025,14:15:51,24360,24360,1350,24360.1,450,450,13026450
NIFTY-I.NFO,08/05/2025,14:15:52,24360,24360,1125,24360.1,300,375,13026450
NIFTY-I.NFO,08/05/2025,14:15:54,24362,24360,1125,24364.2,75,525,13026450
NIFTY-I.NFO,08/05/2025,14:15:55,24360,24360.1,75,24364.2,75,150,13026450
NIFTY-I.NFO,08/05/2025,14:15:57,24360,24360.1,150,24364.4,825,1950,13026450
NIFTY-I.NFO,08/05/2025,14:15:59,24364.6,24360,900,24364.4,150,1200,13026450
NIFTY-I.NFO,08/05/2025,14:16:00,24360,24360,600,24364.4,75,675,13026450
NIFTY-I.NFO,08/05/2025,14:16:02,24364.4,24360.1,225,24364.4,150,225,13026450
NIFTY-I.NFO,08/05/2025,14:16:04,24364.4,24360,600,24364.4,150,75,13026450
NIFTY-I.NFO,08/05/2025,14:16:05,24364,24360.1,150,24364.4,150,450,13026450
NIFTY-I.NFO,08/05/2025,14:16:07,24360.1,24360.1,75,24364.7,225,450,13026450
NIFTY-I.NFO,08/05/2025,14:16:09,24364.8,24360.1,150,24365,150,375,13020300
NIFTY-I.NFO,08/05/2025,14:16:10,24360.1,24360.1,75,24364.4,75,525,13020300
NIFTY-I.NFO,08/05/2025,14:16:12,24360,24360.1,150,24364.4,75,1200,13020300
NIFTY-I.NFO,08/05/2025,14:16:14,24364.7,24361,75,24364.9,600,225,13020300
NIFTY-I.NFO,08/05/2025,14:16:15,24364.5,24360,225,24364.9,300,900,13020300
NIFTY-I.NFO,08/05/2025,14:16:17,24364.6,24360.1,75,24364.9,375,75,13020300
NIFTY-I.NFO,08/05/2025,14:16:19,24364.8,24362,75,24364.7,75,75,13020300
NIFTY-I.NFO,08/05/2025,14:16:20,24364.6,24361,375,24365,150,1500,13020300
NIFTY-I.NFO,08/05/2025,14:16:22,24364.8,24361.2,150,24365,75,225,13020300
NIFTY-I.NFO,08/05/2025,14:16:23,24364.9,24361,375,24364.6,75,75,13020300
NIFTY-I.NFO,08/05/2025,14:16:25,24364.6,24362,675,24364.6,150,225,13020300
NIFTY-I.NFO,08/05/2025,14:16:27,24362,24362,600,24364.6,225,75,13020300
NIFTY-I.NFO,08/05/2025,14:16:28,24361,24361,300,24361.1,750,825,13020300
NIFTY-I.NFO,08/05/2025,14:16:30,24364.6,24361.3,75,24364.6,75,1125,13020300
NIFTY-I.NFO,08/05/2025,14:16:32,24359.9,24360.1,150,24365.6,150,2400,13020300
NIFTY-I.NFO,08/05/2025,14:16:33,24364.8,24361,225,24365.6,225,675,13020300
NIFTY-I.NFO,08/05/2025,14:16:35,24365.2,24361.1,225,24365.6,375,300,13020300
NIFTY-I.NFO,08/05/2025,14:16:37,24361.4,24361.2,75,24365,300,225,13020300
NIFTY-I.NFO,08/05/2025,14:16:38,24361.4,24361.2,450,24364.6,225,0,13020300
NIFTY-I.NFO,08/05/2025,14:16:40,24363.6,24361.6,75,24364.6,300,75,13020300
NIFTY-I.NFO,08/05/2025,14:16:42,24363.2,24362.5,150,24364.6,150,150,13020300
NIFTY-I.NFO,08/05/2025,14:16:43,24363.2,24361.7,375,24364.6,150,525,13020300
NIFTY-I.NFO,08/05/2025,14:16:45,24364.6,24361.6,375,24364.6,150,75,13020300
NIFTY-I.NFO,08/05/2025,14:16:47,24364.6,24364.6,75,24364.7,75,375,13020300
NIFTY-I.NFO,08/05/2025,14:16:48,24364.7,24362,375,24363,75,300,13020300
NIFTY-I.NFO,08/05/2025,14:16:50,24363,24362.1,375,24363,75,1575,13020300
NIFTY-I.NFO,08/05/2025,14:16:52,24363,24362,150,24364.8,75,825,13020300
NIFTY-I.NFO,08/05/2025,14:16:53,24365,24360.3,450,24365,300,1050,13020300
NIFTY-I.NFO,08/05/2025,14:16:55,24361.4,24361,375,24367.7,375,1500,13020300
NIFTY-I.NFO,08/05/2025,14:16:57,24360,24361.5,450,24367.9,75,1575,13020300
NIFTY-I.NFO,08/05/2025,14:16:58,24360,24361.4,375,24365,225,0,13020300
NIFTY-I.NFO,08/05/2025,14:17:00,24365,24362.1,675,24365,225,300,13020300
NIFTY-I.NFO,08/05/2025,14:17:02,24365,24362.7,150,24365,825,450,13020300
NIFTY-I.NFO,08/05/2025,14:17:03,24363.1,24363,375,24364,225,300,13020300
NIFTY-I.NFO,08/05/2025,14:17:05,24363.3,24363.3,75,24364,375,75,13020300
NIFTY-I.NFO,08/05/2025,14:17:07,24364,24362.7,525,24364,225,225,13020300
NIFTY-I.NFO,08/05/2025,14:17:08,24363.9,24363.2,375,24364,150,150,13020300
NIFTY-I.NFO,08/05/2025,14:17:10,24365,24364.4,75,24365,7350,600,13020300
NIFTY-I.NFO,08/05/2025,14:17:12,24365,24364.2,75,24365,6375,1200,13020300
NIFTY-I.NFO,08/05/2025,14:17:13,24364.1,24364.1,150,24365,4575,1875,13020300
NIFTY-I.NFO,08/05/2025,14:17:15,24365.1,24365.1,225,24368,300,5100,13020300
NIFTY-I.NFO,08/05/2025,14:17:17,24365.1,24365.6,300,24368,150,825,13020300
NIFTY-I.NFO,08/05/2025,14:17:18,24368,24366.1,75,24368,750,150,13020300
NIFTY-I.NFO,08/05/2025,14:17:20,24368,24365.4,225,24368,1125,600,13020300
NIFTY-I.NFO,08/05/2025,14:17:22,24367.3,24367.3,150,24368,750,450,13020300
NIFTY-I.NFO,08/05/2025,14:17:23,24369,24367.3,75,24369,975,825,13020300
NIFTY-I.NFO,08/05/2025,14:17:25,24367.3,24367.1,75,24369,975,75,13020300
NIFTY-I.NFO,08/05/2025,14:17:27,24368.1,24368.1,75,24370,1200,2925,13020300
NIFTY-I.NFO,08/05/2025,14:17:29,24370,24368.1,75,24370,1275,825,13020300
NIFTY-I.NFO,08/05/2025,14:17:30,24370,24368.5,225,24370,900,525,13020300
NIFTY-I.NFO,08/05/2025,14:17:32,24371,24370.1,150,24372.9,75,1725,13020300
NIFTY-I.NFO,08/05/2025,14:17:34,24372.9,24371,1200,24372.9,75,225,13020300
NIFTY-I.NFO,08/05/2025,14:17:35,24372.9,24370.1,150,24372.8,75,1800,13020300
NIFTY-I.NFO,08/05/2025,14:17:37,24370.2,24370.2,150,24373.5,75,1275,13020300
NIFTY-I.NFO,08/05/2025,14:17:39,24375,24370,450,24375,75,8700,13020300
NIFTY-I.NFO,08/05/2025,14:17:40,24372,24370,225,24376.5,525,2700,13020300
NIFTY-I.NFO,08/05/2025,14:17:42,24370.2,24370,75,24376.4,525,3150,13020300
NIFTY-I.NFO,08/05/2025,14:17:44,24375,24370.9,75,24375,75,375,13020300
NIFTY-I.NFO,08/05/2025,14:17:45,24375,24371.6,75,24375,2475,300,13020300
NIFTY-I.NFO,08/05/2025,14:17:47,24375,24372,675,24375,2475,0,13020300
NIFTY-I.NFO,08/05/2025,14:17:49,24374.9,24372.6,150,24375,2400,2250,13020300
NIFTY-I.NFO,08/05/2025,14:17:50,24375,24373.7,75,24375,2175,525,13020300
NIFTY-I.NFO,08/05/2025,14:17:52,24375,24373.6,975,24375,525,1725,13020300
NIFTY-I.NFO,08/05/2025,14:17:54,24380,24375,150,24381.3,525,1500,13020300
NIFTY-I.NFO,08/05/2025,14:17:55,24379.8,24374.1,75,24379.7,525,975,13020300
NIFTY-I.NFO,08/05/2025,14:17:57,24374.5,24373.6,150,24380.1,975,1500,13020300
NIFTY-I.NFO,08/05/2025,14:17:59,24374.3,24374.3,150,24381.1,525,750,13020300
NIFTY-I.NFO,08/05/2025,14:18:00,24380.9,24374.5,225,24380.8,600,1125,13020300
NIFTY-I.NFO,08/05/2025,14:18:02,24375.1,24375.1,225,24379.9,75,450,13020300
NIFTY-I.NFO,08/05/2025,14:18:04,24382.2,24375.4,75,24382.2,525,1125,13020300
NIFTY-I.NFO,08/05/2025,14:18:05,24375.1,24375.5,300,24381.1,525,825,13020300
NIFTY-I.NFO,08/05/2025,14:18:07,24375.1,24375.1,150,24380,150,675,13020300
NIFTY-I.NFO,08/05/2025,14:18:09,24380,24375.1,150,24381.3,450,150,13020300
NIFTY-I.NFO,08/05/2025,14:18:10,24382.1,24375.4,150,24382.1,450,525,13020300
NIFTY-I.NFO,08/05/2025,14:18:12,24382.2,24380,75,24382.8,750,825,13020300
NIFTY-I.NFO,08/05/2025,14:18:14,24380,24375.9,75,24382.3,150,75,13020300
NIFTY-I.NFO,08/05/2025,14:18:15,24382.9,24376.4,75,24382.9,450,225,13020300
NIFTY-I.NFO,08/05/2025,14:18:17,24383.6,24377.2,225,24383.6,525,75,13020300
NIFTY-I.NFO,08/05/2025,14:18:19,24377.1,24377,75,24382,150,75,13020300
NIFTY-I.NFO,08/05/2025,14:18:20,24383.6,24378.5,75,24384,150,375,13020300
NIFTY-I.NFO,08/05/2025,14:18:22,24384,24378.1,75,24384,75,750,13020300
NIFTY-I.NFO,08/05/2025,14:18:24,24384.4,24378.3,75,24383,150,675,13020300
NIFTY-I.NFO,08/05/2025,14:18:25,24384.4,24378.6,75,24384.3,975,3675,13020300
NIFTY-I.NFO,08/05/2025,14:18:27,24384.3,24380,1050,24385,975,1200,13020300
NIFTY-I.NFO,08/05/2025,14:18:29,24380.1,24380,1050,24381.7,75,300,13020300
NIFTY-I.NFO,08/05/2025,14:18:30,24381.7,24380,975,24382.3,75,225,13020300
NIFTY-I.NFO,08/05/2025,14:18:32,24382.3,24380,975,24383.6,375,225,13020300
NIFTY-I.NFO,08/05/2025,14:18:34,24384.1,24380,1050,24384.3,375,750,13020300
NIFTY-I.NFO,08/05/2025,14:18:35,24383,24380,1350,24384.4,75,225,13020300
NIFTY-I.NFO,08/05/2025,14:18:37,24384,24379.1,150,24383.7,450,1425,13020300
NIFTY-I.NFO,08/05/2025,14:18:39,24379.1,24379,150,24383.3,825,375,13020300
NIFTY-I.NFO,08/05/2025,14:18:40,24382.9,24380,75,24383,75,225,13020300
NIFTY-I.NFO,08/05/2025,14:18:42,24380,24380,75,24382,75,150,13020300
NIFTY-I.NFO,08/05/2025,14:18:44,24382,24379.4,150,24383.9,75,450,13020300
NIFTY-I.NFO,08/05/2025,14:18:45,24382,24379.9,225,24383.9,150,0,13020300
NIFTY-I.NFO,08/05/2025,14:18:47,24380,24378.1,150,24383.5,675,600,13020300
NIFTY-I.NFO,08/05/2025,14:18:49,24381.3,24378.1,150,24380,75,300,13020300
NIFTY-I.NFO,08/05/2025,14:18:50,24381.6,24378,300,24381.6,300,1125,13020300
NIFTY-I.NFO,08/05/2025,14:18:52,24381.5,24378.1,75,24381.4,75,300,13020300
NIFTY-I.NFO,08/05/2025,14:18:54,24375.5,24375.8,525,24381.4,150,750,13020300
NIFTY-I.NFO,08/05/2025,14:18:55,24375.5,24380,375,24381.4,150,0,13020300
NIFTY-I.NFO,08/05/2025,14:18:57,24380,24375.4,75,24381.2,75,600,13020300
NIFTY-I.NFO,08/05/2025,14:18:59,24375.3,24375.2,225,24379.9,375,150,13020300
NIFTY-I.NFO,08/05/2025,14:19:00,24375.3,24375.6,150,24379.9,225,0,13020300
NIFTY-I.NFO,08/05/2025,14:19:02,24375.1,24375,675,24379.8,225,450,13020300
NIFTY-I.NFO,08/05/2025,14:19:04,24378,24375.1,75,24379,150,225,13020300
NIFTY-I.NFO,08/05/2025,14:19:05,24379,24375.1,150,24379,75,75,13020300
NIFTY-I.NFO,08/05/2025,14:19:07,24375.1,24375.5,75,24379,150,75,13020300
NIFTY-I.NFO,08/05/2025,14:19:09,24379,24375.3,75,24379,75,75,12995325
NIFTY-I.NFO,08/05/2025,14:19:10,24379,24375.9,75,24379,75,75,12995325
NIFTY-I.NFO,08/05/2025,14:19:12,24377.2,24375.7,75,24379,75,150,12995325
NIFTY-I.NFO,08/05/2025,14:19:14,24379,24376.1,75,24379,150,75,12995325
NIFTY-I.NFO,08/05/2025,14:19:15,24376.6,24376,75,24379,300,150,12995325
NIFTY-I.NFO,08/05/2025,14:19:17,24376,24375.6,450,24377.2,150,150,12995325
NIFTY-I.NFO,08/05/2025,14:19:18,24375.8,24375.7,150,24377.2,225,75,12995325
NIFTY-I.NFO,08/05/2025,14:19:20,24375.5,24375.6,225,24377.2,225,75,12995325
NIFTY-I.NFO,08/05/2025,14:19:22,24378.9,24375.7,450,24377.2,75,375,12995325
NIFTY-I.NFO,08/05/2025,14:19:23,24377.2,24375.5,750,24377.2,75,150,12995325
NIFTY-I.NFO,08/05/2025,14:19:25,24375.5,24375.5,525,24377.2,75,375,12995325
NIFTY-I.NFO,08/05/2025,14:19:27,24377.2,24373.6,150,24377.2,75,1575,12995325
NIFTY-I.NFO,08/05/2025,14:19:28,24373.6,24375,75,24377.2,75,75,12995325
NIFTY-I.NFO,08/05/2025,14:19:30,24373.5,24372.3,150,24377,150,450,12995325
NIFTY-I.NFO,08/05/2025,14:19:32,24372.3,24375.1,75,24377,225,900,12995325
NIFTY-I.NFO,08/05/2025,14:19:34,24377,24372.4,375,24377,75,375,12995325
NIFTY-I.NFO,08/05/2025,14:19:35,24376,24372.3,150,24376.9,225,375,12995325
NIFTY-I.NFO,08/05/2025,14:19:37,24372.3,24372.3,150,24376.9,225,75,12995325
NIFTY-I.NFO,08/05/2025,14:19:39,24372.4,24372.4,75,24376.9,150,150,12995325
NIFTY-I.NFO,08/05/2025,14:19:40,24372.4,24372.3,75,24375.7,225,525,12995325
NIFTY-I.NFO,08/05/2025,14:19:42,24372.3,24372.2,1425,24373.9,75,75,12995325
NIFTY-I.NFO,08/05/2025,14:19:44,24372.2,24372.2,1275,24373.5,150,150,12995325
NIFTY-I.NFO,08/05/2025,14:19:45,24371.7,24368.1,75,24371.6,225,2700,12995325
NIFTY-I.NFO,08/05/2025,14:19:47,24367,24366.2,1350,24370.7,300,600,12995325
NIFTY-I.NFO,08/05/2025,14:19:49,24367,24366.3,75,24370.2,300,0,12995325
NIFTY-I.NFO,08/05/2025,14:19:50,24367,24366.3,75,24368,75,0,12995325
NIFTY-I.NFO,08/05/2025,14:19:52,24368.1,24366.3,75,24369.9,300,525,12995325
NIFTY-I.NFO,08/05/2025,14:19:53,24370,24366.3,75,24367,75,750,12995325
NIFTY-I.NFO,08/05/2025,14:19:55,24366.2,24366,525,24367,150,2025,12995325
NIFTY-I.NFO,08/05/2025,14:19:57,24366.2,24366.1,75,24366.2,1125,75,12995325
NIFTY-I.NFO,08/05/2025,14:19:58,24366.2,24366,525,24366.2,1050,150,12995325
NIFTY-I.NFO,08/05/2025,14:20:00,24366.2,24366,525,24366.1,150,0,12995325
NIFTY-I.NFO,08/05/2025,14:20:02,24366.7,24366.7,600,24371,75,1650,12995325
NIFTY-I.NFO,08/05/2025,14:20:03,24371,24367.2,300,24372,75,225,12995325
NIFTY-I.NFO,08/05/2025,14:20:05,24372,24368.3,1050,24372,75,75,12995325
NIFTY-I.NFO,08/05/2025,14:20:07,24368.3,24368.5,750,24370,75,150,12995325
NIFTY-I.NFO,08/05/2025,14:20:08,24368.5,24369.1,300,24374,75,675,12995325
NIFTY-I.NFO,08/05/2025,14:20:10,24370,24369.1,1125,24370,2925,75,12995325
NIFTY-I.NFO,08/05/2025,14:20:12,24369.2,24369.2,150,24370,2625,525,12995325
NIFTY-I.NFO,08/05/2025,14:20:13,24370,24369.2,375,24370,2100,525,12995325
NIFTY-I.NFO,08/05/2025,14:20:15,24370,24369.3,75,24370,1500,750,12995325
NIFTY-I.NFO,08/05/2025,14:20:17,24370,24370.7,450,24373,75,1500,12995325
NIFTY-I.NFO,08/05/2025,14:20:18,24373,24369.2,375,24374,75,1275,12995325
NIFTY-I.NFO,08/05/2025,14:20:20,24373,24369.2,150,24373.9,75,0,12995325
NIFTY-I.NFO,08/05/2025,14:20:22,24368.9,24368.9,675,24373,75,300,12995325
NIFTY-I.NFO,08/05/2025,14:20:23,24374,24373,75,24375.5,150,300,12995325
NIFTY-I.NFO,08/05/2025,14:20:25,24374,24375,75,24375.7,75,0,12995325
NIFTY-I.NFO,08/05/2025,14:20:27,24375,24373.1,75,24375.7,300,75,12995325
NIFTY-I.NFO,08/05/2025,14:20:28,24375,24373.1,150,24375,75,0,12995325
NIFTY-I.NFO,08/05/2025,14:20:30,24375,24373.1,150,24375,150,0,12995325
NIFTY-I.NFO,08/05/2025,14:20:32,24374.9,24373.1,150,24374.9,225,525,12995325
NIFTY-I.NFO,08/05/2025,14:20:33,24372,24370.6,150,24374.8,75,525,12995325
NIFTY-I.NFO,08/05/2025,14:20:35,24374.7,24370.1,150,24373.1,300,450,12995325
NIFTY-I.NFO,08/05/2025,14:20:37,24370.1,24370.1,150,24373.1,375,150,12995325
NIFTY-I.NFO,08/05/2025,14:20:38,24370.1,24370.2,450,24375,75,675,12995325
NIFTY-I.NFO,08/05/2025,14:20:40,24370.6,24370.2,375,24373.1,75,75,12995325
NIFTY-I.NFO,08/05/2025,14:20:43,24370.6,24370.6,75,24373.1,450,0,12995325
NIFTY-I.NFO,08/05/2025,14:20:45,24370.7,24370.6,75,24372.9,375,225,12995325
NIFTY-I.NFO,08/05/2025,14:20:47,24370.6,24370.2,300,24372.3,375,75,12995325
NIFTY-I.NFO,08/05/2025,14:20:48,24372,24370.6,75,24372.1,300,75,12995325
NIFTY-I.NFO,08/05/2025,14:20:50,24372,24370.6,75,24372.1,525,0,12995325
NIFTY-I.NFO,08/05/2025,14:20:52,24372.1,24368,225,24370.3,150,3600,12995325
NIFTY-I.NFO,08/05/2025,14:20:53,24372.3,24368,225,24370.3,75,450,12995325
NIFTY-I.NFO,08/05/2025,14:20:55,24372.3,24368.1,75,24370.3,75,0,12995325
NIFTY-I.NFO,08/05/2025,14:20:57,24368.1,24368,225,24370.3,75,75,12995325
NIFTY-I.NFO,08/05/2025,14:20:58,24370.3,24368.1,75,24370.3,75,75,12995325
NIFTY-I.NFO,08/05/2025,14:21:00,24368,24368,75,24370,150,600,12995325
NIFTY-I.NFO,08/05/2025,14:21:02,24368.1,24368,75,24368.1,300,75,12995325
NIFTY-I.NFO,08/05/2025,14:21:03,24368,24367.2,75,24368.1,300,75,12995325
NIFTY-I.NFO,08/05/2025,14:21:05,24366.9,24366.7,75,24368.1,300,675,12995325
NIFTY-I.NFO,08/05/2025,14:21:07,24368.1,24366.7,75,24368.1,150,150,12995325
NIFTY-I.NFO,08/05/2025,14:21:08,24366.7,24366.7,75,24368.1,150,150,12995325
NIFTY-I.NFO,08/05/2025,14:21:10,24366.7,24366.7,75,24368.1,150,150,12995325
NIFTY-I.NFO,08/05/2025,14:21:12,24366.7,24366.7,150,24368.1,150,75,12995325
NIFTY-I.NFO,08/05/2025,14:21:13,24366.7,24366.7,375,24368.1,225,0,12995325
NIFTY-I.NFO,08/05/2025,14:21:15,24366.7,24366.7,225,24368.1,225,0,12995325
NIFTY-I.NFO,08/05/2025,14:21:17,24366.7,24366.7,75,24368,375,150,12995325
NIFTY-I.NFO,08/05/2025,14:21:18,24368,24366.3,450,24368,75,750,12995325
NIFTY-I.NFO,08/05/2025,14:21:20,24370,24370,2100,24370.6,75,675,12995325
NIFTY-I.NFO,08/05/2025,14:21:21,24370,24370,2100,24370.6,225,0,12995325
NIFTY-I.NFO,08/05/2025,14:21:23,24368,24366.3,150,24370.6,150,2175,12995325
NIFTY-I.NFO,08/05/2025,14:21:25,24368,24366.3,150,24370.3,375,0,12995325
NIFTY-I.NFO,08/05/2025,14:21:26,24368,24366.5,150,24368,150,0,12995325
NIFTY-I.NFO,08/05/2025,14:21:28,24368,24366.3,375,24368,75,225,12995325
NIFTY-I.NFO,08/05/2025,14:21:30,24368,24366.3,450,24368,75,150,12995325
NIFTY-I.NFO,08/05/2025,14:21:31,24368,24370.6,225,24371,75,375,12995325
NIFTY-I.NFO,08/05/2025,14:21:33,24371,24370.6,225,24371,75,75,12995325
NIFTY-I.NFO,08/05/2025,14:21:35,24371,24368.1,75,24371,75,375,12995325
NIFTY-I.NFO,08/05/2025,14:21:36,24371,24368.1,75,24370.9,75,225,12995325
NIFTY-I.NFO,08/05/2025,14:21:38,24368.1,24368.1,150,24370.9,75,75,12995325
NIFTY-I.NFO,08/05/2025,14:21:40,24368.1,24368.1,75,24370.9,150,150,12995325
NIFTY-I.NFO,08/05/2025,14:21:42,24371,24368.1,75,24371,675,150,12995325
NIFTY-I.NFO,08/05/2025,14:21:43,24371,24368.3,75,24371,675,0,12995325
NIFTY-I.NFO,08/05/2025,14:21:45,24368,24368.1,150,24371,675,300,12995325
NIFTY-I.NFO,08/05/2025,14:21:47,24371,24368.1,150,24371,600,75,12995325
NIFTY-I.NFO,08/05/2025,14:21:48,24368,24368.1,150,24371,600,225,12995325
NIFTY-I.NFO,08/05/2025,14:21:50,24370,24368.1,150,24371,750,75,12995325
NIFTY-I.NFO,08/05/2025,14:21:52,24368.1,24368.1,75,24371,750,75,12995325
NIFTY-I.NFO,08/05/2025,14:21:53,24370,24370,300,24371,750,75,12995325
NIFTY-I.NFO,08/05/2025,14:21:55,24370,24370.1,75,24371,750,75,12995325
NIFTY-I.NFO,08/05/2025,14:21:57,24371,24370,150,24371,675,300,12995325
NIFTY-I.NFO,08/05/2025,14:21:58,24371,24370,150,24371,375,300,12995325
NIFTY-I.NFO,08/05/2025,14:22:00,24370,24370,75,24371,450,75,12995325
NIFTY-I.NFO,08/05/2025,14:22:02,24371,24370.2,150,24371,375,75,12995325
NIFTY-I.NFO,08/05/2025,14:22:03,24370.2,24370,75,24371,375,150,12995325
NIFTY-I.NFO,08/05/2025,14:22:05,24372.5,24370,75,24372.4,75,450,12995325
NIFTY-I.NFO,08/05/2025,14:22:07,24372.3,24370.9,75,24372.4,75,75,12995325
NIFTY-I.NFO,08/05/2025,14:22:08,24370,24368.8,75,24371,75,75,12995325
NIFTY-I.NFO,08/05/2025,14:22:10,24368.8,24368.8,150,24371,900,75,13006350
NIFTY-I.NFO,08/05/2025,14:22:12,24368.5,24368.1,150,24371,900,1050,13006350
NIFTY-I.NFO,08/05/2025,14:22:13,24371,24368.1,150,24371,825,75,13006350
NIFTY-I.NFO,08/05/2025,14:22:15,24371,24368.1,150,24371,750,75,13006350
NIFTY-I.NFO,08/05/2025,14:22:17,24371,24368.3,150,24371,825,0,13006350
NIFTY-I.NFO,08/05/2025,14:22:18,24371,24369.9,150,24374.9,75,825,13006350
NIFTY-I.NFO,08/05/2025,14:22:20,24371,24371.1,150,24374.9,75,0,13006350
NIFTY-I.NFO,08/05/2025,14:22:23,24371,24372.1,150,24374.9,75,0,13006350
NIFTY-I.NFO,08/05/2025,14:22:25,24371,24372.3,150,24374.9,75,0,13006350
NIFTY-I.NFO,08/05/2025,14:22:27,24372.4,24372.4,600,24374.9,75,525,13006350
NIFTY-I.NFO,08/05/2025,14:22:28,24374.9,24373.2,150,24374.9,75,225,13006350
NIFTY-I.NFO,08/05/2025,14:22:30,24374.9,24373.2,150,24374.9,75,75,13006350
NIFTY-I.NFO,08/05/2025,14:22:32,24374.9,24373.2,150,24374.8,75,75,13006350
NIFTY-I.NFO,08/05/2025,14:22:33,24374.8,24373.2,150,24375,225,150,13006350
NIFTY-I.NFO,08/05/2025,14:22:35,24375,24373.9,150,24375,225,225,13006350
NIFTY-I.NFO,08/05/2025,14:22:36,24375,24374.6,375,24377,75,375,13006350
NIFTY-I.NFO,08/05/2025,14:22:38,24375,24377,825,24378.9,75,450,13006350
NIFTY-I.NFO,08/05/2025,14:22:40,24378.9,24377,750,24379,75,225,13006350
NIFTY-I.NFO,08/05/2025,14:22:41,24378.9,24377,975,24379.2,75,300,13006350
NIFTY-I.NFO,08/05/2025,14:22:43,24378.9,24377.1,150,24379.2,150,0,13006350
NIFTY-I.NFO,08/05/2025,14:22:45,24377.1,24377.1,150,24378.9,75,150,13006350
NIFTY-I.NFO,08/05/2025,14:22:46,24379.4,24377.1,150,24379.4,75,375,13006350
NIFTY-I.NFO,08/05/2025,14:22:48,24379.5,24377.1,150,24379.5,375,225,13006350
NIFTY-I.NFO,08/05/2025,14:22:50,24379.5,24377.1,150,24379.5,75,300,13006350
NIFTY-I.NFO,08/05/2025,14:22:51,24379.5,24377.1,150,24379,75,75,13006350
NIFTY-I.NFO,08/05/2025,14:22:55,24379,24377,750,24379,75,150,13006350
NIFTY-I.NFO,08/05/2025,14:22:56,24379,24377,750,24379,75,75,13006350
NIFTY-I.NFO,08/05/2025,14:22:58,24377,24377,600,24379,75,150,13006350
NIFTY-I.NFO,08/05/2025,14:23:00,24379,24377,525,24379.5,975,300,13006350
NIFTY-I.NFO,08/05/2025,14:23:01,24379.5,24377,525,24379.5,975,75,13006350
NIFTY-I.NFO,08/05/2025,14:23:03,24377,24377.2,75,24379.5,975,75,13006350
NIFTY-I.NFO,08/05/2025,14:23:06,24377,24377.2,150,24379.5,1050,0,13006350
NIFTY-I.NFO,08/05/2025,14:23:08,24379.5,24377.2,150,24379.5,975,75,13006350
NIFTY-I.NFO,08/05/2025,14:23:10,24379.5,24377.2,75,24379.5,975,0,13006350
NIFTY-I.NFO,08/05/2025,14:23:11,24379.5,24377.2,75,24379.5,900,75,13006350
NIFTY-I.NFO,08/05/2025,14:23:15,24379.5,24377.2,75,24379.5,900,0,13006350
NIFTY-I.NFO,08/05/2025,14:23:16,24377.2,24377,825,24379.5,375,75,13006350
NIFTY-I.NFO,08/05/2025,14:23:18,24379.5,24378,150,24379.5,225,225,13006350
NIFTY-I.NFO,08/05/2025,14:23:20,24378,24378,75,24379,150,75,13006350
NIFTY-I.NFO,08/05/2025,14:23:21,24378,24377,750,24378,375,75,13006350
NIFTY-I.NFO,08/05/2025,14:23:26,24379.5,24377.2,75,24378,75,750,13006350
NIFTY-I.NFO,08/05/2025,14:23:28,24378,24377.2,75,24378,75,75,13006350
NIFTY-I.NFO,08/05/2025,14:23:29,24377.2,24377,450,24378,225,375,13006350
NIFTY-I.NFO,08/05/2025,14:23:31,24377.2,24377,450,24378,225,0,13006350
NIFTY-I.NFO,08/05/2025,14:23:34,24377,24377,150,24378,225,375,13006350
NIFTY-I.NFO,08/05/2025,14:23:36,24378,24377.1,75,24378,225,75,13006350
NIFTY-I.NFO,08/05/2025,14:23:38,24377.1,24377.1,150,24378,225,75,13006350
NIFTY-I.NFO,08/05/2025,14:23:39,24377.3,24377.3,75,24378,225,225,13006350
NIFTY-I.NFO,08/05/2025,14:23:41,24377.3,24377.3,75,24378,225,0,13006350
NIFTY-I.NFO,08/05/2025,14:23:43,24378,24377.4,150,24378,150,300,13006350
NIFTY-I.NFO,08/05/2025,14:23:44,24378,24375.6,150,24378,150,0,13006350
NIFTY-I.NFO,08/05/2025,14:23:46,24378,24377.2,150,24378,150,0,13006350
NIFTY-I.NFO,08/05/2025,14:23:48,24378,24377.2,150,24378,75,75,13006350
NIFTY-I.NFO,08/05/2025,14:23:51,24379.6,24377.3,150,24378,150,300,13006350
NIFTY-I.NFO,08/05/2025,14:23:53,24377.3,24377.2,150,24378,150,150,13006350
NIFTY-I.NFO,08/05/2025,14:23:55,24377.2,24377.2,150,24379.9,300,375,13006350
NIFTY-I.NFO,08/05/2025,14:23:56,24379,24377.4,150,24379.9,300,450,13006350
NIFTY-I.NFO,08/05/2025,14:23:58,24375.5,24375.1,75,24379.9,675,450,13006350
NIFTY-I.NFO,08/05/2025,14:24:00,24375.1,24375.1,600,24379.9,525,300,13006350
NIFTY-I.NFO,08/05/2025,14:24:01,24375.1,24375.1,300,24379.7,450,0,13006350
NIFTY-I.NFO,08/05/2025,14:24:03,24375.1,24375.1,225,24379.1,300,225,13006350
NIFTY-I.NFO,08/05/2025,14:24:05,24379.1,24375.1,225,24376.7,225,75,13006350
NIFTY-I.NFO,08/05/2025,14:24:06,24376.7,24375.2,150,24376.7,225,150,13006350
NIFTY-I.NFO,08/05/2025,14:24:08,24376.7,24375.2,150,24376.7,75,150,13006350
NIFTY-I.NFO,08/05/2025,14:24:10,24376.7,24375,825,24377.6,75,450,13006350
NIFTY-I.NFO,08/05/2025,14:24:11,24375,24375,450,24377.6,75,375,13006350
NIFTY-I.NFO,08/05/2025,14:24:13,24375,24375,375,24377.6,150,75,13006350
NIFTY-I.NFO,08/05/2025,14:24:15,24375,24375,375,24377.5,75,0,13006350
NIFTY-I.NFO,08/05/2025,14:24:16,24375,24375,225,24377.5,150,150,13006350
NIFTY-I.NFO,08/05/2025,14:24:18,24377.5,24375,450,24377.3,75,75,13006350
NIFTY-I.NFO,08/05/2025,14:24:20,24377.5,24375.1,150,24377.3,225,0,13006350
NIFTY-I.NFO,08/05/2025,14:24:23,24376.5,24375.1,300,24376.8,75,75,13006350
NIFTY-I.NFO,08/05/2025,14:24:24,24376.8,24375.1,300,24375.2,75,150,13006350
NIFTY-I.NFO,08/05/2025,14:24:26,24377.3,24375.1,300,24375.2,75,525,13006350
NIFTY-I.NFO,08/05/2025,14:24:28,24375.2,24375.1,150,24375.2,75,375,13006350
NIFTY-I.NFO,08/05/2025,14:24:29,24375.2,24375.1,150,24375.2,225,75,13006350
NIFTY-I.NFO,08/05/2025,14:24:31,24375.1,24375,375,24375.2,225,225,13006350
NIFTY-I.NFO,08/05/2025,14:24:33,24375.1,24375,375,24375.2,300,75,13006350
NIFTY-I.NFO,08/05/2025,14:24:34,24375.1,24375,375,24375.2,300,0,13006350
NIFTY-I.NFO,08/05/2025,14:24:36,24375,24375,225,24375.2,300,150,13006350
NIFTY-I.NFO,08/05/2025,14:24:38,24375,24375,225,24375.2,300,0,13006350
NIFTY-I.NFO,08/05/2025,14:24:39,24375.2,24375,150,24375.2,150,300,13006350
NIFTY-I.NFO,08/05/2025,14:24:41,24375,24375,75,24375.2,75,225,13006350
NIFTY-I.NFO,08/05/2025,14:24:43,24375,24375,75,24375.2,75,0,13006350
NIFTY-I.NFO,08/05/2025,14:24:46,24375,24375.1,150,24375.2,75,150,13006350
NIFTY-I.NFO,08/05/2025,14:24:48,24375.2,24375.1,75,24375.2,75,150,13006350
NIFTY-I.NFO,08/05/2025,14:24:49,24375.2,24375.1,75,24375.2,75,75,13006350
NIFTY-I.NFO,08/05/2025,14:24:51,24378.5,24375,525,24375.2,75,675,13006350
NIFTY-I.NFO,08/05/2025,14:24:53,24378.5,24375,225,24375.1,75,0,13006350
NIFTY-I.NFO,08/05/2025,14:24:54,24375.1,24375,225,24378.2,375,150,13006350
NIFTY-I.NFO,08/05/2025,14:24:56,24374.4,24372.8,450,24375,150,525,13006350
NIFTY-I.NFO,08/05/2025,14:24:58,24374.4,24372.8,450,24375,225,0,13006350
NIFTY-I.NFO,08/05/2025,14:24:59,24374.4,24373,150,24375,225,0,13006350
NIFTY-I.NFO,08/05/2025,14:25:01,24374.4,24373,150,24375,300,0,13006350
NIFTY-I.NFO,08/05/2025,14:25:03,24375,24373,150,24375,225,75,13006350
NIFTY-I.NFO,08/05/2025,14:25:04,24373,24372.7,450,24375,150,300,13006350
NIFTY-I.NFO,08/05/2025,14:25:06,24377.6,24372.7,450,24375,150,525,13006350
NIFTY-I.NFO,08/05/2025,14:25:07,24375,24374.3,75,24378.2,375,225,13006350
NIFTY-I.NFO,08/05/2025,14:25:09,24375,24375.5,75,24378.2,750,75,13006350
NIFTY-I.NFO,08/05/2025,14:25:11,24375.9,24375.9,75,24378.9,75,150,13007550
NIFTY-I.NFO,08/05/2025,14:25:12,24375.9,24375.9,375,24378.9,75,0,13007550
NIFTY-I.NFO,08/05/2025,14:25:14,24375.9,24374.1,450,24378.9,75,75,13007550
NIFTY-I.NFO,08/05/2025,14:25:16,24375.9,24374.3,525,24378.9,75,0,13007550
NIFTY-I.NFO,08/05/2025,14:25:17,24374.3,24374.3,150,24378.9,75,75,13007550
NIFTY-I.NFO,08/05/2025,14:25:19,24373,24373.8,450,24379,675,750,13007550
NIFTY-I.NFO,08/05/2025,14:25:21,24379,24374.8,150,24379,225,450,13007550
NIFTY-I.NFO,08/05/2025,14:25:22,24379.4,24374.3,450,24379.4,225,750,13007550
NIFTY-I.NFO,08/05/2025,14:25:24,24379.7,24374.8,150,24379.7,300,225,13007550
NIFTY-I.NFO,08/05/2025,14:25:26,24379.7,24375.1,150,24378.5,375,0,13007550
NIFTY-I.NFO,08/05/2025,14:25:27,24376.5,24372.5,75,24376.9,375,750,13007550
NIFTY-I.NFO,08/05/2025,14:25:29,24378,24372.6,150,24376.2,225,825,13007550
NIFTY-I.NFO,08/05/2025,14:25:31,24378,24372.6,150,24374,75,0,13007550
NIFTY-I.NFO,08/05/2025,14:25:32,24374,24372.6,150,24374.3,525,150,13007550
NIFTY-I.NFO,08/05/2025,14:25:34,24372.4,24371.2,150,24372.4,375,675,13007550
NIFTY-I.NFO,08/05/2025,14:25:35,24373.2,24371.2,150,24373.2,225,75,13007550
NIFTY-I.NFO,08/05/2025,14:25:37,24371.2,24371.2,75,24373.2,300,75,13007550
NIFTY-I.NFO,08/05/2025,14:25:39,24371.2,24371.2,75,24373.2,300,0,13007550
NIFTY-I.NFO,08/05/2025,14:25:40,24371.2,24371.2,75,24372,75,300,13007550
NIFTY-I.NFO,08/05/2025,14:25:42,24371.2,24371.2,150,24373.2,300,225,13007550
NIFTY-I.NFO,08/05/2025,14:25:44,24371.2,24371.2,150,24373.2,225,0,13007550
NIFTY-I.NFO,08/05/2025,14:25:45,24371.2,24371.2,150,24373.2,300,0,13007550
NIFTY-I.NFO,08/05/2025,14:25:47,24373,24371.2,225,24373.2,300,75,13007550
NIFTY-I.NFO,08/05/2025,14:25:49,24373.2,24371.2,225,24373.2,225,75,13007550
NIFTY-I.NFO,08/05/2025,14:25:50,24371.4,24371.4,75,24373.2,225,75,13007550
NIFTY-I.NFO,08/05/2025,14:25:52,24371.4,24371.4,75,24373.2,225,0,13007550
NIFTY-I.NFO,08/05/2025,14:25:54,24373.2,24372.1,150,24373.9,75,600,13007550
NIFTY-I.NFO,08/05/2025,14:25:55,24372.1,24372.1,75,24373.7,75,75,13007550
NIFTY-I.NFO,08/05/2025,14:25:57,24375,24374.9,1500,24375.1,75,1200,13007550
NIFTY-I.NFO,08/05/2025,14:25:59,24374.9,24374.9,300,24375.1,150,1425,13007550
NIFTY-I.NFO,08/05/2025,14:26:00,24374.9,24371.3,150,24375.1,150,225,13007550
NIFTY-I.NFO,08/05/2025,14:26:02,24375.5,24375.3,150,24375.5,75,225,13007550
NIFTY-I.NFO,08/05/2025,14:26:04,24375.5,24375.3,75,24376,150,75,13007550
NIFTY-I.NFO,08/05/2025,14:26:05,24376,24375.2,225,24376,75,150,13007550
NIFTY-I.NFO,08/05/2025,14:26:07,24377.3,24375.4,75,24377.3,75,300,13007550
NIFTY-I.NFO,08/05/2025,14:26:09,24378.8,24376.6,225,24378.8,225,525,13007550
NIFTY-I.NFO,08/05/2025,14:26:10,24378.3,24376.2,150,24378.5,75,300,13007550
NIFTY-I.NFO,08/05/2025,14:26:12,24376,24375.1,150,24378.8,375,450,13007550
NIFTY-I.NFO,08/05/2025,14:26:14,24375,24373.7,150,24378.4,450,225,13007550
NIFTY-I.NFO,08/05/2025,14:26:15,24375,24374,150,24378.4,75,0,13007550
NIFTY-I.NFO,08/05/2025,14:26:17,24378.6,24374.3,450,24378.7,75,300,13007550
NIFTY-I.NFO,08/05/2025,14:26:19,24377,24374.9,150,24379.2,150,525,13007550
NIFTY-I.NFO,08/05/2025,14:26:20,24375.3,24375.1,150,24379,150,225,13007550
NIFTY-I.NFO,08/05/2025,14:26:22,24375,24374.8,150,24379,450,225,13007550
NIFTY-I.NFO,08/05/2025,14:26:24,24374.3,24374.4,450,24378.5,75,375,13007550
NIFTY-I.NFO,08/05/2025,14:26:25,24374.3,24373.9,150,24378.2,150,0,13007550
NIFTY-I.NFO,08/05/2025,14:26:27,24373.9,24374.3,450,24378.2,75,225,13007550
NIFTY-I.NFO,08/05/2025,14:26:29,24374.5,24374.6,75,24378.2,75,300,13007550
NIFTY-I.NFO,08/05/2025,14:26:30,24378.2,24376.1,150,24378.5,300,2025,13007550
NIFTY-I.NFO,08/05/2025,14:26:32,24376.1,24376.1,75,24378.7,150,525,13007550
NIFTY-I.NFO,08/05/2025,14:26:34,24376.1,24376.1,75,24378.7,750,150,13007550
NIFTY-I.NFO,08/05/2025,14:26:35,24376,24376.1,150,24378,1050,450,13007550
NIFTY-I.NFO,08/05/2025,14:26:37,24376.1,24376.1,75,24378,750,75,13007550
NIFTY-I.NFO,08/05/2025,14:26:39,24376,24375,75,24378,1050,225,13007550
NIFTY-I.NFO,08/05/2025,14:26:40,24376,24375,225,24377.9,750,0,13007550
NIFTY-I.NFO,08/05/2025,14:26:44,24377.9,24376.1,150,24378.9,675,225,13007550
NIFTY-I.NFO,08/05/2025,14:26:45,24378.9,24376.1,225,24378.8,375,225,13007550
NIFTY-I.NFO,08/05/2025,14:26:47,24373.2,24374,150,24378.7,225,525,13007550
NIFTY-I.NFO,08/05/2025,14:26:49,24378.6,24375.1,150,24378.6,75,150,13007550
NIFTY-I.NFO,08/05/2025,14:26:50,24375.1,24377.8,75,24378.9,75,375,13007550
NIFTY-I.NFO,08/05/2025,14:26:52,24377.9,24375.1,75,24377.4,375,150,13007550
NIFTY-I.NFO,08/05/2025,14:26:54,24377.9,24375.1,75,24378.1,75,0,13007550
NIFTY-I.NFO,08/05/2025,14:26:55,24377.9,24375.1,150,24378.1,675,0,13007550
NIFTY-I.NFO,08/05/2025,14:26:57,24377.9,24375.1,150,24378,225,0,13007550
NIFTY-I.NFO,08/05/2025,14:26:59,24372.4,24377.9,75,24378,1050,375,13007550
NIFTY-I.NFO,08/05/2025,14:27:00,24373.3,24373.3,75,24377.9,375,150,13007550
NIFTY-I.NFO,08/05/2025,14:27:02,24373.4,24373.6,150,24378,525,150,13007550
NIFTY-I.NFO,08/05/2025,14:27:04,24373.6,24373.7,225,24378,525,75,13007550
NIFTY-I.NFO,08/05/2025,14:27:05,24378,24373.7,75,24378,525,150,13007550
NIFTY-I.NFO,08/05/2025,14:27:07,24378,24373.7,150,24378,525,0,13007550
NIFTY-I.NFO,08/05/2025,14:27:09,24373.7,24373.7,225,24378,525,75,13007550
NIFTY-I.NFO,08/05/2025,14:27:10,24378,24373.7,450,24378,225,300,13007550
NIFTY-I.NFO,08/05/2025,14:27:12,24377,24374.1,525,24377,75,75,13007550
NIFTY-I.NFO,08/05/2025,14:27:15,24377,24374.1,525,24377,75,75,13007550
NIFTY-I.NFO,08/05/2025,14:27:19,24378,24378,525,24379,300,675,13007550
NIFTY-I.NFO,08/05/2025,14:27:20,24378.7,24378.6,150,24379,300,750,13007550
NIFTY-I.NFO,08/05/2025,14:27:22,24380,24379.9,375,24380,2100,1200,13007550
NIFTY-I.NFO,08/05/2025,14:27:24,24380.1,24380,225,24382,150,2625,13007550
NIFTY-I.NFO,08/05/2025,14:27:25,24382.6,24380.2,225,24383.1,75,525,13007550
NIFTY-I.NFO,08/05/2025,14:27:27,24383.1,24382.4,75,24382.5,150,150,13007550
NIFTY-I.NFO,08/05/2025,14:27:29,24381.9,24380.2,75,24381.9,375,900,13007550
NIFTY-I.NFO,08/05/2025,14:27:30,24381.9,24380.2,75,24382.8,150,0,13007550
NIFTY-I.NFO,08/05/2025,14:27:32,24383.1,24380.2,75,24382,150,300,13007550
NIFTY-I.NFO,08/05/2025,14:27:34,24383.1,24382.8,75,24383.9,75,0,13007550
NIFTY-I.NFO,08/05/2025,14:27:35,24385,24383.1,75,24385,1050,2025,13007550
NIFTY-I.NFO,08/05/2025,14:27:37,24384,24381.6,150,24384.8,75,3225,13007550
NIFTY-I.NFO,08/05/2025,14:27:39,24384.3,24381.4,150,24384.3,150,225,13007550
NIFTY-I.NFO,08/05/2025,14:27:40,24384.3,24382.2,450,24384.8,75,225,13007550
NIFTY-I.NFO,08/05/2025,14:27:42,24384.8,24384.9,150,24385,150,150,13007550
NIFTY-I.NFO,08/05/2025,14:27:44,24383.1,24381.9,150,24385,75,300,13007550
NIFTY-I.NFO,08/05/2025,14:27:45,24385,24381.9,150,24386,450,150,13007550
NIFTY-I.NFO,08/05/2025,14:27:47,24385.9,24385.2,225,24386,450,300,13007550
NIFTY-I.NFO,08/05/2025,14:27:49,24380.3,24382,225,24386,450,825,13007550
NIFTY-I.NFO,08/05/2025,14:27:50,24385,24382.2,150,24386,225,375,13007550
NIFTY-I.NFO,08/05/2025,14:27:52,24386.9,24385.2,75,24387,150,450,13007550
NIFTY-I.NFO,08/05/2025,14:27:54,24385.3,24385,75,24387.4,750,525,13007550
NIFTY-I.NFO,08/05/2025,14:27:55,24385.1,24385.1,75,24387.6,675,150,13007550
NIFTY-I.NFO,08/05/2025,14:27:57,24385.1,24385.1,150,24387.7,225,150,13007550
NIFTY-I.NFO,08/05/2025,14:27:59,24387.7,24387.6,75,24387.7,150,1500,13007550
NIFTY-I.NFO,08/05/2025,14:28:00,24386.9,24385.6,150,24386.9,300,600,13007550
NIFTY-I.NFO,08/05/2025,14:28:02,24388,24385.6,150,24387.6,150,225,13007550
NIFTY-I.NFO,08/05/2025,14:28:03,24388,24385.7,150,24388.7,150,150,13007550
NIFTY-I.NFO,08/05/2025,14:28:05,24388.7,24388.1,150,24388.7,75,150,13007550
NIFTY-I.NFO,08/05/2025,14:28:07,24389,24388.3,375,24389.6,75,2850,13007550
NIFTY-I.NFO,08/05/2025,14:28:08,24391.5,24390.2,225,24391.5,450,4650,13007550
NIFTY-I.NFO,08/05/2025,14:28:10,24392.2,24390,150,24392.6,150,1575,13012575
NIFTY-I.NFO,08/05/2025,14:28:12,24390,24390,150,24392.2,150,300,13012575
NIFTY-I.NFO,08/05/2025,14:28:13,24392.7,24390,150,24392.7,675,3225,13012575
NIFTY-I.NFO,08/05/2025,14:28:15,24392.7,24390.1,75,24391.6,225,75,13012575
NIFTY-I.NFO,08/05/2025,14:28:17,24391.6,24390,1050,24391.6,150,225,13012575
NIFTY-I.NFO,08/05/2025,14:28:18,24391.6,24390,300,24391.9,225,1050,13012575
NIFTY-I.NFO,08/05/2025,14:28:20,24389.9,24388.7,225,24390.3,375,1950,13012575
NIFTY-I.NFO,08/05/2025,14:28:22,24389.5,24388.7,225,24389.5,225,225,13012575
NIFTY-I.NFO,08/05/2025,14:28:24,24389,24388.7,225,24389.5,300,225,13012575
NIFTY-I.NFO,08/05/2025,14:28:25,24388,24385.3,150,24388,75,450,13012575
NIFTY-I.NFO,08/05/2025,14:28:27,24388,24385.3,150,24388,75,75,13012575
NIFTY-I.NFO,08/05/2025,14:28:29,24385,24383.3,225,24385,1050,600,13012575
NIFTY-I.NFO,08/05/2025,14:28:30,24385,24382.4,225,24388.7,375,6225,13012575
NIFTY-I.NFO,08/05/2025,14:28:32,24388.2,24382.2,525,24388.7,75,150,13012575
NIFTY-I.NFO,08/05/2025,14:28:34,24388.2,24384,225,24388.5,450,0,13012575
NIFTY-I.NFO,08/05/2025,14:28:35,24383.2,24383.1,225,24388.2,75,750,13012575
NIFTY-I.NFO,08/05/2025,14:28:37,24388.2,24383.3,150,24388,225,75,13012575
NIFTY-I.NFO,08/05/2025,14:28:39,24388,24383.8,450,24388,75,75,13012575
NIFTY-I.NFO,08/05/2025,14:28:40,24390,24385.1,525,24390,3375,675,13012575
NIFTY-I.NFO,08/05/2025,14:28:42,24387.4,24385.8,225,24390,1575,2175,13012575
NIFTY-I.NFO,08/05/2025,14:28:44,24386.4,24386.6,375,24388,150,1425,13012575
NIFTY-I.NFO,08/05/2025,14:28:45,24386.5,24385.7,225,24390,1425,1875,13012575
NIFTY-I.NFO,08/05/2025,14:28:47,24386,24385.3,225,24390,1350,525,13012575
NIFTY-I.NFO,08/05/2025,14:28:49,24386,24385.3,150,24390,1350,0,13012575
NIFTY-I.NFO,08/05/2025,14:28:50,24385.7,24385.6,300,24390,1275,750,13012575
NIFTY-I.NFO,08/05/2025,14:28:52,24385.7,24385.4,300,24389.8,75,0,13012575
NIFTY-I.NFO,08/05/2025,14:28:53,24390,24385.9,150,24390,1200,225,13012575
NIFTY-I.NFO,08/05/2025,14:28:55,24388,24385.2,300,24390,1200,1200,13012575
NIFTY-I.NFO,08/05/2025,14:28:57,24390,24387.1,300,24390,1050,150,13012575
NIFTY-I.NFO,08/05/2025,14:28:58,24390,24387.4,150,24390,1950,0,13012575
NIFTY-I.NFO,08/05/2025,14:29:00,24387.4,24387.7,75,24390,2100,75,13012575
NIFTY-I.NFO,08/05/2025,14:29:02,24386.7,24387.3,300,24390,2175,1050,13012575
NIFTY-I.NFO,08/05/2025,14:29:03,24390,24386.6,150,24390,2250,375,13012575
NIFTY-I.NFO,08/05/2025,14:29:05,24390,24386.8,150,24390,2100,150,13012575
NIFTY-I.NFO,08/05/2025,14:29:07,24390,24386.8,75,24390,1650,525,13012575
NIFTY-I.NFO,08/05/2025,14:29:08,24390,24386.6,75,24390.1,75,1800,13012575
NIFTY-I.NFO,08/05/2025,14:29:10,24390,24386.6,75,24387.6,75,0,13012575
NIFTY-I.NFO,08/05/2025,14:29:12,24389.3,24386.5,75,24390.1,75,300,13012575
NIFTY-I.NFO,08/05/2025,14:29:13,24386.5,24385.8,150,24390.1,150,75,13012575
NIFTY-I.NFO,08/05/2025,14:29:15,24390,24385.8,75,24390,75,225,13012575
NIFTY-I.NFO,08/05/2025,14:29:17,24389.8,24385.8,75,24389.8,75,825,13012575
NIFTY-I.NFO,08/05/2025,14:29:18,24389.8,24385.8,75,24389.8,150,0,13012575
NIFTY-I.NFO,08/05/2025,14:29:20,24385.7,24387.7,150,24389.8,75,450,13012575
NIFTY-I.NFO,08/05/2025,14:29:22,24385.7,24387.7,150,24389.8,75,0,13012575
NIFTY-I.NFO,08/05/2025,14:29:23,24388,24387.9,150,24389.8,75,75,13012575
NIFTY-I.NFO,08/05/2025,14:29:25,24390.9,24390.4,75,24391,2475,1050,13012575
NIFTY-I.NFO,08/05/2025,14:29:26,24391,24390.4,225,24391,2400,75,13012575
NIFTY-I.NFO,08/05/2025,14:29:28,24391,24391.3,150,24392,2625,2475,13012575
NIFTY-I.NFO,08/05/2025,14:29:30,24390.4,24390.5,150,24392,2625,450,13012575
NIFTY-I.NFO,08/05/2025,14:29:31,24390.4,24391.2,150,24392,2625,0,13012575
NIFTY-I.NFO,08/05/2025,14:29:33,24391.2,24391.2,150,24392,2625,150,13012575
NIFTY-I.NFO,08/05/2025,14:29:35,24392,24390.5,150,24392,1950,1050,13012575
NIFTY-I.NFO,08/05/2025,14:29:36,24392,24388.8,150,24392,1800,825,13012575
NIFTY-I.NFO,08/05/2025,14:29:38,24387.3,24386.9,375,24391.9,75,1125,13012575
NIFTY-I.NFO,08/05/2025,14:29:40,24387.3,24390.6,150,24391.8,150,0,13012575
NIFTY-I.NFO,08/05/2025,14:29:41,24391.7,24390.6,150,24391.8,75,150,13012575
NIFTY-I.NFO,08/05/2025,14:29:43,24391.8,24390.9,150,24392,1650,225,13012575
NIFTY-I.NFO,08/05/2025,14:29:45,24391.8,24390.9,150,24392,1800,0,13012575
NIFTY-I.NFO,08/05/2025,14:29:46,24392,24390.9,150,24392,1725,75,13012575
NIFTY-I.NFO,08/05/2025,14:29:48,24390,24386.5,150,24390,3150,600,13012575
NIFTY-I.NFO,08/05/2025,14:29:50,24390,24386.9,150,24390,3075,75,13012575
NIFTY-I.NFO,08/05/2025,14:29:51,24387.5,24387.5,75,24390,3075,75,13012575
NIFTY-I.NFO,08/05/2025,14:29:53,24390,24387.1,75,24388,150,225,13012575
NIFTY-I.NFO,08/05/2025,14:29:55,24388,24386.3,450,24388,75,150,13012575
NIFTY-I.NFO,08/05/2025,14:29:56,24389.9,24386.3,150,24389.9,525,525,13012575
NIFTY-I.NFO,08/05/2025,14:29:58,24389.9,24386.5,150,24389.9,525,0,13012575
NIFTY-I.NFO,08/05/2025,14:30:00,24389.9,24386.5,150,24389.9,150,375,13012575
NIFTY-I.NFO,08/05/2025,14:30:01,24390,24386.7,75,24390,1200,1950,13012575
NIFTY-I.NFO,08/05/2025,14:30:03,24386.1,24386.2,150,24390,1200,150,13012575
NIFTY-I.NFO,08/05/2025,14:30:05,24390,24387.9,150,24390,1050,150,13012575
NIFTY-I.NFO,08/05/2025,14:30:06,24390.7,24391,225,24391.9,75,1275,13012575
NIFTY-I.NFO,08/05/2025,14:30:08,24391.9,24391.9,300,24392,975,1200,13012575
NIFTY-I.NFO,08/05/2025,14:30:10,24392,24391.9,225,24392,750,225,13012575
NIFTY-I.NFO,08/05/2025,14:30:11,24390.6,24391,75,24393,2400,2550,13012575
NIFTY-I.NFO,08/05/2025,14:30:13,24390.6,24391.1,150,24393,2400,0,13012575
NIFTY-I.NFO,08/05/2025,14:30:15,24391.1,24391.3,150,24393,2400,75,13012575
NIFTY-I.NFO,08/05/2025,14:30:16,24393,24391.5,150,24393,2325,75,13012575
NIFTY-I.NFO,08/05/2025,14:30:18,24393,24391.5,150,24393,2325,0,13012575
NIFTY-I.NFO,08/05/2025,14:30:20,24393,24391.8,225,24393,2175,225,13012575
NIFTY-I.NFO,08/05/2025,14:30:21,24391.8,24391.3,150,24393,2175,225,13012575
NIFTY-I.NFO,08/05/2025,14:30:23,24393,24391.3,75,24393,2100,150,13012575
NIFTY-I.NFO,08/05/2025,14:30:25,24392.1,24392.1,150,24393,375,1875,13012575
NIFTY-I.NFO,08/05/2025,14:30:26,24393,24392.1,150,24393,225,225,13012575
NIFTY-I.NFO,08/05/2025,14:30:28,24393,24392.1,225,24393,75,300,13012575
NIFTY-I.NFO,08/05/2025,14:30:30,24393,24391.3,150,24394,3075,900,13012575
NIFTY-I.NFO,08/05/2025,14:30:31,24394,24393.9,75,24394,3000,150,13012575
NIFTY-I.NFO,08/05/2025,14:30:33,24393,24393.1,150,24394,2775,450,13012575
NIFTY-I.NFO,08/05/2025,14:30:35,24393,24392.5,225,24393,525,450,13012575
NIFTY-I.NFO,08/05/2025,14:30:36,24393.8,24392.1,150,24394,2700,900,13012575
NIFTY-I.NFO,08/05/2025,14:30:38,24394,24392.3,150,24394,2475,225,13012575
NIFTY-I.NFO,08/05/2025,14:30:40,24393.2,24393,375,24394,2475,225,13012575
NIFTY-I.NFO,08/05/2025,14:30:41,24393.1,24393,375,24394,2475,300,13012575
NIFTY-I.NFO,08/05/2025,14:30:43,24393.5,24391.4,150,24393.5,75,1725,13012575
NIFTY-I.NFO,08/05/2025,14:30:45,24394.1,24391.2,450,24394.1,75,3900,13012575
NIFTY-I.NFO,08/05/2025,14:30:46,24388,24387.7,225,24393.9,375,825,13012575
NIFTY-I.NFO,08/05/2025,14:30:48,24387.9,24387.9,150,24393.5,75,300,13012575
NIFTY-I.NFO,08/05/2025,14:30:50,24388,24387.9,450,24393.5,375,75,13012575
NIFTY-I.NFO,08/05/2025,14:30:51,24388,24387.7,150,24393.3,300,0,13012575
NIFTY-I.NFO,08/05/2025,14:30:53,24387.7,24388.1,150,24392.8,300,150,13012575
NIFTY-I.NFO,08/05/2025,14:30:54,24387.7,24388.1,150,24392.8,300,0,13012575
NIFTY-I.NFO,08/05/2025,14:30:56,24390,24388.1,150,24392.8,300,225,13012575
NIFTY-I.NFO,08/05/2025,14:30:58,24388,24388,225,24392,150,150,13012575
NIFTY-I.NFO,08/05/2025,14:30:59,24391.9,24386.5,75,24390,300,825,13012575
NIFTY-I.NFO,08/05/2025,14:31:01,24386.2,24385.9,225,24390,300,1425,13012575
NIFTY-I.NFO,08/05/2025,14:31:03,24390.3,24390,150,24391.9,300,675,13012575
NIFTY-I.NFO,08/05/2025,14:31:04,24385.2,24385.1,150,24390.4,75,300,13012575
NIFTY-I.NFO,08/05/2025,14:31:06,24385.2,24385.1,150,24389.4,75,0,13012575
NIFTY-I.NFO,08/05/2025,14:31:08,24385,24385.1,150,24389.5,75,450,13012575
NIFTY-I.NFO,08/05/2025,14:31:09,24385,24386.1,450,24388,75,0,13012575
NIFTY-I.NFO,08/05/2025,14:31:11,24388,24386.1,150,24388,75,75,13018500
NIFTY-I.NFO,08/05/2025,14:31:13,24388,24387.1,150,24388,300,0,13018500
NIFTY-I.NFO,08/05/2025,14:31:14,24387.1,24387,1200,24388,375,75,13018500
NIFTY-I.NFO,08/05/2025,14:31:16,24387.1,24387,1200,24388,375,0,13018500
NIFTY-I.NFO,08/05/2025,14:31:18,24387,24387,975,24388,300,375,13018500
NIFTY-I.NFO,08/05/2025,14:31:19,24388,24388,375,24389.4,150,450,13018500
NIFTY-I.NFO,08/05/2025,14:31:21,24389.4,24388.7,75,24389.4,75,225,13018500
NIFTY-I.NFO,08/05/2025,14:31:23,24389.4,24388.7,150,24389.4,75,0,13018500
NIFTY-I.NFO,08/05/2025,14:31:24,24389.4,24388.8,75,24390,1350,150,13018500
NIFTY-I.NFO,08/05/2025,14:31:26,24388,24387.5,75,24389,150,525,13018500
NIFTY-I.NFO,08/05/2025,14:31:28,24387.5,24387.1,150,24389,150,225,13018500
NIFTY-I.NFO,08/05/2025,14:31:29,24389,24387.1,150,24389,150,75,13018500
NIFTY-I.NFO,08/05/2025,14:31:31,24388,24388,75,24389,150,150,13018500
NIFTY-I.NFO,08/05/2025,14:31:33,24389.4,24387.1,150,24389.4,300,300,13018500
NIFTY-I.NFO,08/05/2025,14:31:34,24389.4,24387.1,150,24389.4,150,150,13018500
NIFTY-I.NFO,08/05/2025,14:31:36,24389.4,24387.1,150,24389.4,225,0,13018500
NIFTY-I.NFO,08/05/2025,14:31:38,24391.4,24389.4,675,24391.3,900,2400,13018500
NIFTY-I.NFO,08/05/2025,14:31:39,24391.4,24389.4,675,24391.3,150,0,13018500
NIFTY-I.NFO,08/05/2025,14:31:41,24391.4,24389.4,825,24391.3,75,0,13018500
NIFTY-I.NFO,08/05/2025,14:31:42,24391.3,24391.3,225,24391.7,675,225,13018500
NIFTY-I.NFO,08/05/2025,14:31:44,24391.3,24391.3,150,24392,150,75,13018500
NIFTY-I.NFO,08/05/2025,14:31:46,24391.3,24391.3,300,24392,225,0,13018500
NIFTY-I.NFO,08/05/2025,14:31:47,24390.1,24390.3,75,24392,75,225,13018500
NIFTY-I.NFO,08/05/2025,14:31:49,24392,24390.3,75,24392,75,75,13018500
NIFTY-I.NFO,08/05/2025,14:31:51,24391.4,24389.6,450,24392,75,975,13018500
NIFTY-I.NFO,08/05/2025,14:31:52,24392,24388,450,24392,75,150,13018500
NIFTY-I.NFO,08/05/2025,14:31:54,24392,24387.2,150,24391.9,375,1575,13018500
NIFTY-I.NFO,08/05/2025,14:31:56,24392,24387.6,150,24392.8,75,0,13018500
NIFTY-I.NFO,08/05/2025,14:31:57,24392,24387.6,150,24392.6,75,0,13018500
NIFTY-I.NFO,08/05/2025,14:31:59,24392,24387.7,150,24392.6,150,0,13018500
NIFTY-I.NFO,08/05/2025,14:32:01,24392.6,24389.1,225,24393,75,150,13018500
NIFTY-I.NFO,08/05/2025,14:32:02,24392.6,24389.1,225,24392.6,75,0,13018500
NIFTY-I.NFO,08/05/2025,14:32:04,24392.6,24389.1,525,24392.6,75,75,13018500
NIFTY-I.NFO,08/05/2025,14:32:06,24392.6,24389.1,525,24392.6,75,0,13018500
NIFTY-I.NFO,08/05/2025,14:32:07,24392.6,24389.5,225,24392.6,75,150,13018500
NIFTY-I.NFO,08/05/2025,14:32:09,24392.6,24389.5,525,24393,75,150,13018500
NIFTY-I.NFO,08/05/2025,14:32:11,24392.6,24390.1,225,24393,150,0,13018500
NIFTY-I.NFO,08/05/2025,14:32:12,24393.8,24390.1,225,24392,75,375,13018500
NIFTY-I.NFO,08/05/2025,14:32:14,24392.9,24392.9,150,24394.9,75,450,13018500
NIFTY-I.NFO,08/05/2025,14:32:16,24395,24394.9,750,24395,5325,300,13018500
NIFTY-I.NFO,08/05/2025,14:32:17,24394.9,24394.9,675,24395,5325,75,13018500
NIFTY-I.NFO,08/05/2025,14:32:19,24395,24394.9,600,24395,5175,225,13018500
NIFTY-I.NFO,08/05/2025,14:32:21,24395,24394.9,600,24395,5175,75,13018500
NIFTY-I.NFO,08/05/2025,14:32:22,24395,24394.9,750,24395,4950,300,13018500
NIFTY-I.NFO,08/05/2025,14:32:24,24395,24394.9,750,24395,5025,0,13018500
NIFTY-I.NFO,08/05/2025,14:32:25,24395,24394.9,600,24395,4125,975,13018500
NIFTY-I.NFO,08/05/2025,14:32:27,24395,24394.9,525,24395,4125,150,13018500
NIFTY-I.NFO,08/05/2025,14:32:29,24395,24394.9,825,24395,3975,150,13018500
NIFTY-I.NFO,08/05/2025,14:32:30,24395,24394.9,825,24395,3975,0,13018500
NIFTY-I.NFO,08/05/2025,14:32:32,24395,24394.9,675,24395,2925,1275,13018500
NIFTY-I.NFO,08/05/2025,14:32:34,24394.9,24394.9,525,24395,2850,225,13018500
NIFTY-I.NFO,08/05/2025,14:32:35,24394.9,24394.9,375,24395,1200,1875,13018500
NIFTY-I.NFO,08/05/2025,14:32:37,24394.7,24392,75,24395,1200,450,13018500
NIFTY-I.NFO,08/05/2025,14:32:39,24394.9,24392,450,24395,1200,75,13018500
NIFTY-I.NFO,08/05/2025,14:32:42,24394.9,24392.1,150,24395,1275,0,13018500
NIFTY-I.NFO,08/05/2025,14:32:44,24392.1,24392.1,75,24394.4,225,75,13018500
NIFTY-I.NFO,08/05/2025,14:32:45,24392.1,24392.1,75,24394.7,225,0,13018500
NIFTY-I.NFO,08/05/2025,14:32:47,24392,24392,150,24394.7,600,525,13018500
NIFTY-I.NFO,08/05/2025,14:32:49,24392.1,24392.1,75,24394.3,225,75,13018500
NIFTY-I.NFO,08/05/2025,14:32:50,24390,24390.1,150,24393,150,825,13018500
NIFTY-I.NFO,08/05/2025,14:32:52,24390,24390.1,150,24391.7,75,0,13018500
NIFTY-I.NFO,08/05/2025,14:32:54,24389.1,24389.2,225,24391.7,150,450,13018500
NIFTY-I.NFO,08/05/2025,14:32:55,24390,24389.2,150,24391.7,75,150,13018500
NIFTY-I.NFO,08/05/2025,14:32:57,24392,24389.8,450,24392,75,225,13018500
NIFTY-I.NFO,08/05/2025,14:32:59,24392,24390.5,225,24392,150,0,13018500
NIFTY-I.NFO,08/05/2025,14:33:00,24392,24390.9,225,24392,150,0,13018500
NIFTY-I.NFO,08/05/2025,14:33:02,24391.4,24391.4,150,24392,75,225,13018500
NIFTY-I.NFO,08/05/2025,14:33:04,24391.4,24391.6,225,24392,150,0,13018500
NIFTY-I.NFO,08/05/2025,14:33:05,24392,24391.6,150,24392,75,150,13018500
NIFTY-I.NFO,08/05/2025,14:33:07,24391.7,24389.2,75,24390,75,150,13018500
NIFTY-I.NFO,08/05/2025,14:33:08,24390,24389.2,75,24391,75,150,13018500
NIFTY-I.NFO,08/05/2025,14:33:10,24390,24389.3,150,24391,75,300,13018500
NIFTY-I.NFO,08/05/2025,14:33:12,24390,24389.3,225,24391,75,0,13018500
NIFTY-I.NFO,08/05/2025,14:33:13,24391.6,24390.2,225,24391,75,225,13018500
NIFTY-I.NFO,08/05/2025,14:33:15,24390,24390,300,24391,75,750,13018500
NIFTY-I.NFO,08/05/2025,14:33:16,24391,24389.1,150,24390,75,150,13018500
NIFTY-I.NFO,08/05/2025,14:33:18,24391,24389.1,150,24390,300,0,13018500
NIFTY-I.NFO,08/05/2025,14:33:20,24389.1,24389,75,24390,300,900,13018500
NIFTY-I.NFO,08/05/2025,14:33:21,24390,24390.3,450,24392.5,75,300,13018500
NIFTY-I.NFO,08/05/2025,14:33:23,24390.2,24389.6,150,24391,75,150,13018500
NIFTY-I.NFO,08/05/2025,14:33:25,24389.4,24389.4,150,24391,150,150,13018500
NIFTY-I.NFO,08/05/2025,14:33:26,24390,24390.6,225,24391,225,75,13018500
NIFTY-I.NFO,08/05/2025,14:33:28,24392.8,24389.4,450,24393,75,450,13018500
NIFTY-I.NFO,08/05/2025,14:33:30,24393.6,24389.8,525,24393.4,75,450,13018500
NIFTY-I.NFO,08/05/2025,14:33:31,24394,24393.6,1425,24394.1,825,600,13018500
NIFTY-I.NFO,08/05/2025,14:33:33,24393.9,24393.8,300,24394,750,825,13018500
NIFTY-I.NFO,08/05/2025,14:33:35,24394.1,24390,150,24394.1,75,675,13018500
NIFTY-I.NFO,08/05/2025,14:33:36,24394.1,24390,150,24394.1,225,375,13018500
NIFTY-I.NFO,08/05/2025,14:33:38,24393.8,24390,150,24394,150,225,13018500
NIFTY-I.NFO,08/05/2025,14:33:39,24394,24391,450,24394,75,150,13018500
NIFTY-I.NFO,08/05/2025,14:33:41,24392,24391.1,75,24394,75,1650,13018500
NIFTY-I.NFO,08/05/2025,14:33:43,24394,24391.2,75,24393,75,375,13018500
NIFTY-I.NFO,08/05/2025,14:33:44,24393,24390.2,150,24394.3,375,525,13018500
NIFTY-I.NFO,08/05/2025,14:33:46,24393,24390.2,525,24394,75,0,13018500
NIFTY-I.NFO,08/05/2025,14:33:48,24394.4,24392.1,75,24394.6,75,525,13018500
NIFTY-I.NFO,08/05/2025,14:33:49,24394.1,24394,75,24394.4,300,525,13018500
NIFTY-I.NFO,08/05/2025,14:33:51,24393.7,24390.1,225,24394.1,600,600,13018500
NIFTY-I.NFO,08/05/2025,14:33:53,24393.7,24390.1,150,24393.2,75,75,13018500
NIFTY-I.NFO,08/05/2025,14:33:54,24393.2,24390.1,75,24393.2,75,150,13018500
NIFTY-I.NFO,08/05/2025,14:33:56,24393.2,24390.1,75,24393.2,75,0,13018500
NIFTY-I.NFO,08/05/2025,14:33:58,24393.3,24390.3,75,24392.9,75,450,13018500
NIFTY-I.NFO,08/05/2025,14:33:59,24393.3,24393.2,600,24393.7,150,1950,13018500
NIFTY-I.NFO,08/05/2025,14:34:01,24393.3,24390.1,150,24393.6,75,675,13018500
NIFTY-I.NFO,08/05/2025,14:34:03,24393.3,24390.1,150,24393,75,0,13018500
NIFTY-I.NFO,08/05/2025,14:34:04,24392.9,24390.2,225,24393,2625,150,13018500
NIFTY-I.NFO,08/05/2025,14:34:06,24393,24390.2,75,24393,2250,450,13018500
NIFTY-I.NFO,08/05/2025,14:34:08,24393,24390.2,75,24392,2475,0,13018500
NIFTY-I.NFO,08/05/2025,14:34:09,24393,24390.3,150,24392,2475,0,13018500
NIFTY-I.NFO,08/05/2025,14:34:12,24392,24390.3,150,24392,2325,150,13025475
NIFTY-I.NFO,08/05/2025,14:34:14,24392,24390.3,150,24391,2475,0,13025475
NIFTY-I.NFO,08/05/2025,14:34:16,24390,24390,225,24391,2400,375,13025475
NIFTY-I.NFO,08/05/2025,14:34:17,24390,24390,300,24391,2400,0,13025475
NIFTY-I.NFO,08/05/2025,14:34:19,24391,24390.1,75,24390.4,75,75,13025475
NIFTY-I.NFO,08/05/2025,14:34:21,24390,24389,75,24389.7,75,450,13025475
NIFTY-I.NFO,08/05/2025,14:34:22,24389,24388,150,24389,450,75,13025475
NIFTY-I.NFO,08/05/2025,14:34:24,24387.9,24387.1,75,24387.6,75,300,13025475
NIFTY-I.NFO,08/05/2025,14:34:25,24387,24386,75,24387,375,3225,13025475
NIFTY-I.NFO,08/05/2025,14:34:27,24384.3,24384.3,375,24384.9,75,3150,13025475
NIFTY-I.NFO,08/05/2025,14:34:29,24384,24383.2,300,24384,150,825,13025475
NIFTY-I.NFO,08/05/2025,14:34:30,24383.2,24383.2,225,24383.5,75,75,13025475
NIFTY-I.NFO,08/05/2025,14:34:32,24380,24380.5,75,24383.5,75,1050,13025475
NIFTY-I.NFO,08/05/2025,14:34:34,24380.3,24380.2,150,24383,225,150,13025475
NIFTY-I.NFO,08/05/2025,14:34:35,24380.3,24380.1,75,24383,150,900,13025475
NIFTY-I.NFO,08/05/2025,14:34:37,24380,24380,975,24381.8,375,1050,13025475
NIFTY-I.NFO,08/05/2025,14:34:39,24380,24380,525,24381.8,75,525,13025475
NIFTY-I.NFO,08/05/2025,14:34:40,24381.8,24380.1,75,24381.8,75,975,13025475
NIFTY-I.NFO,08/05/2025,14:34:42,24381.8,24380.1,75,24381,75,0,13025475
NIFTY-I.NFO,08/05/2025,14:34:44,24381.8,24380.1,75,24381,225,0,13025475
NIFTY-I.NFO,08/05/2025,14:34:46,24380,24378.9,150,24380,375,150,13025475
NIFTY-I.NFO,08/05/2025,14:34:47,24378.1,24378.1,150,24380,375,375,13025475
NIFTY-I.NFO,08/05/2025,14:34:49,24378.1,24378.1,75,24380,600,225,13025475
NIFTY-I.NFO,08/05/2025,14:34:51,24376.7,24377.6,150,24380,150,1125,13025475
NIFTY-I.NFO,08/05/2025,14:34:52,24380,24376.2,675,24380,150,150,13025475
NIFTY-I.NFO,08/05/2025,14:34:54,24380,24376.6,675,24380,75,150,13025475
NIFTY-I.NFO,08/05/2025,14:34:56,24377.7,24377.6,75,24380,75,75,13025475
NIFTY-I.NFO,08/05/2025,14:34:57,24377.7,24376.4,600,24380,75,75,13025475
NIFTY-I.NFO,08/05/2025,14:34:59,24376.4,24377.5,450,24380,150,300,13025475
NIFTY-I.NFO,08/05/2025,14:35:01,24380,24376.8,600,24380,75,75,13025475
NIFTY-I.NFO,08/05/2025,14:35:02,24377.9,24377.9,75,24380,150,150,13025475
NIFTY-I.NFO,08/05/2025,14:35:04,24377.9,24376.9,375,24380,150,0,13025475
NIFTY-I.NFO,08/05/2025,14:35:06,24377.2,24377.3,300,24380,300,75,13025475
NIFTY-I.NFO,08/05/2025,14:35:07,24377.1,24377.1,75,24380,375,75,13025475
NIFTY-I.NFO,08/05/2025,14:35:09,24378,24378,225,24380,375,75,13025475
NIFTY-I.NFO,08/05/2025,14:35:11,24378,24378,375,24380,600,75,13025475
NIFTY-I.NFO,08/05/2025,14:35:12,24379.7,24378.1,150,24379.7,225,150,13025475
NIFTY-I.NFO,08/05/2025,14:35:14,24378.1,24378.2,75,24379.4,225,75,13025475
NIFTY-I.NFO,08/05/2025,14:35:16,24378.1,24378.3,75,24379.1,225,0,13025475
NIFTY-I.NFO,08/05/2025,14:35:17,24379.1,24379.1,600,24379.5,75,900,13025475
NIFTY-I.NFO,08/05/2025,14:35:19,24376.1,24376,150,24379.5,150,300,13025475
NIFTY-I.NFO,08/05/2025,14:35:21,24378.3,24376.1,75,24379.5,150,150,13025475
NIFTY-I.NFO,08/05/2025,14:35:22,24379.5,24376.1,75,24379.3,75,75,13025475
NIFTY-I.NFO,08/05/2025,14:35:24,24379.4,24377.1,75,24379.3,375,375,13025475
NIFTY-I.NFO,08/05/2025,14:35:26,24377.1,24377.1,300,24379.3,375,375,13025475
NIFTY-I.NFO,08/05/2025,14:35:27,24377.1,24377.2,225,24379.3,75,75,13025475
NIFTY-I.NFO,08/05/2025,14:35:29,24377.2,24377.3,150,24379.3,75,600,13025475
NIFTY-I.NFO,08/05/2025,14:35:31,24379.3,24377.3,225,24379,525,75,13025475
NIFTY-I.NFO,08/05/2025,14:35:32,24379,24377.4,150,24379.1,375,225,13025475
NIFTY-I.NFO,08/05/2025,14:35:34,24379,24377.5,150,24379.5,225,0,13025475
NIFTY-I.NFO,08/05/2025,14:35:36,24379,24377.7,150,24379.5,375,0,13025475
NIFTY-I.NFO,08/05/2025,14:35:37,24379,24377.7,450,24378,150,0,13025475
NIFTY-I.NFO,08/05/2025,14:35:39,24378,24378.1,150,24379,75,300,13025475
NIFTY-I.NFO,08/05/2025,14:35:41,24379,24378.1,75,24379.5,225,1350,13025475
NIFTY-I.NFO,08/05/2025,14:35:42,24380.2,24380.1,150,24381.4,75,1350,13025475
NIFTY-I.NFO,08/05/2025,14:35:44,24380.1,24379.1,75,24381.4,150,825,13025475
NIFTY-I.NFO,08/05/2025,14:35:46,24380,24379.1,600,24380,75,300,13025475
NIFTY-I.NFO,08/05/2025,14:35:47,24380.2,24380.2,75,24382.9,150,375,13025475
NIFTY-I.NFO,08/05/2025,14:35:49,24380.2,24380.2,300,24382.9,75,150,13025475
NIFTY-I.NFO,08/05/2025,14:35:51,24380.2,24380.2,300,24382.9,150,0,13025475
NIFTY-I.NFO,08/05/2025,14:35:52,24380.2,24380.5,150,24382.8,75,75,13025475
NIFTY-I.NFO,08/05/2025,14:35:54,24380.2,24380.5,675,24382.8,75,0,13025475
NIFTY-I.NFO,08/05/2025,14:35:56,24383,24382.9,150,24384,150,375,13025475
NIFTY-I.NFO,08/05/2025,14:35:57,24383,24383,75,24384,225,0,13025475
NIFTY-I.NFO,08/05/2025,14:35:59,24384,24383.1,75,24384,150,75,13025475
NIFTY-I.NFO,08/05/2025,14:36:01,24384,24383.2,75,24384,150,0,13025475
NIFTY-I.NFO,08/05/2025,14:36:02,24384,24383.3,75,24384,150,0,13025475
NIFTY-I.NFO,08/05/2025,14:36:04,24384,24383.4,75,24384,75,75,13025475
NIFTY-I.NFO,08/05/2025,14:36:06,24384,24383.5,75,24385,225,150,13025475
NIFTY-I.NFO,08/05/2025,14:36:07,24385,24383.7,150,24385,75,150,13025475
NIFTY-I.NFO,08/05/2025,14:36:09,24383.4,24383.1,150,24384,150,750,13025475
NIFTY-I.NFO,08/05/2025,14:36:10,24383.4,24383.1,225,24384,225,0,13025475
NIFTY-I.NFO,08/05/2025,14:36:12,24384,24383.1,225,24383.7,750,75,13025475
NIFTY-I.NFO,08/05/2025,14:36:14,24383.1,24383.1,375,24383.7,675,150,13025475
NIFTY-I.NFO,08/05/2025,14:36:15,24383.1,24383.2,150,24383.7,750,300,13025475
NIFTY-I.NFO,08/05/2025,14:36:17,24383.3,24383.6,150,24383.7,600,225,13025475
NIFTY-I.NFO,08/05/2025,14:36:19,24383,24383,225,24383.7,600,375,13025475
NIFTY-I.NFO,08/05/2025,14:36:20,24383.1,24383.1,150,24383.7,525,150,13025475
NIFTY-I.NFO,08/05/2025,14:36:22,24381,24380.3,150,24383.7,225,900,13025475
NIFTY-I.NFO,08/05/2025,14:36:24,24383.7,24383.7,525,24384,75,375,13025475
NIFTY-I.NFO,08/05/2025,14:36:25,24383.7,24383.7,375,24384,225,150,13025475
NIFTY-I.NFO,08/05/2025,14:36:27,24384,24381.5,450,24384,75,225,13025475
NIFTY-I.NFO,08/05/2025,14:36:29,24382.3,24380.5,150,24384,150,225,13025475
NIFTY-I.NFO,08/05/2025,14:36:30,24382.3,24380.5,150,24384,1050,0,13025475
NIFTY-I.NFO,08/05/2025,14:36:32,24383.7,24380.3,375,24384,1050,75,13025475
NIFTY-I.NFO,08/05/2025,14:36:34,24383.7,24380.3,150,24384,1050,0,13025475
NIFTY-I.NFO,08/05/2025,14:36:35,24380,24380.5,150,24384,1050,750,13025475
NIFTY-I.NFO,08/05/2025,14:36:37,24380,24380.1,150,24384,1050,0,13025475
NIFTY-I.NFO,08/05/2025,14:36:38,24380.2,24380.7,375,24384,75,1050,13025475
NIFTY-I.NFO,08/05/2025,14:36:40,24384,24384,1275,24385,300,225,13025475
NIFTY-I.NFO,08/05/2025,14:36:42,24384,24384,2850,24385,375,0,13025475
NIFTY-I.NFO,08/05/2025,14:36:43,24384,24384,2625,24385,375,225,13025475
NIFTY-I.NFO,08/05/2025,14:36:45,24384,24384,2625,24385,375,0,13025475
NIFTY-I.NFO,08/05/2025,14:36:47,24386,24386,675,24386.3,150,1650,13025475
NIFTY-I.NFO,08/05/2025,14:36:48,24385,24384,1575,24386.3,75,1800,13025475
NIFTY-I.NFO,08/05/2025,14:36:50,24385,24385,1575,24386.3,75,0,13025475
NIFTY-I.NFO,08/05/2025,14:36:51,24385,24385,1500,24386.3,75,75,13025475
NIFTY-I.NFO,08/05/2025,14:36:53,24385,24385,1275,24386.3,75,225,13025475
NIFTY-I.NFO,08/05/2025,14:36:55,24386.3,24385,1050,24386.3,75,300,13025475
NIFTY-I.NFO,08/05/2025,14:36:56,24386.3,24385,2625,24386.3,75,0,13025475
NIFTY-I.NFO,08/05/2025,14:37:00,24385,24385,2625,24386.3,75,75,13025475
NIFTY-I.NFO,08/05/2025,14:37:02,24385,24385,2625,24386.3,75,0,13025475
NIFTY-I.NFO,08/05/2025,14:37:03,24385,24385,2550,24386.3,75,75,13025475
NIFTY-I.NFO,08/05/2025,14:37:05,24386.3,24385,75,24386.3,75,75,13025475
NIFTY-I.NFO,08/05/2025,14:37:07,24385.1,24382.3,375,24386.3,75,300,13025475
NIFTY-I.NFO,08/05/2025,14:37:08,24385.1,24382.5,375,24386.3,75,0,13025475
NIFTY-I.NFO,08/05/2025,14:37:10,24386.3,24383.2,75,24387.2,75,300,13025475
NIFTY-I.NFO,08/05/2025,14:37:12,24387.9,24383.1,75,24387.8,150,600,13034700
NIFTY-I.NFO,08/05/2025,14:37:13,24382.8,24382.7,300,24387.3,150,150,13034700
NIFTY-I.NFO,08/05/2025,14:37:15,24387.1,24382.8,150,24387.3,225,75,13034700
NIFTY-I.NFO,08/05/2025,14:37:17,24386.8,24382.8,150,24387.3,75,75,13034700
NIFTY-I.NFO,08/05/2025,14:37:18,24386.8,24382.8,150,24387.3,75,0,13034700
NIFTY-I.NFO,08/05/2025,14:37:20,24386.8,24382.8,150,24387.2,750,0,13034700
NIFTY-I.NFO,08/05/2025,14:37:21,24386.8,24382.5,150,24386.9,75,0,13034700
NIFTY-I.NFO,08/05/2025,14:37:23,24382.5,24382.5,75,24386.4,75,75,13034700
NIFTY-I.NFO,08/05/2025,14:37:25,24386.3,24381.1,450,24386.1,225,1650,13034700
NIFTY-I.NFO,08/05/2025,14:37:26,24380,24380.3,675,24385.6,825,2025,13034700
NIFTY-I.NFO,08/05/2025,14:37:28,24381.2,24380.2,375,24385.6,75,975,13034700
NIFTY-I.NFO,08/05/2025,14:37:30,24381.2,24380.6,75,24385.4,225,0,13034700
NIFTY-I.NFO,08/05/2025,14:37:31,24386,24381.1,450,24386.3,975,2325,13034700
NIFTY-I.NFO,08/05/2025,14:37:33,24386.3,24386.3,1275,24386.4,375,1575,13034700
NIFTY-I.NFO,08/05/2025,14:37:35,24383.3,24383.3,525,24386.1,75,1875,13034700
NIFTY-I.NFO,08/05/2025,14:37:36,24386.5,24386.5,150,24386.7,525,675,13034700
NIFTY-I.NFO,08/05/2025,14:37:38,24386.4,24386.4,525,24386.5,150,2850,13034700
NIFTY-I.NFO,08/05/2025,14:37:40,24380,24380.9,150,24385,2250,2325,13034700
NIFTY-I.NFO,08/05/2025,14:37:41,24385,24380.1,525,24385,75,3900,13034700
NIFTY-I.NFO,08/05/2025,14:37:43,24380,24380.1,600,24386.5,75,1800,13034700
NIFTY-I.NFO,08/05/2025,14:37:45,24386.3,24386.3,75,24386.5,375,1125,13034700
NIFTY-I.NFO,08/05/2025,14:37:46,24380.9,24380.5,375,24386.5,75,150,13034700
NIFTY-I.NFO,08/05/2025,14:37:48,24385,24380.2,75,24384.2,75,1575,13034700
NIFTY-I.NFO,08/05/2025,14:37:50,24379.9,24377.3,75,24379.9,150,2925,13034700
NIFTY-I.NFO,08/05/2025,14:37:51,24380,24377.2,150,24380,525,150,13034700
NIFTY-I.NFO,08/05/2025,14:37:53,24378.1,24378.1,675,24382.5,75,825,13034700
NIFTY-I.NFO,08/05/2025,14:37:55,24382.5,24378.7,150,24382.7,150,75,13034700
NIFTY-I.NFO,08/05/2025,14:37:58,24382.7,24382.7,675,24383,75,1575,13034700
NIFTY-I.NFO,08/05/2025,14:37:59,24380,24380.1,75,24383,75,75,13034700
NIFTY-I.NFO,08/05/2025,14:38:01,24378.7,24378.3,150,24382.7,75,1050,13034700
NIFTY-I.NFO,08/05/2025,14:38:03,24378.4,24378.2,150,24382,75,75,13034700
NIFTY-I.NFO,08/05/2025,14:38:06,24376.4,24376.4,75,24380,1500,1275,13034700
NIFTY-I.NFO,08/05/2025,14:38:07,24376.1,24376.1,75,24380,1800,225,13034700
NIFTY-I.NFO,08/05/2025,14:38:09,24376.4,24376,150,24378.2,75,600,13034700
NIFTY-I.NFO,08/05/2025,14:38:11,24376.1,24376,150,24377.9,150,150,13034700
NIFTY-I.NFO,08/05/2025,14:38:12,24376.4,24376,150,24377.9,75,150,13034700
NIFTY-I.NFO,08/05/2025,14:38:14,24377.9,24373.7,750,24377.9,75,2325,13034700
NIFTY-I.NFO,08/05/2025,14:38:16,24377.9,24377.9,225,24378.2,300,450,13034700
NIFTY-I.NFO,08/05/2025,14:38:17,24373,24373.2,600,24378.2,75,600,13034700
NIFTY-I.NFO,08/05/2025,14:38:19,24377.9,24373.6,300,24378,225,225,13034700
NIFTY-I.NFO,08/05/2025,14:38:20,24378.1,24373.1,300,24378.1,225,2700,13034700
NIFTY-I.NFO,08/05/2025,14:38:22,24373.7,24374.1,600,24378.1,75,150,13034700
NIFTY-I.NFO,08/05/2025,14:38:24,24375.6,24376,150,24380,2625,975,13034700
NIFTY-I.NFO,08/05/2025,14:38:25,24376,24376,150,24380,2175,1050,13034700
NIFTY-I.NFO,08/05/2025,14:38:27,24376,24375.4,150,24380,1950,150,13034700
NIFTY-I.NFO,08/05/2025,14:38:29,24380,24376.1,150,24380,1875,150,13034700
NIFTY-I.NFO,08/05/2025,14:38:30,24376.1,24376.1,150,24380,1875,150,13034700
NIFTY-I.NFO,08/05/2025,14:38:32,24380,24380,150,24380.6,75,2775,13034700
NIFTY-I.NFO,08/05/2025,14:38:34,24377.6,24376,450,24379.3,75,525,13034700
NIFTY-I.NFO,08/05/2025,14:38:35,24380,24380.6,150,24380.8,375,225,13034700
NIFTY-I.NFO,08/05/2025,14:38:37,24377,24377.2,75,24380.8,75,300,13034700
NIFTY-I.NFO,08/05/2025,14:38:39,24380.8,24378.1,75,24380,75,75,13034700
NIFTY-I.NFO,08/05/2025,14:38:40,24380,24375.6,750,24380,75,75,13034700
NIFTY-I.NFO,08/05/2025,14:38:42,24376.7,24377.1,75,24380,150,75,13034700
NIFTY-I.NFO,08/05/2025,14:38:44,24376.7,24378.3,75,24380,150,0,13034700
NIFTY-I.NFO,08/05/2025,14:38:45,24378.3,24376.4,150,24380,150,75,13034700
NIFTY-I.NFO,08/05/2025,14:38:47,24378.3,24376.4,150,24380,450,0,13034700
NIFTY-I.NFO,08/05/2025,14:38:49,24378.5,24375.5,375,24380,450,4125,13034700
NIFTY-I.NFO,08/05/2025,14:38:50,24380,24380.1,150,24381.5,75,825,13034700
NIFTY-I.NFO,08/05/2025,14:38:52,24380.1,24378.8,150,24381.4,75,225,13034700
NIFTY-I.NFO,08/05/2025,14:38:54,24380.1,24379.4,225,24381.4,75,0,13034700
NIFTY-I.NFO,08/05/2025,14:38:55,24380.5,24380.5,375,24381.4,75,75,13034700
NIFTY-I.NFO,08/05/2025,14:38:57,24381.4,24377.2,150,24381.3,75,375,13034700
NIFTY-I.NFO,08/05/2025,14:38:59,24381.4,24377.2,750,24380.6,75,0,13034700
NIFTY-I.NFO,08/05/2025,14:39:00,24380,24380.2,150,24380.6,150,75,13034700
NIFTY-I.NFO,08/05/2025,14:39:02,24380.2,24380.2,225,24380.6,75,150,13034700
NIFTY-I.NFO,08/05/2025,14:39:04,24382,24380.6,150,24382,75,450,13034700
NIFTY-I.NFO,08/05/2025,14:39:05,24382.7,24382.8,150,24383,150,825,13034700
NIFTY-I.NFO,08/05/2025,14:39:07,24383,24382.9,150,24384.8,75,300,13034700
NIFTY-I.NFO,08/05/2025,14:39:09,24384.9,24384.9,150,24385.9,75,1350,13034700
NIFTY-I.NFO,08/05/2025,14:39:10,24386,24385.2,75,24386.3,75,450,13034700
NIFTY-I.NFO,08/05/2025,14:39:12,24385.3,24385.3,150,24386.3,150,75,13034700
NIFTY-I.NFO,08/05/2025,14:39:14,24386.3,24385.3,150,24386.3,75,75,13034700
NIFTY-I.NFO,08/05/2025,14:39:16,24385,24380.4,150,24384.5,75,2400,13034700
NIFTY-I.NFO,08/05/2025,14:39:17,24385,24380.4,150,24384.4,300,0,13034700
NIFTY-I.NFO,08/05/2025,14:39:19,24385,24380.4,225,24384.4,300,0,13034700
NIFTY-I.NFO,08/05/2025,14:39:21,24384.4,24380.4,525,24384.4,150,225,13034700
NIFTY-I.NFO,08/05/2025,14:39:22,24380.4,24380.4,150,24384.4,75,225,13034700
NIFTY-I.NFO,08/05/2025,14:39:24,24384.4,24379.2,375,24385,75,2100,13034700
NIFTY-I.NFO,08/05/2025,14:39:25,24379.2,24379.2,450,24384.4,75,150,13034700
NIFTY-I.NFO,08/05/2025,14:39:27,24379.2,24379.3,150,24384.3,75,150,13034700
NIFTY-I.NFO,08/05/2025,14:39:29,24378.4,24378.5,150,24383.2,75,975,13034700
NIFTY-I.NFO,08/05/2025,14:39:30,24383,24379.2,75,24383.5,75,1725,13034700
NIFTY-I.NFO,08/05/2025,14:39:32,24379.2,24378.1,150,24379.2,225,75,13034700
NIFTY-I.NFO,08/05/2025,14:39:34,24379.2,24378.3,225,24379.2,225,75,13034700
NIFTY-I.NFO,08/05/2025,14:39:35,24383.2,24378.2,750,24379.2,75,300,13034700
NIFTY-I.NFO,08/05/2025,14:39:37,24379.2,24378.2,225,24382.9,225,75,13034700
NIFTY-I.NFO,08/05/2025,14:39:39,24378.1,24378,375,24378.5,75,75,13034700
NIFTY-I.NFO,08/05/2025,14:39:40,24378.1,24378,375,24378.5,75,0,13034700
NIFTY-I.NFO,08/05/2025,14:39:42,24378.5,24377.4,75,24382.4,225,150,13034700
NIFTY-I.NFO,08/05/2025,14:39:44,24378.5,24376.8,225,24382.4,225,0,13034700
NIFTY-I.NFO,08/05/2025,14:39:45,24376.8,24377.8,225,24378.1,75,75,13034700
NIFTY-I.NFO,08/05/2025,14:39:47,24379.1,24379,1800,24382,225,450,13034700
NIFTY-I.NFO,08/05/2025,14:39:49,24382.2,24379.1,150,24382.2,225,600,13034700
NIFTY-I.NFO,08/05/2025,14:39:50,24382.2,24379.1,150,24382.4,225,75,13034700
NIFTY-I.NFO,08/05/2025,14:39:52,24382.2,24379.1,150,24382.1,225,0,13034700
NIFTY-I.NFO,08/05/2025,14:39:54,24379.1,24379.1,150,24381.3,300,150,13034700
NIFTY-I.NFO,08/05/2025,14:39:55,24379.1,24379.1,150,24380.7,225,0,13034700
NIFTY-I.NFO,08/05/2025,14:39:57,24379.1,24379,1800,24382,225,150,13034700
NIFTY-I.NFO,08/05/2025,14:39:59,24379.1,24379,1800,24382,75,0,13034700
NIFTY-I.NFO,08/05/2025,14:40:00,24379.1,24379,1875,24382,75,0,13034700
NIFTY-I.NFO,08/05/2025,14:40:02,24382.6,24379,2175,24382,75,225,13034700
NIFTY-I.NFO,08/05/2025,14:40:04,24382,24382,300,24382.7,600,2550,13034700
NIFTY-I.NFO,08/05/2025,14:40:05,24382.8,24382,150,24382.8,75,825,13034700
NIFTY-I.NFO,08/05/2025,14:40:07,24382,24377.9,450,24382.8,75,150,13034700
NIFTY-I.NFO,08/05/2025,14:40:09,24382,24378.1,75,24382,75,0,13034700
NIFTY-I.NFO,08/05/2025,14:40:10,24377.8,24377.2,450,24382,150,75,13034700
NIFTY-I.NFO,08/05/2025,14:40:12,24377.8,24377.1,450,24382,150,0,13034700
NIFTY-I.NFO,08/05/2025,14:40:14,24377.5,24377.9,450,24382,150,525,13049700
NIFTY-I.NFO,08/05/2025,14:40:15,24382,24377.7,75,24382,75,900,13049700
NIFTY-I.NFO,08/05/2025,14:40:17,24380,24377.1,375,24382,150,75,13049700
NIFTY-I.NFO,08/05/2025,14:40:19,24376.6,24376.6,75,24381.8,75,150,13049700
NIFTY-I.NFO,08/05/2025,14:40:20,24377.2,24376.8,150,24381.8,75,450,13049700
NIFTY-I.NFO,08/05/2025,14:40:21,24377.2,24376.8,150,24381.8,75,0,13049700
NIFTY-I.NFO,08/05/2025,14:40:22,24376.8,24376.6,75,24381.8,75,150,13049700
NIFTY-I.NFO,08/05/2025,14:40:24,24376.8,24376.8,375,24380,75,0,13049700
NIFTY-I.NFO,08/05/2025,14:40:26,24376.8,24376.6,75,24380,150,0,13049700
NIFTY-I.NFO,08/05/2025,14:40:27,24378,24376.5,150,24380,150,75,13049700
NIFTY-I.NFO,08/05/2025,14:40:29,24376.5,24376.5,75,24380,225,75,13049700
NIFTY-I.NFO,08/05/2025,14:40:31,24380,24380,75,24381,525,825,13049700
NIFTY-I.NFO,08/05/2025,14:40:32,24380,24380,75,24381,525,0,13049700
NIFTY-I.NFO,08/05/2025,14:40:34,24380,24378,75,24381,525,75,13049700
NIFTY-I.NFO,08/05/2025,14:40:36,24380,24378,75,24380.3,225,0,13049700
NIFTY-I.NFO,08/05/2025,14:40:37,24378,24376.5,75,24380.3,225,75,13049700
NIFTY-I.NFO,08/05/2025,14:40:39,24376.5,24376.4,75,24379,75,75,13049700
NIFTY-I.NFO,08/05/2025,14:40:42,24376.5,24376.6,150,24379,150,0,13049700
NIFTY-I.NFO,08/05/2025,14:40:44,24376.6,24376.1,75,24379,150,75,13049700
NIFTY-I.NFO,08/05/2025,14:40:45,24376.6,24376.1,75,24379,150,0,13049700
NIFTY-I.NFO,08/05/2025,14:40:47,24376,24376,75,24379,150,300,13049700
NIFTY-I.NFO,08/05/2025,14:40:49,24380,24376,75,24380,150,300,13049700
NIFTY-I.NFO,08/05/2025,14:40:50,24380,24376,75,24380,150,0,13049700
NIFTY-I.NFO,08/05/2025,14:40:52,24380,24376.1,150,24380,150,0,13049700
NIFTY-I.NFO,08/05/2025,14:40:54,24376,24376.5,300,24380,225,75,13049700
NIFTY-I.NFO,08/05/2025,14:40:55,24376,24376.5,300,24379.9,225,0,13049700
NIFTY-I.NFO,08/05/2025,14:40:57,24376,24376.5,300,24378.8,75,0,13049700
NIFTY-I.NFO,08/05/2025,14:40:59,24378.8,24375.6,75,24378.8,75,375,13049700
NIFTY-I.NFO,08/05/2025,14:41:00,24378.8,24375.6,150,24378.8,75,0,13049700
NIFTY-I.NFO,08/05/2025,14:41:02,24378.8,24376,150,24378.8,75,0,13049700
NIFTY-I.NFO,08/05/2025,14:41:04,24376,24375.6,75,24378.8,75,150,13049700
NIFTY-I.NFO,08/05/2025,14:41:05,24375.6,24375.2,75,24378.8,75,75,13049700
NIFTY-I.NFO,08/05/2025,14:41:07,24375.1,24375,600,24378.8,75,150,13049700
NIFTY-I.NFO,08/05/2025,14:41:09,24375,24373.1,75,24375.6,75,1950,13049700
NIFTY-I.NFO,08/05/2025,14:41:10,24373.1,24373,225,24375.6,75,150,13049700
NIFTY-I.NFO,08/05/2025,14:41:12,24373,24373,75,24375.6,75,150,13049700
NIFTY-I.NFO,08/05/2025,14:41:14,24373,24372.5,300,24375.6,75,150,13049700
NIFTY-I.NFO,08/05/2025,14:41:15,24375.6,24372.5,300,24376.2,225,225,13049700
NIFTY-I.NFO,08/05/2025,14:41:17,24375.6,24372.5,300,24376.1,225,0,13049700
NIFTY-I.NFO,08/05/2025,14:41:19,24375.6,24372.6,75,24376,75,0,13049700
NIFTY-I.NFO,08/05/2025,14:41:21,24372.5,24372.5,150,24373,150,225,13049700
NIFTY-I.NFO,08/05/2025,14:41:22,24372.5,24372.4,450,24373,225,1575,13049700
NIFTY-I.NFO,08/05/2025,14:41:24,24372.4,24372.3,75,24373,225,150,13049700
NIFTY-I.NFO,08/05/2025,14:41:25,24372.5,24372.3,75,24373,225,150,13049700
NIFTY-I.NFO,08/05/2025,14:41:27,24372.3,24372.1,75,24372.4,450,150,13049700
NIFTY-I.NFO,08/05/2025,14:41:29,24371.2,24371.2,75,24372.4,375,900,13049700
NIFTY-I.NFO,08/05/2025,14:41:30,24371.1,24371.1,75,24372.4,300,225,13049700
NIFTY-I.NFO,08/05/2025,14:41:32,24371.2,24371.1,75,24372.4,300,150,13049700
NIFTY-I.NFO,08/05/2025,14:41:34,24370,24370,3675,24372.4,300,1350,13049700
NIFTY-I.NFO,08/05/2025,14:41:35,24370,24370,3300,24371.1,225,375,13049700
NIFTY-I.NFO,08/05/2025,14:41:37,24370,24370.1,75,24371.1,300,525,13049700
NIFTY-I.NFO,08/05/2025,14:41:39,24373,24373,1275,24373.9,225,5250,13049700
NIFTY-I.NFO,08/05/2025,14:41:40,24373.9,24373,1575,24374,75,150,13049700
NIFTY-I.NFO,08/05/2025,14:41:42,24373,24373,600,24374,150,675,13049700
NIFTY-I.NFO,08/05/2025,14:41:44,24373,24373,300,24374,150,300,13049700
NIFTY-I.NFO,08/05/2025,14:41:45,24372.1,24372.1,600,24374,225,675,13049700
NIFTY-I.NFO,08/05/2025,14:41:47,24371.1,24371.1,825,24371.2,150,825,13049700
NIFTY-I.NFO,08/05/2025,14:41:49,24371.2,24371.5,375,24373,225,525,13049700
NIFTY-I.NFO,08/05/2025,14:41:50,24374,24374,825,24375.6,75,1650,13049700
NIFTY-I.NFO,08/05/2025,14:41:52,24375,24374,300,24375.6,150,600,13049700
NIFTY-I.NFO,08/05/2025,14:41:54,24375,24374,300,24375.6,150,0,13049700
NIFTY-I.NFO,08/05/2025,14:41:55,24375.6,24375.6,75,24379.9,75,975,13049700
NIFTY-I.NFO,08/05/2025,14:41:57,24379.7,24375.2,150,24379.8,75,600,13049700
NIFTY-I.NFO,08/05/2025,14:41:59,24379.7,24375.2,150,24379.6,75,0,13049700
NIFTY-I.NFO,08/05/2025,14:42:00,24375,24375,150,24379.6,450,225,13049700
NIFTY-I.NFO,08/05/2025,14:42:02,24375,24375,150,24379.6,150,0,13049700
NIFTY-I.NFO,08/05/2025,14:42:04,24379.5,24375.1,150,24379.6,75,750,13049700
NIFTY-I.NFO,08/05/2025,14:42:05,24379.5,24375.1,150,24379.6,75,0,13049700
NIFTY-I.NFO,08/05/2025,14:42:07,24380.8,24375.6,75,24379.6,75,1275,13049700
NIFTY-I.NFO,08/05/2025,14:42:09,24379.5,24374.6,150,24379.5,75,975,13049700
NIFTY-I.NFO,08/05/2025,14:42:10,24379.5,24375.1,150,24380.7,75,75,13049700
NIFTY-I.NFO,08/05/2025,14:42:12,24375.6,24375.1,150,24380.6,750,75,13049700
NIFTY-I.NFO,08/05/2025,14:42:14,24380.5,24375.2,150,24380.6,375,825,13049700
NIFTY-I.NFO,08/05/2025,14:42:15,24379.9,24374.3,150,24379.9,75,825,13049700
NIFTY-I.NFO,08/05/2025,14:42:17,24374.3,24374.5,150,24379.9,150,675,13049700
NIFTY-I.NFO,08/05/2025,14:42:19,24375.6,24375.6,225,24379.5,375,525,13049700
NIFTY-I.NFO,08/05/2025,14:42:20,24379.5,24375.6,225,24378.8,300,75,13049700
NIFTY-I.NFO,08/05/2025,14:42:22,24379.5,24375.6,150,24378.8,75,0,13049700
NIFTY-I.NFO,08/05/2025,14:42:24,24379.1,24372,225,24377.5,75,525,13049700
NIFTY-I.NFO,08/05/2025,14:42:25,24379.1,24372.1,150,24377.2,75,0,13049700
NIFTY-I.NFO,08/05/2025,14:42:27,24379.1,24371.5,225,24376.5,75,0,13049700
NIFTY-I.NFO,08/05/2025,14:42:28,24379.1,24375.1,75,24376.5,525,0,13049700
NIFTY-I.NFO,08/05/2025,14:42:30,24379.1,24375.1,75,24376.2,375,0,13049700
NIFTY-I.NFO,08/05/2025,14:42:32,24375.1,24375,675,24375.7,75,75,13049700
NIFTY-I.NFO,08/05/2025,14:42:33,24376.3,24375,600,24376.5,375,300,13049700
NIFTY-I.NFO,08/05/2025,14:42:35,24375,24375,225,24376.1,75,2025,13049700
NIFTY-I.NFO,08/05/2025,14:42:37,24375,24375,150,24375.8,675,75,13049700
NIFTY-I.NFO,08/05/2025,14:42:38,24375.6,24375,75,24375.9,675,225,13049700
NIFTY-I.NFO,08/05/2025,14:42:40,24375.6,24375,75,24375.8,375,0,13049700
NIFTY-I.NFO,08/05/2025,14:42:42,24375,24372.1,150,24375.8,450,75,13049700
NIFTY-I.NFO,08/05/2025,14:42:43,24372.1,24372.1,225,24375,75,150,13049700
NIFTY-I.NFO,08/05/2025,14:42:45,24372.1,24372.5,75,24375,225,0,13049700
NIFTY-I.NFO,08/05/2025,14:42:47,24372.1,24372.7,150,24375,225,0,13049700
NIFTY-I.NFO,08/05/2025,14:42:48,24372.5,24372.3,75,24375,225,225,13049700
NIFTY-I.NFO,08/05/2025,14:42:50,24372.6,24372.7,150,24375,225,150,13049700
NIFTY-I.NFO,08/05/2025,14:42:52,24373,24373.4,150,24375,75,375,13049700
NIFTY-I.NFO,08/05/2025,14:42:53,24372.8,24373.3,150,24375,75,225,13049700
NIFTY-I.NFO,08/05/2025,14:42:55,24375.9,24373.3,150,24373.4,525,300,13049700
NIFTY-I.NFO,08/05/2025,14:42:57,24373.4,24372.1,75,24373.4,375,525,13049700
NIFTY-I.NFO,08/05/2025,14:42:58,24373.4,24372.8,1050,24373.4,225,525,13049700
NIFTY-I.NFO,08/05/2025,14:43:00,24372.8,24372.8,975,24373.4,300,75,13049700
NIFTY-I.NFO,08/05/2025,14:43:02,24372.8,24372.8,975,24373.4,300,0,13049700
NIFTY-I.NFO,08/05/2025,14:43:03,24373.4,24372.8,975,24373.4,225,75,13049700
NIFTY-I.NFO,08/05/2025,14:43:05,24373.2,24373,900,24373.4,225,75,13049700
NIFTY-I.NFO,08/05/2025,14:43:07,24373.2,24373,900,24373.4,225,0,13049700
NIFTY-I.NFO,08/05/2025,14:43:08,24373,24373,825,24373.4,225,150,13049700
NIFTY-I.NFO,08/05/2025,14:43:10,24372.8,24372.8,825,24373,150,1050,13049700
NIFTY-I.NFO,08/05/2025,14:43:12,24373.4,24372.8,825,24374.9,75,375,13057425
NIFTY-I.NFO,08/05/2025,14:43:13,24372.8,24372.8,750,24374.9,150,75,13057425
NIFTY-I.NFO,08/05/2025,14:43:15,24374.9,24374.9,75,24375,225,1125,13057425
NIFTY-I.NFO,08/05/2025,14:43:16,24375,24375,300,24375.2,75,2325,13057425
NIFTY-I.NFO,08/05/2025,14:43:18,24375,24375,300,24375.2,150,0,13057425
NIFTY-I.NFO,08/05/2025,14:43:20,24375,24375,150,24375.2,150,150,13057425
NIFTY-I.NFO,08/05/2025,14:43:22,24371.4,24371.1,450,24375.2,75,375,13057425
NIFTY-I.NFO,08/05/2025,14:43:23,24371.4,24371.5,225,24375,75,0,13057425
NIFTY-I.NFO,08/05/2025,14:43:25,24371,24371,150,24375,150,75,13057425
NIFTY-I.NFO,08/05/2025,14:43:27,24371,24371,150,24375,150,0,13057425
NIFTY-I.NFO,08/05/2025,14:43:28,24375,24370.6,75,24374.7,75,75,13057425
NIFTY-I.NFO,08/05/2025,14:43:30,24374.9,24371.1,75,24374.7,75,375,13057425
NIFTY-I.NFO,08/05/2025,14:43:32,24372,24372,1500,24374.7,150,150,13057425
NIFTY-I.NFO,08/05/2025,14:43:33,24372,24372,1500,24374.7,150,0,13057425
NIFTY-I.NFO,08/05/2025,14:43:35,24372,24371.5,75,24374.7,300,0,13057425
NIFTY-I.NFO,08/05/2025,14:43:36,24370.1,24371,450,24374,75,525,13057425
NIFTY-I.NFO,08/05/2025,14:43:38,24372.1,24372.1,75,24374,150,225,13057425
NIFTY-I.NFO,08/05/2025,14:43:40,24372.1,24372,1500,24374,150,75,13057425
NIFTY-I.NFO,08/05/2025,14:43:41,24374,24374,525,24374.5,600,750,13057425
NIFTY-I.NFO,08/05/2025,14:43:43,24374,24374,150,24374.1,375,375,13057425
NIFTY-I.NFO,08/05/2025,14:43:45,24374,24372,1050,24374,225,150,13057425
NIFTY-I.NFO,08/05/2025,14:43:46,24374,24372,1050,24374,75,0,13057425
NIFTY-I.NFO,08/05/2025,14:43:48,24372,24372,975,24374,375,75,13057425
NIFTY-I.NFO,08/05/2025,14:43:50,24373,24372,975,24373,75,600,13057425
NIFTY-I.NFO,08/05/2025,14:43:51,24372,24372.1,75,24373,150,600,13057425
NIFTY-I.NFO,08/05/2025,14:43:53,24373,24372.2,150,24373,75,75,13057425
NIFTY-I.NFO,08/05/2025,14:43:55,24373,24372.2,150,24373,75,0,13057425
NIFTY-I.NFO,08/05/2025,14:43:56,24373,24372.2,225,24373,150,0,13057425
NIFTY-I.NFO,08/05/2025,14:43:58,24373,24372.2,150,24373,150,0,13057425
NIFTY-I.NFO,08/05/2025,14:44:00,24373,24373,1050,24373.9,75,675,13057425
NIFTY-I.NFO,08/05/2025,14:44:01,24373.9,24372.1,150,24373.9,75,225,13057425
NIFTY-I.NFO,08/05/2025,14:44:03,24373.9,24372.1,150,24373.9,75,75,13057425
NIFTY-I.NFO,08/05/2025,14:44:05,24374.6,24372.1,75,24374.4,75,450,13057425
NIFTY-I.NFO,08/05/2025,14:44:06,24372,24370.1,150,24372,450,375,13057425
NIFTY-I.NFO,08/05/2025,14:44:08,24372,24372,300,24374.5,75,1800,13057425
NIFTY-I.NFO,08/05/2025,14:44:10,24372.1,24372.2,150,24374,150,825,13057425
NIFTY-I.NFO,08/05/2025,14:44:11,24373.2,24372.2,150,24373.5,150,75,13057425
NIFTY-I.NFO,08/05/2025,14:44:13,24372.2,24372.1,825,24372.2,150,1200,13057425
NIFTY-I.NFO,08/05/2025,14:44:15,24372.1,24372.1,75,24373,75,900,13057425
NIFTY-I.NFO,08/05/2025,14:44:16,24373,24373,600,24374.5,225,450,13057425
NIFTY-I.NFO,08/05/2025,14:44:18,24374.8,24374.8,975,24374.9,375,600,13057425
NIFTY-I.NFO,08/05/2025,14:44:20,24374.8,24374.8,825,24374.9,600,225,13057425
NIFTY-I.NFO,08/05/2025,14:44:21,24372.2,24372.2,150,24374.2,225,1050,13057425
NIFTY-I.NFO,08/05/2025,14:44:23,24374.1,24372.5,75,24374.2,75,225,13057425
NIFTY-I.NFO,08/05/2025,14:44:24,24371,24370.9,225,24371,2175,525,13057425
NIFTY-I.NFO,08/05/2025,14:44:26,24370.9,24370.2,150,24371,1950,300,13057425
NIFTY-I.NFO,08/05/2025,14:44:28,24370,24369.5,150,24370,300,450,13057425
NIFTY-I.NFO,08/05/2025,14:44:29,24370,24369.8,150,24370.9,75,375,13057425
NIFTY-I.NFO,08/05/2025,14:44:31,24369,24369,150,24370.9,150,1200,13057425
NIFTY-I.NFO,08/05/2025,14:44:33,24370.9,24370.1,150,24370.9,75,75,13057425
NIFTY-I.NFO,08/05/2025,14:44:34,24372.1,24371.2,75,24372.1,75,300,13057425
NIFTY-I.NFO,08/05/2025,14:44:36,24372.1,24371.3,75,24372.1,75,150,13057425
NIFTY-I.NFO,08/05/2025,14:44:38,24372.4,24372.4,150,24373,375,300,13057425
NIFTY-I.NFO,08/05/2025,14:44:39,24373,24373.2,75,24374,300,525,13057425
NIFTY-I.NFO,08/05/2025,14:44:41,24372.4,24372.4,75,24374,300,150,13057425
NIFTY-I.NFO,08/05/2025,14:44:43,24372.4,24372.2,75,24372.4,75,300,13057425
NIFTY-I.NFO,08/05/2025,14:44:44,24372.3,24372.2,150,24372.4,75,150,13057425
NIFTY-I.NFO,08/05/2025,14:44:46,24372.1,24370.1,150,24372.4,75,300,13057425
NIFTY-I.NFO,08/05/2025,14:44:48,24370.1,24370.1,375,24372.4,75,75,13057425
NIFTY-I.NFO,08/05/2025,14:44:49,24372.4,24372.4,1275,24373.9,225,750,13057425
NIFTY-I.NFO,08/05/2025,14:44:51,24372.4,24370.9,75,24373.9,75,1575,13057425
NIFTY-I.NFO,08/05/2025,14:44:53,24370.1,24370.6,150,24372.4,75,375,13057425
NIFTY-I.NFO,08/05/2025,14:44:54,24372.4,24370.6,75,24372.4,75,150,13057425
NIFTY-I.NFO,08/05/2025,14:44:56,24370.6,24370.3,450,24372.4,75,75,13057425
NIFTY-I.NFO,08/05/2025,14:44:58,24372,24370.3,150,24374.3,375,2325,13057425
NIFTY-I.NFO,08/05/2025,14:44:59,24373.2,24370.3,450,24373.8,75,300,13057425
NIFTY-I.NFO,08/05/2025,14:45:01,24372.4,24372.4,150,24373.8,150,150,13057425
NIFTY-I.NFO,08/05/2025,14:45:02,24370,24370,300,24373.6,75,525,13057425
NIFTY-I.NFO,08/05/2025,14:45:04,24373.6,24370.6,525,24373.4,75,375,13057425
NIFTY-I.NFO,08/05/2025,14:45:06,24373.6,24370.2,225,24373.1,75,0,13057425
NIFTY-I.NFO,08/05/2025,14:45:07,24370.2,24370.2,75,24373.1,150,75,13057425
NIFTY-I.NFO,08/05/2025,14:45:09,24370.2,24370.2,150,24373.1,75,225,13057425
NIFTY-I.NFO,08/05/2025,14:45:11,24373.2,24370.4,150,24372.9,75,375,13057425
NIFTY-I.NFO,08/05/2025,14:45:12,24372.9,24370.4,150,24372.7,75,75,13057425
NIFTY-I.NFO,08/05/2025,14:45:14,24370.4,24370.4,150,24372.7,150,150,13057425
NIFTY-I.NFO,08/05/2025,14:45:16,24370.4,24370.4,75,24370.6,75,75,13057425
NIFTY-I.NFO,08/05/2025,14:45:17,24370.6,24370.4,75,24373.3,75,450,13057425
NIFTY-I.NFO,08/05/2025,14:45:19,24373.3,24371.1,150,24373.2,225,300,13057425
NIFTY-I.NFO,08/05/2025,14:45:20,24371,24370.3,75,24373.2,375,225,13057425
NIFTY-I.NFO,08/05/2025,14:45:22,24372,24370.2,75,24373.2,375,75,13057425
NIFTY-I.NFO,08/05/2025,14:45:24,24372,24370.3,75,24371.1,75,0,13057425
NIFTY-I.NFO,08/05/2025,14:45:25,24371.1,24370.3,75,24373.2,300,300,13057425
NIFTY-I.NFO,08/05/2025,14:45:27,24371.1,24371.3,75,24373,75,0,13057425
NIFTY-I.NFO,08/05/2025,14:45:29,24370.3,24370.2,75,24373,150,225,13057425
NIFTY-I.NFO,08/05/2025,14:45:30,24370.3,24370.3,150,24371.1,150,0,13057425
NIFTY-I.NFO,08/05/2025,14:45:32,24371.1,24370.1,150,24371.1,75,1650,13057425
NIFTY-I.NFO,08/05/2025,14:45:34,24371.1,24370.1,150,24371,150,0,13057425
NIFTY-I.NFO,08/05/2025,14:45:35,24371.1,24370.1,150,24371,225,0,13057425
NIFTY-I.NFO,08/05/2025,14:45:37,24371,24370.3,75,24371,150,150,13057425
NIFTY-I.NFO,08/05/2025,14:45:38,24370.9,24370.3,75,24370.9,75,75,13057425
NIFTY-I.NFO,08/05/2025,14:45:40,24370.9,24370.3,75,24370.8,75,75,13057425
NIFTY-I.NFO,08/05/2025,14:45:42,24370.8,24370.5,75,24371,150,150,13057425
NIFTY-I.NFO,08/05/2025,14:45:43,24371,24370.5,75,24371,75,300,13057425
NIFTY-I.NFO,08/05/2025,14:45:45,24370,24368.7,375,24370.9,75,375,13057425
NIFTY-I.NFO,08/05/2025,14:45:47,24369,24368,75,24374,375,2925,13057425
NIFTY-I.NFO,08/05/2025,14:45:48,24370,24368.7,150,24370.9,150,75,13057425
NIFTY-I.NFO,08/05/2025,14:45:50,24368.7,24368.4,300,24370.3,75,225,13057425
NIFTY-I.NFO,08/05/2025,14:45:51,24368.4,24368.1,300,24370.3,150,150,13057425
NIFTY-I.NFO,08/05/2025,14:45:53,24370.3,24370.3,375,24370.9,75,1425,13057425
NIFTY-I.NFO,08/05/2025,14:45:55,24370.3,24370.3,225,24370.9,150,150,13057425
NIFTY-I.NFO,08/05/2025,14:45:56,24367,24367,150,24367.1,450,2550,13057425
NIFTY-I.NFO,08/05/2025,14:45:58,24367.1,24367,75,24367.1,150,375,13057425
NIFTY-I.NFO,08/05/2025,14:46:00,24367.1,24366.9,75,24367.1,75,150,13057425
NIFTY-I.NFO,08/05/2025,14:46:01,24366.9,24366.8,150,24367.1,75,150,13057425
NIFTY-I.NFO,08/05/2025,14:46:03,24366,24365.1,75,24367.1,75,600,13057425
NIFTY-I.NFO,08/05/2025,14:46:05,24365.1,24365.1,300,24367,150,1950,13057425
NIFTY-I.NFO,08/05/2025,14:46:06,24365.1,24365.1,975,24366.9,150,1425,13057425
NIFTY-I.NFO,08/05/2025,14:46:08,24365.1,24363.9,600,24366.5,150,1050,13057425
NIFTY-I.NFO,08/05/2025,14:46:10,24363.9,24363.9,525,24367.6,150,1725,13057425
NIFTY-I.NFO,08/05/2025,14:46:11,24363.8,24363.8,675,24366.6,150,825,13057425
NIFTY-I.NFO,08/05/2025,14:46:13,24363.9,24363.9,1125,24366.5,225,1050,13070475
NIFTY-I.NFO,08/05/2025,14:46:14,24363.8,24363.8,225,24366.5,225,1425,13070475
NIFTY-I.NFO,08/05/2025,14:46:16,24363.8,24363.8,225,24363.9,150,0,13070475
NIFTY-I.NFO,08/05/2025,14:46:18,24363.8,24363.8,300,24363.9,300,0,13070475
NIFTY-I.NFO,08/05/2025,14:46:19,24367.3,24363.7,750,24363.9,75,2625,13070475
NIFTY-I.NFO,08/05/2025,14:46:21,24363.5,24363.5,300,24365.1,75,3600,13070475
NIFTY-I.NFO,08/05/2025,14:46:22,24364.8,24363.5,150,24364.8,225,300,13070475
NIFTY-I.NFO,08/05/2025,14:46:24,24363.4,24363.4,675,24364.8,75,450,13070475
NIFTY-I.NFO,08/05/2025,14:46:26,24363.2,24363.2,375,24363.4,225,2250,13070475
NIFTY-I.NFO,08/05/2025,14:46:27,24363.4,24363.4,750,24363.5,150,675,13070475
NIFTY-I.NFO,08/05/2025,14:46:29,24363.1,24363.1,900,24363.5,75,975,13070475
NIFTY-I.NFO,08/05/2025,14:46:31,24363.1,24363.1,150,24363.3,225,750,13070475
NIFTY-I.NFO,08/05/2025,14:46:32,24363,24363,750,24363.3,300,525,13070475
NIFTY-I.NFO,08/05/2025,14:46:34,24363.1,24362.8,450,24363.4,150,3975,13070475
NIFTY-I.NFO,08/05/2025,14:46:36,24362.5,24362.5,1350,24363.3,1125,3600,13070475
NIFTY-I.NFO,08/05/2025,14:46:37,24363.5,24363.5,450,24363.7,75,2400,13070475
NIFTY-I.NFO,08/05/2025,14:46:39,24362.5,24362.5,600,24363.6,225,600,13070475
NIFTY-I.NFO,08/05/2025,14:46:41,24362,24362,1200,24363,1050,6300,13070475
NIFTY-I.NFO,08/05/2025,14:46:42,24362,24362,1050,24362.8,225,300,13070475
NIFTY-I.NFO,08/05/2025,14:46:44,24362.3,24362.3,975,24362.7,300,4875,13070475
NIFTY-I.NFO,08/05/2025,14:46:46,24360.2,24360.2,750,24360.3,150,4425,13070475
NIFTY-I.NFO,08/05/2025,14:46:47,24360.2,24360.2,600,24361,225,300,13070475
NIFTY-I.NFO,08/05/2025,14:46:49,24360.1,24360.1,600,24360.2,75,1950,13070475
NIFTY-I.NFO,08/05/2025,14:46:51,24360,24360,1425,24360.1,75,1500,13070475
NIFTY-I.NFO,08/05/2025,14:46:52,24360,24359.2,150,24360.1,75,1650,13070475
NIFTY-I.NFO,08/05/2025,14:46:54,24360.1,24360.1,675,24360.2,225,600,13070475
NIFTY-I.NFO,08/05/2025,14:46:56,24360,24359.2,150,24359.7,375,2550,13070475
NIFTY-I.NFO,08/05/2025,14:46:57,24359,24359.1,75,24360,75,900,13070475
NIFTY-I.NFO,08/05/2025,14:46:59,24359,24359,1200,24359.4,150,375,13070475
NIFTY-I.NFO,08/05/2025,14:47:01,24359,24358.7,1800,24359,75,2100,13070475
NIFTY-I.NFO,08/05/2025,14:47:02,24359,24358.7,825,24359.5,750,1575,13070475
NIFTY-I.NFO,08/05/2025,14:47:04,24359,24359,1350,24359.5,150,1350,13070475
NIFTY-I.NFO,08/05/2025,14:47:05,24359,24359,375,24359.4,150,1950,13070475
NIFTY-I.NFO,08/05/2025,14:47:07,24359,24358.5,1425,24359,75,375,13070475
NIFTY-I.NFO,08/05/2025,14:47:09,24359,24358.5,975,24359,75,750,13070475
NIFTY-I.NFO,08/05/2025,14:47:10,24358.6,24358.6,75,24359,75,150,13070475
NIFTY-I.NFO,08/05/2025,14:47:12,24359.8,24359,750,24360.5,75,5100,13070475
NIFTY-I.NFO,08/05/2025,14:47:14,24359,24359,525,24359.1,75,300,13070475
NIFTY-I.NFO,08/05/2025,14:47:15,24358.5,24358.6,75,24361.1,75,525,13070475
NIFTY-I.NFO,08/05/2025,14:47:17,24359,24358.3,75,24360,75,450,13070475
NIFTY-I.NFO,08/05/2025,14:47:19,24362.3,24359,75,24361.6,150,2925,13070475
NIFTY-I.NFO,08/05/2025,14:47:20,24360.9,24358.2,75,24359,1050,150,13070475
NIFTY-I.NFO,08/05/2025,14:47:22,24359,24358.2,75,24359,825,225,13070475
NIFTY-I.NFO,08/05/2025,14:47:24,24359,24358,1125,24360,75,2025,13070475
NIFTY-I.NFO,08/05/2025,14:47:25,24358,24358,750,24358.2,150,375,13070475
NIFTY-I.NFO,08/05/2025,14:47:27,24358.2,24358,525,24358.2,150,300,13070475
NIFTY-I.NFO,08/05/2025,14:47:29,24358,24358,150,24358.2,75,450,13070475
NIFTY-I.NFO,08/05/2025,14:47:30,24357.5,24357.5,1500,24359.7,75,825,13070475
NIFTY-I.NFO,08/05/2025,14:47:32,24358.9,24357.5,1500,24358.9,75,75,13070475
NIFTY-I.NFO,08/05/2025,14:47:34,24358,24358,1200,24358.2,75,375,13070475
NIFTY-I.NFO,08/05/2025,14:47:35,24358,24358.1,75,24358.2,75,300,13070475
NIFTY-I.NFO,08/05/2025,14:47:37,24358,24357.5,1425,24358,1350,225,13070475
NIFTY-I.NFO,08/05/2025,14:47:39,24357.5,24357.5,975,24357.6,150,675,13070475
NIFTY-I.NFO,08/05/2025,14:47:40,24357,24357,375,24357.4,75,3975,13070475
NIFTY-I.NFO,08/05/2025,14:47:42,24356.6,24356.3,1050,24356.7,150,3150,13070475
NIFTY-I.NFO,08/05/2025,14:47:44,24356.3,24356.3,525,24356.7,75,600,13070475
NIFTY-I.NFO,08/05/2025,14:47:45,24356.3,24356.2,1725,24356.7,75,600,13070475
NIFTY-I.NFO,08/05/2025,14:47:47,24356.2,24356.2,1800,24358,225,450,13070475
NIFTY-I.NFO,08/05/2025,14:47:49,24358,24356.7,75,24358,75,375,13070475
NIFTY-I.NFO,08/05/2025,14:47:50,24358,24356.7,75,24358,75,0,13070475
NIFTY-I.NFO,08/05/2025,14:47:52,24358,24356.7,75,24358.1,375,75,13070475
NIFTY-I.NFO,08/05/2025,14:47:54,24356.7,24356.2,375,24359,75,1650,13070475
NIFTY-I.NFO,08/05/2025,14:47:55,24356.7,24356.2,300,24356.7,450,75,13070475
NIFTY-I.NFO,08/05/2025,14:47:57,24358.5,24358.1,300,24358.5,300,825,13070475
NIFTY-I.NFO,08/05/2025,14:47:59,24358.5,24356.2,1125,24358.5,375,1125,13070475
NIFTY-I.NFO,08/05/2025,14:48:00,24356.2,24356.7,150,24358.1,525,150,13070475
NIFTY-I.NFO,08/05/2025,14:48:02,24356.1,24356.1,75,24356.2,525,300,13070475
NIFTY-I.NFO,08/05/2025,14:48:04,24356.7,24356.1,75,24358,75,750,13070475
NIFTY-I.NFO,08/05/2025,14:48:05,24358.1,24356.2,75,24358.1,1875,1500,13070475
NIFTY-I.NFO,08/05/2025,14:48:07,24358.8,24356.1,75,24358,75,6600,13070475
NIFTY-I.NFO,08/05/2025,14:48:09,24355.9,24355.8,450,24358,75,900,13070475
NIFTY-I.NFO,08/05/2025,14:48:10,24359.4,24356,225,24359.4,1050,225,13070475
NIFTY-I.NFO,08/05/2025,14:48:12,24356,24355.6,1050,24358.9,150,150,13070475
NIFTY-I.NFO,08/05/2025,14:48:14,24358.6,24355.7,75,24358.9,75,300,13070475
NIFTY-I.NFO,08/05/2025,14:48:15,24357,24355.7,450,24358.9,75,300,13070475
NIFTY-I.NFO,08/05/2025,14:48:17,24359.4,24355.8,75,24359.4,975,675,13070475
NIFTY-I.NFO,08/05/2025,14:48:18,24355.8,24355.6,750,24357.8,375,150,13070475
NIFTY-I.NFO,08/05/2025,14:48:20,24358.9,24355.4,3150,24359,225,6000,13070475
NIFTY-I.NFO,08/05/2025,14:48:22,24355.4,24356.4,75,24358.6,75,75,13070475
NIFTY-I.NFO,08/05/2025,14:48:23,24358.8,24355.4,3000,24359,675,525,13070475
NIFTY-I.NFO,08/05/2025,14:48:25,24358.2,24355.4,2625,24358,375,1050,13070475
NIFTY-I.NFO,08/05/2025,14:48:27,24357.9,24357.9,525,24358.2,375,3375,13070475
NIFTY-I.NFO,08/05/2025,14:48:28,24357.9,24355.5,75,24358.2,600,525,13070475
NIFTY-I.NFO,08/05/2025,14:48:30,24357.4,24355.6,75,24357.1,75,75,13070475
NIFTY-I.NFO,08/05/2025,14:48:32,24355.4,24355.4,375,24355.5,300,225,13070475
NIFTY-I.NFO,08/05/2025,14:48:33,24355.2,24355.2,1425,24355.5,300,1800,13070475
NIFTY-I.NFO,08/05/2025,14:48:35,24355.5,24355.2,1125,24355.5,75,525,13070475
NIFTY-I.NFO,08/05/2025,14:48:37,24355.2,24355.2,1050,24355.5,75,150,13070475
NIFTY-I.NFO,08/05/2025,14:48:38,24355.2,24355.3,75,24355.4,525,75,13070475
NIFTY-I.NFO,08/05/2025,14:48:40,24355.4,24355.3,75,24355.4,375,150,13070475
NIFTY-I.NFO,08/05/2025,14:48:42,24355.3,24355.3,1275,24355.4,225,450,13070475
NIFTY-I.NFO,08/05/2025,14:48:43,24355.3,24355.3,1275,24355.4,300,75,13070475
NIFTY-I.NFO,08/05/2025,14:48:45,24355.3,24355.3,825,24355.4,300,450,13070475
NIFTY-I.NFO,08/05/2025,14:48:46,24355.3,24355.3,825,24355.4,75,375,13070475
NIFTY-I.NFO,08/05/2025,14:48:48,24356.1,24356.1,75,24357,75,150,13070475
NIFTY-I.NFO,08/05/2025,14:48:50,24356.1,24356,675,24357.2,375,300,13070475
NIFTY-I.NFO,08/05/2025,14:48:51,24357.1,24355.5,75,24357.4,150,750,13070475
NIFTY-I.NFO,08/05/2025,14:48:53,24357,24355.4,375,24357,150,450,13070475
NIFTY-I.NFO,08/05/2025,14:48:55,24356.7,24355.4,375,24356,150,75,13070475
NIFTY-I.NFO,08/05/2025,14:48:56,24350,24350,975,24351,3675,34875,13070475
NIFTY-I.NFO,08/05/2025,14:48:56,24350,24350,975,24351,3675,0,13070475
NIFTY-I.NFO,08/05/2025,14:48:58,24345.1,24345.1,75,24345.7,75,17925,13070475
NIFTY-I.NFO,08/05/2025,14:48:58,24341.7,24345.1,75,24345.7,75,0,13070475
NIFTY-I.NFO,08/05/2025,14:49:00,24349,24348,450,24349,675,19800,13070475
NIFTY-I.NFO,08/05/2025,14:49:00,24340,24348,450,24349,675,0,13070475
NIFTY-I.NFO,08/05/2025,14:49:01,24348.4,24348.4,375,24348.5,375,3300,13070475
NIFTY-I.NFO,08/05/2025,14:49:03,24347.2,24347.2,450,24347.3,225,7125,13070475
NIFTY-I.NFO,08/05/2025,14:49:05,24346.1,24340.1,150,24346.1,75,4350,13070475
NIFTY-I.NFO,08/05/2025,14:49:06,24346.1,24340.1,75,24347.3,150,4650,13070475
NIFTY-I.NFO,08/05/2025,14:49:08,24342.1,24342.1,600,24346.5,150,1425,13070475
NIFTY-I.NFO,08/05/2025,14:49:10,24341,24340.6,75,24346.8,375,3000,13070475
NIFTY-I.NFO,08/05/2025,14:49:11,24346.5,24340.2,150,24346.5,150,3600,13070475
NIFTY-I.NFO,08/05/2025,14:49:13,24340.1,24337.3,150,24340.1,150,7125,13087575
NIFTY-I.NFO,08/05/2025,14:49:13,24337,24337.3,150,24340.1,150,0,13087575
NIFTY-I.NFO,08/05/2025,14:49:15,24345.2,24340,75,24345.2,150,5175,13087575
NIFTY-I.NFO,08/05/2025,14:49:15,24336,24340,75,24345.2,150,0,13087575
NIFTY-I.NFO,08/05/2025,14:49:16,24340.2,24340.2,150,24343.9,150,1650,13087575
NIFTY-I.NFO,08/05/2025,14:49:18,24344.8,24339.1,150,24344.8,75,2625,13087575
NIFTY-I.NFO,08/05/2025,14:49:20,24344.6,24341.1,300,24344.8,150,1950,13087575
NIFTY-I.NFO,08/05/2025,14:49:21,24341.6,24341.9,225,24345.2,75,2250,13087575
NIFTY-I.NFO,08/05/2025,14:49:23,24345.9,24345.8,225,24346.6,75,1050,13087575
NIFTY-I.NFO,08/05/2025,14:49:25,24346.8,24342.6,300,24347.2,150,2925,13087575
NIFTY-I.NFO,08/05/2025,14:49:26,24347.7,24342.3,75,24345,75,2850,13087575
NIFTY-I.NFO,08/05/2025,14:49:28,24347.3,24344.1,225,24347.1,300,2550,13087575
NIFTY-I.NFO,08/05/2025,14:49:30,24346.6,24345.8,150,24346.9,75,900,13087575
NIFTY-I.NFO,08/05/2025,14:49:31,24347.9,24347.7,825,24347.9,75,1350,13087575
NIFTY-I.NFO,08/05/2025,14:49:33,24348,24347.9,525,24348,75,450,13087575
NIFTY-I.NFO,08/05/2025,14:49:35,24347.9,24344.5,150,24348.3,75,600,13087575
NIFTY-I.NFO,08/05/2025,14:49:36,24348,24348,375,24348.3,225,1500,13087575
NIFTY-I.NFO,08/05/2025,14:49:38,24348,24348,375,24348.3,150,225,13087575
NIFTY-I.NFO,08/05/2025,14:49:40,24348.4,24347.9,150,24348.5,150,1275,13087575
NIFTY-I.NFO,08/05/2025,14:49:41,24345.8,24345.2,75,24345.8,2625,1425,13087575
NIFTY-I.NFO,08/05/2025,14:49:43,24345.8,24345.2,2700,24345.8,2325,300,13087575
NIFTY-I.NFO,08/05/2025,14:49:45,24345.8,24344.4,150,24345.8,900,5700,13087575
NIFTY-I.NFO,08/05/2025,14:49:46,24345.8,24345.3,150,24345.8,375,1575,13087575
NIFTY-I.NFO,08/05/2025,14:49:48,24345.3,24345.1,75,24345.3,675,3225,13087575
NIFTY-I.NFO,08/05/2025,14:49:50,24345.3,24345.2,150,24345.3,900,600,13087575
NIFTY-I.NFO,08/05/2025,14:49:51,24345.1,24345.1,150,24345.2,750,1200,13087575
NIFTY-I.NFO,08/05/2025,14:49:53,24345.1,24345.1,150,24345.2,300,675,13087575
NIFTY-I.NFO,08/05/2025,14:49:55,24345.2,24345.2,825,24345.8,525,3525,13087575
NIFTY-I.NFO,08/05/2025,14:49:56,24345.8,24342.9,150,24345.1,1725,1275,13087575
NIFTY-I.NFO,08/05/2025,14:49:58,24345,24342.9,150,24345,225,75,13087575
NIFTY-I.NFO,08/05/2025,14:50:00,24345.1,24343,75,24345.1,1500,975,13087575
NIFTY-I.NFO,08/05/2025,14:50:01,24341.9,24341.8,300,24344.2,75,3825,13087575
NIFTY-I.NFO,08/05/2025,14:50:03,24341.2,24340.2,150,24342.6,150,1425,13087575
NIFTY-I.NFO,08/05/2025,14:50:05,24340,24340,225,24341.9,75,2550,13087575
NIFTY-I.NFO,08/05/2025,14:50:06,24337.9,24337.9,75,24341.6,225,1950,13087575
NIFTY-I.NFO,08/05/2025,14:50:08,24340,24336.5,150,24340,225,2250,13087575
NIFTY-I.NFO,08/05/2025,14:50:10,24340,24336.1,75,24340,75,4650,13087575
NIFTY-I.NFO,08/05/2025,14:50:11,24340.3,24336.1,75,24340.3,750,3975,13087575
NIFTY-I.NFO,08/05/2025,14:50:11,24333,24336.1,75,24340.3,750,0,13087575
NIFTY-I.NFO,08/05/2025,14:50:13,24336.2,24336.2,75,24340,1425,6150,13087575
NIFTY-I.NFO,08/05/2025,14:50:14,24336.4,24336.4,150,24338,150,375,13087575
NIFTY-I.NFO,08/05/2025,14:50:16,24339,24333.4,150,24339.1,150,8175,13087575
NIFTY-I.NFO,08/05/2025,14:50:16,24331.6,24333.4,150,24339.1,150,0,13087575
NIFTY-I.NFO,08/05/2025,14:50:18,24336.2,24336.1,750,24336.6,375,2175,13087575
NIFTY-I.NFO,08/05/2025,14:50:19,24336.6,24335.1,75,24336.6,225,525,13087575
NIFTY-I.NFO,08/05/2025,14:50:21,24335,24335,675,24335.1,75,3450,13087575
NIFTY-I.NFO,08/05/2025,14:50:23,24335,24333.8,150,24335.8,75,900,13087575
NIFTY-I.NFO,08/05/2025,14:50:24,24331.1,24331,525,24332.2,375,1800,13087575
NIFTY-I.NFO,08/05/2025,14:50:24,24331,24331,525,24332.2,375,0,13087575
NIFTY-I.NFO,08/05/2025,14:50:26,24331.6,24330.2,75,24331.7,75,2100,13087575
NIFTY-I.NFO,08/05/2025,14:50:26,24330.1,24330.2,75,24331.7,75,0,13087575
NIFTY-I.NFO,08/05/2025,14:50:28,24331.4,24330.2,225,24332,375,8850,13087575
NIFTY-I.NFO,08/05/2025,14:50:29,24330.1,24330.1,75,24331.6,150,3375,13087575
NIFTY-I.NFO,08/05/2025,14:50:29,24330,24330.1,75,24331.6,150,0,13087575
NIFTY-I.NFO,08/05/2025,14:50:31,24330,24330.1,150,24331.7,300,1800,13087575
NIFTY-I.NFO,08/05/2025,14:50:33,24330,24330,3375,24330.4,300,3150,13087575
NIFTY-I.NFO,08/05/2025,14:50:34,24326.2,24326.2,450,24328,75,4800,13087575
NIFTY-I.NFO,08/05/2025,14:50:34,24326.2,24326.2,450,24328,75,0,13087575
NIFTY-I.NFO,08/05/2025,14:50:36,24326.3,24326.3,150,24326.4,150,7200,13087575
NIFTY-I.NFO,08/05/2025,14:50:36,24326.1,24326.3,150,24326.4,150,0,13087575
NIFTY-I.NFO,08/05/2025,14:50:37,24326.6,24325.1,825,24326.6,450,5850,13087575
NIFTY-I.NFO,08/05/2025,14:50:37,24325.1,24325.1,825,24326.6,450,0,13087575
NIFTY-I.NFO,08/05/2025,14:50:39,24325.3,24325.2,75,24325.3,150,2175,13087575
NIFTY-I.NFO,08/05/2025,14:50:39,24325,24325.2,75,24325.3,150,0,13087575
NIFTY-I.NFO,08/05/2025,14:50:41,24324.6,24324.3,825,24324.6,225,6150,13087575
NIFTY-I.NFO,08/05/2025,14:50:41,24324,24324.3,825,24324.6,225,0,13087575
NIFTY-I.NFO,08/05/2025,14:50:42,24324,24322.7,150,24324.3,750,2325,13087575
NIFTY-I.NFO,08/05/2025,14:50:44,24322.3,24322.3,75,24323.7,150,5400,13087575
NIFTY-I.NFO,08/05/2025,14:50:44,24322,24322.3,75,24323.7,150,0,13087575
NIFTY-I.NFO,08/05/2025,14:50:46,24323.9,24320.6,150,24323.9,75,3075,13087575
NIFTY-I.NFO,08/05/2025,14:50:46,24320.6,24320.6,150,24323.9,75,0,13087575
NIFTY-I.NFO,08/05/2025,14:50:47,24324,24324,1200,24324.2,750,8400,13087575
NIFTY-I.NFO,08/05/2025,14:50:47,24320,24324,1200,24324.2,750,0,13087575
NIFTY-I.NFO,08/05/2025,14:50:49,24320.3,24320.5,75,24324.2,225,1800,13087575
NIFTY-I.NFO,08/05/2025,14:50:51,24324.2,24324.2,600,24324.8,75,825,13087575
NIFTY-I.NFO,08/05/2025,14:50:52,24328.2,24328.1,75,24328.3,75,3900,13087575
NIFTY-I.NFO,08/05/2025,14:50:54,24329.8,24329.1,75,24331.3,150,9000,13087575
NIFTY-I.NFO,08/05/2025,14:50:56,24334,24333.2,600,24334.2,150,4050,13087575
NIFTY-I.NFO,08/05/2025,14:50:57,24333.8,24333.8,525,24334.2,225,3525,13087575
NIFTY-I.NFO,08/05/2025,14:50:59,24332,24332,1275,24334.5,75,1650,13087575
NIFTY-I.NFO,08/05/2025,14:51:00,24332.2,24332,300,24332.2,150,2550,13087575
NIFTY-I.NFO,08/05/2025,14:51:02,24332,24330,75,24332,525,825,13087575
NIFTY-I.NFO,08/05/2025,14:51:04,24332,24326.8,75,24330,75,375,13087575
NIFTY-I.NFO,08/05/2025,14:51:05,24330,24327.6,75,24330,75,225,13087575
NIFTY-I.NFO,08/05/2025,14:51:07,24330,24327.5,75,24331.1,375,1575,13087575
NIFTY-I.NFO,08/05/2025,14:51:09,24326,24327,75,24327.5,75,675,13087575
NIFTY-I.NFO,08/05/2025,14:51:10,24324.2,24324,225,24324.2,1050,8025,13087575
NIFTY-I.NFO,08/05/2025,14:51:12,24324.2,24322.8,75,24324.2,825,1650,13087575
NIFTY-I.NFO,08/05/2025,14:51:14,24324.2,24322.8,150,24324.2,375,600,13087575
NIFTY-I.NFO,08/05/2025,14:51:15,24324,24324,825,24324.2,150,1650,13087575
NIFTY-I.NFO,08/05/2025,14:51:17,24324.2,24322,150,24324.2,225,1425,13087575
NIFTY-I.NFO,08/05/2025,14:51:19,24322,24321.1,75,24322,375,900,13087575
NIFTY-I.NFO,08/05/2025,14:51:20,24323,24320.1,150,24323.6,300,3600,13087575
NIFTY-I.NFO,08/05/2025,14:51:22,24322.3,24320.7,150,24322.3,900,1650,13087575
NIFTY-I.NFO,08/05/2025,14:51:24,24322.6,24322.7,75,24323,75,1575,13087575
NIFTY-I.NFO,08/05/2025,14:51:25,24323,24322.8,75,24323.6,75,750,13087575
NIFTY-I.NFO,08/05/2025,14:51:27,24323.7,24323.6,75,24323.9,150,825,13087575
NIFTY-I.NFO,08/05/2025,14:51:29,24324.2,24324.2,300,24324.5,375,3975,13087575
NIFTY-I.NFO,08/05/2025,14:51:30,24323,24321.4,150,24324.8,225,525,13087575
NIFTY-I.NFO,08/05/2025,14:51:32,24323,24323,225,24324.2,150,975,13087575
NIFTY-I.NFO,08/05/2025,14:51:34,24324.5,24323.2,75,24324.6,450,4650,13087575
NIFTY-I.NFO,08/05/2025,14:51:35,24323,24320.1,150,24323.7,75,1125,13087575
NIFTY-I.NFO,08/05/2025,14:51:37,24324.5,24320.1,150,24324.9,75,600,13087575
NIFTY-I.NFO,08/05/2025,14:51:39,24325,24319.6,150,24324.9,600,2250,13087575
NIFTY-I.NFO,08/05/2025,14:51:40,24319.6,24320.3,600,24324.8,150,1800,13087575
NIFTY-I.NFO,08/05/2025,14:51:40,24316.1,24320.3,600,24324.8,150,0,13087575
NIFTY-I.NFO,08/05/2025,14:51:42,24325,24320.3,150,24325,2325,2775,13087575
NIFTY-I.NFO,08/05/2025,14:51:44,24321,24321,75,24324.4,450,375,13087575
NIFTY-I.NFO,08/05/2025,14:51:45,24321.2,24321.1,75,24324.4,75,300,13087575
NIFTY-I.NFO,08/05/2025,14:51:47,24324.6,24321.1,75,24324.6,150,2625,13087575
NIFTY-I.NFO,08/05/2025,14:51:49,24321,24320.3,75,24323.1,75,2775,13087575
NIFTY-I.NFO,08/05/2025,14:51:50,24324.1,24320.4,75,24324.1,150,825,13087575
NIFTY-I.NFO,08/05/2025,14:51:52,24320.3,24320.2,75,24320.3,450,3300,13087575
NIFTY-I.NFO,08/05/2025,14:51:54,24320.4,24321.1,225,24323,75,1875,13087575
NIFTY-I.NFO,08/05/2025,14:51:55,24320.1,24320,1275,24323,75,3600,13087575
NIFTY-I.NFO,08/05/2025,14:51:57,24323.8,24323.8,150,24324.1,450,2775,13087575
NIFTY-I.NFO,08/05/2025,14:51:59,24321.2,24321.1,150,24324.2,375,1275,13087575
NIFTY-I.NFO,08/05/2025,14:52:00,24323.9,24320.5,225,24323.9,1050,3300,13087575
NIFTY-I.NFO,08/05/2025,14:52:02,24322.6,24320,825,24322.6,225,1350,13087575
NIFTY-I.NFO,08/05/2025,14:52:04,24320.1,24320,825,24320.5,150,1125,13087575
NIFTY-I.NFO,08/05/2025,14:52:05,24318,24317.2,75,24318.8,75,2025,13087575
NIFTY-I.NFO,08/05/2025,14:52:07,24317,24317,450,24317.1,75,1650,13087575
NIFTY-I.NFO,08/05/2025,14:52:09,24317.1,24315.1,225,24317.1,75,1500,13087575
NIFTY-I.NFO,08/05/2025,14:52:09,24315.2,24315.1,225,24317.1,75,0,13087575
NIFTY-I.NFO,08/05/2025,14:52:10,24315.9,24315.9,600,24317.1,75,3300,13087575
NIFTY-I.NFO,08/05/2025,14:52:10,24315,24315.9,600,24317.1,75,0,13087575
NIFTY-I.NFO,08/05/2025,14:52:12,24313,24311.4,750,24313,2025,2700,13087575
NIFTY-I.NFO,08/05/2025,14:52:12,24311.1,24311.4,750,24313,2025,0,13087575
NIFTY-I.NFO,08/05/2025,14:52:14,24312.3,24307.2,300,24314.1,150,22200,13107000
NIFTY-I.NFO,08/05/2025,14:52:14,24304.3,24307.2,300,24314.1,150,0,13107000
NIFTY-I.NFO,08/05/2025,14:52:15,24310,24308.1,150,24310,525,7125,13107000
NIFTY-I.NFO,08/05/2025,14:52:17,24304.8,24304.2,150,24309.2,75,1200,13107000
NIFTY-I.NFO,08/05/2025,14:52:17,24304.1,24304.2,150,24309.2,75,0,13107000
NIFTY-I.NFO,08/05/2025,14:52:19,24307.4,24304.7,75,24307.6,150,3375,13107000
NIFTY-I.NFO,08/05/2025,14:52:19,24303.2,24304.7,75,24307.6,150,0,13107000
NIFTY-I.NFO,08/05/2025,14:52:20,24304.2,24304.2,450,24304.5,150,750,13107000
NIFTY-I.NFO,08/05/2025,14:52:22,24302.5,24302.5,450,24303.4,150,2925,13107000
NIFTY-I.NFO,08/05/2025,14:52:22,24302.5,24302.5,450,24303.4,150,0,13107000
NIFTY-I.NFO,08/05/2025,14:52:24,24301.5,24301.3,150,24303.2,225,5400,13107000
NIFTY-I.NFO,08/05/2025,14:52:24,24301.5,24301.3,150,24303.2,225,0,13107000
NIFTY-I.NFO,08/05/2025,14:52:25,24301.2,24301.1,75,24301.2,150,3825,13107000
NIFTY-I.NFO,08/05/2025,14:52:25,24301,24301.1,75,24301.2,150,0,13107000
NIFTY-I.NFO,08/05/2025,14:52:27,24300,24300,10650,24301,750,17775,13107000
NIFTY-I.NFO,08/05/2025,14:52:27,24300,24300,10650,24301,750,0,13107000
NIFTY-I.NFO,08/05/2025,14:52:29,24301.5,24301.1,75,24302.1,75,4200,13107000
NIFTY-I.NFO,08/05/2025,14:52:30,24302,24300.6,150,24302,300,5850,13107000
NIFTY-I.NFO,08/05/2025,14:52:32,24301.4,24301,450,24304.8,150,5250,13107000
NIFTY-I.NFO,08/05/2025,14:52:34,24300.2,24300.7,150,24306.4,75,7050,13107000
NIFTY-I.NFO,08/05/2025,14:52:35,24312,24305.3,150,24312,1350,5250,13107000
NIFTY-I.NFO,08/05/2025,14:52:37,24311.9,24305.5,150,24312.4,150,8025,13107000
NIFTY-I.NFO,08/05/2025,14:52:39,24308.6,24307.3,150,24313.7,150,4125,13107000
NIFTY-I.NFO,08/05/2025,14:52:40,24309.6,24308.1,75,24312.1,150,5400,13107000
NIFTY-I.NFO,08/05/2025,14:52:42,24313.8,24307,150,24310,75,1575,13107000
NIFTY-I.NFO,08/05/2025,14:52:44,24310.8,24306.4,150,24311.2,75,3075,13107000
NIFTY-I.NFO,08/05/2025,14:52:45,24310.7,24310.7,300,24311.2,75,3750,13107000
NIFTY-I.NFO,08/05/2025,14:52:47,24310.7,24310.7,900,24311.7,150,4800,13107000
NIFTY-I.NFO,08/05/2025,14:52:49,24309.8,24309.8,150,24310,975,1950,13107000
NIFTY-I.NFO,08/05/2025,14:52:50,24302.8,24302.1,75,24309.9,300,2100,13107000
NIFTY-I.NFO,08/05/2025,14:52:52,24305,24302.6,150,24309.3,150,1650,13107000
NIFTY-I.NFO,08/05/2025,14:52:53,24302.6,24303,150,24308.7,75,3750,13107000
NIFTY-I.NFO,08/05/2025,14:52:55,24305,24305,900,24306.1,225,1575,13107000
NIFTY-I.NFO,08/05/2025,14:52:57,24306.2,24300.7,75,24308.4,225,11475,13107000
NIFTY-I.NFO,08/05/2025,14:52:58,24302.6,24302.1,75,24302.7,150,3225,13107000
NIFTY-I.NFO,08/05/2025,14:53:00,24302.6,24301,150,24302.6,150,2100,13107000
NIFTY-I.NFO,08/05/2025,14:53:02,24300.4,24300,4875,24300.6,525,7425,13107000
NIFTY-I.NFO,08/05/2025,14:53:03,24298.8,24298.8,975,24299.1,450,8025,13107000
NIFTY-I.NFO,08/05/2025,14:53:03,24297,24298.8,975,24299.1,450,0,13107000
NIFTY-I.NFO,08/05/2025,14:53:05,24294.4,24294.5,75,24297.7,300,4425,13107000
NIFTY-I.NFO,08/05/2025,14:53:05,24294.4,24294.5,75,24297.7,300,0,13107000
NIFTY-I.NFO,08/05/2025,14:53:07,24294.2,24293,75,24294.2,75,2175,13107000
NIFTY-I.NFO,08/05/2025,14:53:07,24294.2,24293,75,24294.2,75,0,13107000
NIFTY-I.NFO,08/05/2025,14:53:08,24290,24290,900,24290.9,150,3900,13107000
NIFTY-I.NFO,08/05/2025,14:53:08,24290,24290,900,24290.9,150,0,13107000
NIFTY-I.NFO,08/05/2025,14:53:10,24290.3,24290.2,150,24291.7,750,1800,13107000
NIFTY-I.NFO,08/05/2025,14:53:10,24287.6,24290.2,150,24291.7,750,0,13107000
NIFTY-I.NFO,08/05/2025,14:53:12,24292.4,24292,75,24294.4,900,3225,13107000
NIFTY-I.NFO,08/05/2025,14:53:13,24295,24290.4,75,24296.7,150,5025,13107000
NIFTY-I.NFO,08/05/2025,14:53:15,24290.1,24290,375,24293.4,525,1050,13107000
NIFTY-I.NFO,08/05/2025,14:53:17,24290.1,24290.1,75,24295,2925,3750,13107000
NIFTY-I.NFO,08/05/2025,14:53:18,24293.4,24288.7,225,24295,3075,1725,13107000
NIFTY-I.NFO,08/05/2025,14:53:20,24290.8,24291.4,150,24293,75,4800,13107000
NIFTY-I.NFO,08/05/2025,14:53:22,24290,24286.8,150,24287.5,150,3750,13107000
NIFTY-I.NFO,08/05/2025,14:53:22,24286.6,24286.8,150,24287.5,150,0,13107000
NIFTY-I.NFO,08/05/2025,14:53:23,24290.1,24287.5,150,24290.1,2625,4125,13107000
NIFTY-I.NFO,08/05/2025,14:53:25,24287.5,24286.2,75,24289.5,75,2850,13107000
NIFTY-I.NFO,08/05/2025,14:53:25,24286.5,24286.2,75,24289.5,75,0,13107000
NIFTY-I.NFO,08/05/2025,14:53:27,24290,24288.3,150,24290,3150,2175,13107000
NIFTY-I.NFO,08/05/2025,14:53:27,24286.1,24288.3,150,24290,3150,0,13107000
NIFTY-I.NFO,08/05/2025,14:53:28,24290,24288,150,24290,1275,9600,13107000
NIFTY-I.NFO,08/05/2025,14:53:28,24285.4,24288,150,24290,1275,0,13107000
NIFTY-I.NFO,08/05/2025,14:53:30,24291.1,24291.2,75,24291.5,975,37575,13107000
NIFTY-I.NFO,08/05/2025,14:53:30,24280,24291.2,75,24291.5,975,0,13107000
NIFTY-I.NFO,08/05/2025,14:53:32,24292.6,24291.4,750,24293,75,5700,13107000
NIFTY-I.NFO,08/05/2025,14:53:33,24290,24290,825,24291.3,75,9375,13107000
NIFTY-I.NFO,08/05/2025,14:53:35,24290,24287.8,150,24290,225,1350,13107000
NIFTY-I.NFO,08/05/2025,14:53:37,24287.9,24287.9,75,24289.9,75,1800,13107000
NIFTY-I.NFO,08/05/2025,14:53:38,24289.9,24288.1,75,24290,6000,975,13107000
NIFTY-I.NFO,08/05/2025,14:53:40,24290,24289.9,225,24290.1,225,9750,13107000
NIFTY-I.NFO,08/05/2025,14:53:42,24292.9,24292.8,150,24292.9,150,7050,13107000
NIFTY-I.NFO,08/05/2025,14:53:43,24295,24291.6,75,24295,1200,3600,13107000
NIFTY-I.NFO,08/05/2025,14:53:45,24290,24287.6,150,24289.9,300,10500,13107000
NIFTY-I.NFO,08/05/2025,14:53:47,24292.9,24289.3,150,24289.9,75,1800,13107000
NIFTY-I.NFO,08/05/2025,14:53:48,24287.1,24286.8,600,24290,1425,2400,13107000
NIFTY-I.NFO,08/05/2025,14:53:50,24287.7,24288,75,24289.8,75,2325,13107000
NIFTY-I.NFO,08/05/2025,14:53:51,24293,24289,300,24293,1950,1500,13107000
NIFTY-I.NFO,08/05/2025,14:53:53,24287.9,24287.9,150,24288,150,1950,13107000
NIFTY-I.NFO,08/05/2025,14:53:55,24289.5,24289.5,300,24293,450,2025,13107000
NIFTY-I.NFO,08/05/2025,14:53:56,24294,24292.9,75,24293,75,2025,13107000
NIFTY-I.NFO,08/05/2025,14:53:58,24292.9,24290,225,24293,75,825,13107000
NIFTY-I.NFO,08/05/2025,14:54:00,24290,24288,300,24291.1,150,1050,13107000
NIFTY-I.NFO,08/05/2025,14:54:01,24289.8,24287.3,75,24289.8,150,825,13107000
NIFTY-I.NFO,08/05/2025,14:54:03,24288,24286.1,75,24288,450,1650,13107000
NIFTY-I.NFO,08/05/2025,14:54:05,24287.2,24286,1725,24289.5,150,975,13107000
NIFTY-I.NFO,08/05/2025,14:54:06,24288,24286.1,75,24287.5,75,525,13107000
NIFTY-I.NFO,08/05/2025,14:54:08,24288,24286.4,75,24288,2925,1275,13107000
NIFTY-I.NFO,08/05/2025,14:54:10,24288,24286,1125,24288,600,2850,13107000
NIFTY-I.NFO,08/05/2025,14:54:11,24285,24284.4,375,24288,1350,2400,13107000
NIFTY-I.NFO,08/05/2025,14:54:13,24285,24284.1,75,24285,1725,225,13107000
NIFTY-I.NFO,08/05/2025,14:54:15,24286,24286.1,75,24288,1050,2325,13107000
NIFTY-I.NFO,08/05/2025,14:54:16,24283.5,24283.5,150,24285,225,1950,13107000
NIFTY-I.NFO,08/05/2025,14:54:18,24285,24285.1,75,24286,300,1575,13107000
NIFTY-I.NFO,08/05/2025,14:54:19,24280.1,24281.6,75,24285,6975,2550,13107000
NIFTY-I.NFO,08/05/2025,14:54:21,24285,24282.7,150,24285,7050,3300,13107000
NIFTY-I.NFO,08/05/2025,14:54:23,24280,24280.8,300,24285,4950,3825,13107000
NIFTY-I.NFO,08/05/2025,14:54:24,24282.6,24280.2,150,24282.6,600,5550,13107000
NIFTY-I.NFO,08/05/2025,14:54:26,24281.6,24282.3,225,24282.6,225,6150,13107000
NIFTY-I.NFO,08/05/2025,14:54:26,24276.5,24282.3,225,24282.6,225,0,13107000
NIFTY-I.NFO,08/05/2025,14:54:28,24276.6,24277.7,150,24278.8,300,3300,13107000
NIFTY-I.NFO,08/05/2025,14:54:29,24277.7,24276.6,150,24278.1,300,8700,13107000
NIFTY-I.NFO,08/05/2025,14:54:31,24276.5,24275,150,24277.2,150,5550,13107000
NIFTY-I.NFO,08/05/2025,14:54:31,24275,24275,150,24277.2,150,0,13107000
NIFTY-I.NFO,08/05/2025,14:54:33,24271.8,24275.2,150,24275.8,300,3975,13107000
NIFTY-I.NFO,08/05/2025,14:54:33,24271.5,24275.2,150,24275.8,300,0,13107000
NIFTY-I.NFO,08/05/2025,14:54:34,24275.3,24276.5,75,24277.2,75,2175,13107000
NIFTY-I.NFO,08/05/2025,14:54:34,24271,24276.5,75,24277.2,75,0,13107000
NIFTY-I.NFO,08/05/2025,14:54:36,24271,24271,300,24275,1725,2700,13107000
NIFTY-I.NFO,08/05/2025,14:54:38,24273.7,24273.7,150,24275,825,4575,13107000
NIFTY-I.NFO,08/05/2025,14:54:38,24270,24273.7,150,24275,825,0,13107000
NIFTY-I.NFO,08/05/2025,14:54:39,24270,24270,2175,24273.9,300,6300,13107000
NIFTY-I.NFO,08/05/2025,14:54:41,24272.2,24274.9,300,24275,1650,6150,13107000
NIFTY-I.NFO,08/05/2025,14:54:43,24273,24270.3,450,24273,75,11025,13107000
NIFTY-I.NFO,08/05/2025,14:54:43,24265,24270.3,450,24273,75,0,13107000
NIFTY-I.NFO,08/05/2025,14:54:44,24265.4,24265.5,75,24270,1875,5625,13107000
NIFTY-I.NFO,08/05/2025,14:54:46,24271.5,24271.6,600,24271.7,450,6675,13107000
NIFTY-I.NFO,08/05/2025,14:54:48,24271.7,24270.6,75,24271.6,375,7650,13107000
NIFTY-I.NFO,08/05/2025,14:54:49,24269.9,24263.1,150,24270,12450,6000,13107000
NIFTY-I.NFO,08/05/2025,14:54:49,24262,24263.1,150,24270,12450,0,13107000
NIFTY-I.NFO,08/05/2025,14:54:51,24269.6,24269,600,24270,11850,1950,13107000
NIFTY-I.NFO,08/05/2025,14:54:53,24268.7,24262.3,150,24269.3,225,5625,13107000
NIFTY-I.NFO,08/05/2025,14:54:54,24262.9,24262.6,75,24270,12225,4275,13107000
NIFTY-I.NFO,08/05/2025,14:54:54,24261,24262.6,75,24270,12225,0,13107000
NIFTY-I.NFO,08/05/2025,14:54:56,24270,24267.6,150,24269.6,75,3825,13107000
NIFTY-I.NFO,08/05/2025,14:54:58,24265.1,24266.5,150,24270,3900,12825,13107000
NIFTY-I.NFO,08/05/2025,14:54:59,24265.3,24265.2,300,24268.3,300,3375,13107000
NIFTY-I.NFO,08/05/2025,14:55:01,24266.7,24261.3,75,24266.8,150,1725,13107000
NIFTY-I.NFO,08/05/2025,14:55:03,24265,24262.8,375,24265.5,75,15900,13107000
NIFTY-I.NFO,08/05/2025,14:55:03,24257.4,24262.8,375,24265.5,75,0,13107000
NIFTY-I.NFO,08/05/2025,14:55:04,24257.6,24257.6,150,24260,750,4950,13107000
NIFTY-I.NFO,08/05/2025,14:55:06,24259.3,24258.9,150,24262.6,75,4725,13107000
NIFTY-I.NFO,08/05/2025,14:55:08,24256.8,24256.8,750,24257,975,6075,13107000
NIFTY-I.NFO,08/05/2025,14:55:08,24256.8,24256.8,750,24257,975,0,13107000
NIFTY-I.NFO,08/05/2025,14:55:09,24258.2,24256,975,24258.9,225,12450,13107000
NIFTY-I.NFO,08/05/2025,14:55:09,24256.1,24256,975,24258.9,225,0,13107000
NIFTY-I.NFO,08/05/2025,14:55:11,24255.5,24255.5,750,24255.8,375,8175,13107000
NIFTY-I.NFO,08/05/2025,14:55:11,24255.5,24255.5,750,24255.8,375,0,13107000
NIFTY-I.NFO,08/05/2025,14:55:13,24255.2,24255.2,675,24255.5,75,5175,13107000
NIFTY-I.NFO,08/05/2025,14:55:13,24255.2,24255.2,675,24255.5,75,0,13107000
NIFTY-I.NFO,08/05/2025,14:55:14,24255,24255,75,24255.9,225,5250,13253625
NIFTY-I.NFO,08/05/2025,14:55:14,24255,24255,75,24255.9,225,0,13253625
NIFTY-I.NFO,08/05/2025,14:55:16,24256,24256,675,24258.4,375,5775,13253625
NIFTY-I.NFO,08/05/2025,14:55:16,24254.6,24256,675,24258.4,375,0,13253625
NIFTY-I.NFO,08/05/2025,14:55:18,24257.7,24257.9,75,24258.3,525,7350,13253625
NIFTY-I.NFO,08/05/2025,14:55:19,24254.7,24254.7,75,24261.9,450,6450,13253625
NIFTY-I.NFO,08/05/2025,14:55:21,24259.7,24258.6,75,24260,150,5400,13253625
NIFTY-I.NFO,08/05/2025,14:55:21,24254.4,24258.6,75,24260,150,0,13253625
NIFTY-I.NFO,08/05/2025,14:55:22,24256,24256,75,24257.7,225,4050,13253625
NIFTY-I.NFO,08/05/2025,14:55:24,24254.9,24254.8,75,24260,675,4200,13253625
NIFTY-I.NFO,08/05/2025,14:55:26,24258.3,24258.6,225,24260,225,4725,13253625
NIFTY-I.NFO,08/05/2025,14:55:27,24262.5,24262.1,150,24265,225,4875,13253625
NIFTY-I.NFO,08/05/2025,14:55:29,24270,24267.2,75,24270,825,2625,13253625
NIFTY-I.NFO,08/05/2025,14:55:31,24275,24273.6,75,24275,900,3525,13253625
NIFTY-I.NFO,08/05/2025,14:55:32,24282.2,24277.2,150,24280.8,150,7950,13253625
NIFTY-I.NFO,08/05/2025,14:55:34,24272.5,24272.2,525,24279.1,150,2400,13253625
NIFTY-I.NFO,08/05/2025,14:55:36,24273.6,24274.6,300,24278.6,75,4275,13253625
NIFTY-I.NFO,08/05/2025,14:55:37,24275,24273.7,75,24275,375,4200,13253625
NIFTY-I.NFO,08/05/2025,14:55:39,24270.1,24270.1,75,24275,525,12675,13253625
NIFTY-I.NFO,08/05/2025,14:55:41,24270,24269.7,375,24273.7,675,3525,13253625
NIFTY-I.NFO,08/05/2025,14:55:42,24270,24269.9,150,24270,6300,2775,13253625
NIFTY-I.NFO,08/05/2025,14:55:44,24274.3,24270.1,150,24272.9,150,8475,13253625
NIFTY-I.NFO,08/05/2025,14:55:46,24271.6,24271.4,1125,24274.3,225,2700,13253625
NIFTY-I.NFO,08/05/2025,14:55:47,24274.4,24274.4,75,24275,2325,1800,13253625
NIFTY-I.NFO,08/05/2025,14:55:49,24272.8,24273,75,24274.3,75,33225,13253625
NIFTY-I.NFO,08/05/2025,14:55:51,24277.6,24275.9,150,24278,225,2850,13253625
NIFTY-I.NFO,08/05/2025,14:55:52,24284.8,24281.5,150,24284.8,900,5175,13253625
NIFTY-I.NFO,08/05/2025,14:55:54,24279,24282.8,300,24286,75,3900,13253625
NIFTY-I.NFO,08/05/2025,14:55:56,24289.1,24289,225,24289.8,150,1050,13253625
NIFTY-I.NFO,08/05/2025,14:55:57,24293.8,24290,300,24295,75,16275,13253625
NIFTY-I.NFO,08/05/2025,14:55:59,24292.2,24285.2,75,24292.1,675,7350,13253625
NIFTY-I.NFO,08/05/2025,14:56:01,24295.8,24291.5,150,24295.9,75,900,13253625
NIFTY-I.NFO,08/05/2025,14:56:02,24296.3,24296.3,375,24298,75,1200,13253625
NIFTY-I.NFO,08/05/2025,14:56:04,24291.1,24290.2,75,24297.5,450,2325,13253625
NIFTY-I.NFO,08/05/2025,14:56:06,24294.1,24291,75,24296.3,150,2100,13253625
NIFTY-I.NFO,08/05/2025,14:56:07,24292.5,24290,375,24293.9,150,1275,13253625
NIFTY-I.NFO,08/05/2025,14:56:09,24294.5,24294.5,150,24297.4,75,1125,13253625
NIFTY-I.NFO,08/05/2025,14:56:11,24294.5,24293.8,900,24296.3,225,1500,13253625
NIFTY-I.NFO,08/05/2025,14:56:13,24294.5,24293.8,750,24296,75,1725,13253625
NIFTY-I.NFO,08/05/2025,14:56:14,24298.6,24296.5,75,24299,600,825,13253625
NIFTY-I.NFO,08/05/2025,14:56:16,24299.4,24299.9,150,24306.4,150,16875,13253625
NIFTY-I.NFO,08/05/2025,14:56:18,24298.7,24300,150,24306.3,75,2775,13253625
NIFTY-I.NFO,08/05/2025,14:56:19,24304.8,24300,300,24307.1,225,4200,13253625
NIFTY-I.NFO,08/05/2025,14:56:21,24300,24300,375,24306.4,225,1050,13253625
NIFTY-I.NFO,08/05/2025,14:56:23,24305.4,24300,150,24305.7,300,2700,13253625
NIFTY-I.NFO,08/05/2025,14:56:24,24304.5,24297.4,450,24305.3,225,1425,13253625
NIFTY-I.NFO,08/05/2025,14:56:26,24309,24301.9,75,24309,750,5625,13253625
NIFTY-I.NFO,08/05/2025,14:56:28,24301.4,24300.8,375,24308.2,375,5475,13253625
NIFTY-I.NFO,08/05/2025,14:56:29,24298.2,24300.1,150,24301.9,7575,675,13253625
NIFTY-I.NFO,08/05/2025,14:56:31,24301.9,24301.3,150,24301.9,6900,1275,13253625
NIFTY-I.NFO,08/05/2025,14:56:33,24300,24298.2,375,24304.3,150,9750,13253625
NIFTY-I.NFO,08/05/2025,14:56:34,24300,24297.9,75,24300,75,600,13253625
NIFTY-I.NFO,08/05/2025,14:56:36,24290.7,24290.2,75,24298,75,6375,13253625
NIFTY-I.NFO,08/05/2025,14:56:38,24296.8,24291.6,150,24297.6,75,375,13253625
NIFTY-I.NFO,08/05/2025,14:56:39,24291.6,24292.6,375,24297.5,75,750,13253625
NIFTY-I.NFO,08/05/2025,14:56:41,24299.5,24294.3,150,24299.8,150,2850,13253625
NIFTY-I.NFO,08/05/2025,14:56:43,24296.5,24290,1425,24296.5,75,1200,13253625
NIFTY-I.NFO,08/05/2025,14:56:44,24296.2,24290,1350,24295.7,150,1950,13253625
NIFTY-I.NFO,08/05/2025,14:56:46,24290,24290,825,24293.1,150,2175,13253625
NIFTY-I.NFO,08/05/2025,14:56:48,24291.6,24291.6,675,24298.2,150,1950,13253625
NIFTY-I.NFO,08/05/2025,14:56:49,24293.6,24294.1,225,24298.2,225,975,13253625
NIFTY-I.NFO,08/05/2025,14:56:51,24294.5,24294.6,600,24298.2,150,225,13253625
NIFTY-I.NFO,08/05/2025,14:56:53,24298.2,24294.5,75,24298.2,300,75,13253625
NIFTY-I.NFO,08/05/2025,14:56:54,24294.6,24294.5,75,24298,75,375,13253625
NIFTY-I.NFO,08/05/2025,14:56:56,24298,24298,375,24298.2,75,1275,13253625
NIFTY-I.NFO,08/05/2025,14:56:58,24298,24298,75,24300,75,825,13253625
NIFTY-I.NFO,08/05/2025,14:56:59,24301,24301,225,24303.5,75,10875,13253625
NIFTY-I.NFO,08/05/2025,14:57:01,24299.9,24297.3,600,24300,75,4275,13253625
NIFTY-I.NFO,08/05/2025,14:57:03,24300.1,24300.1,75,24300.2,75,1275,13253625
NIFTY-I.NFO,08/05/2025,14:57:04,24300,24298.3,300,24300.1,75,1650,13253625
NIFTY-I.NFO,08/05/2025,14:57:06,24297.7,24293.4,300,24297.8,75,1425,13253625
NIFTY-I.NFO,08/05/2025,14:57:08,24297.7,24293.4,300,24297.7,75,600,13253625
NIFTY-I.NFO,08/05/2025,14:57:09,24298,24293.8,300,24298.4,75,675,13253625
NIFTY-I.NFO,08/05/2025,14:57:11,24292.8,24293,75,24298.2,225,750,13253625
NIFTY-I.NFO,08/05/2025,14:57:13,24295.7,24290.1,75,24297.1,225,600,13253625
NIFTY-I.NFO,08/05/2025,14:57:14,24290,24290,450,24295.2,300,3525,13253625
NIFTY-I.NFO,08/05/2025,14:57:16,24290.8,24290,75,24291.1,150,2550,13253625
NIFTY-I.NFO,08/05/2025,14:57:18,24289.1,24286,75,24288.6,375,2325,13253625
NIFTY-I.NFO,08/05/2025,14:57:19,24285.2,24285,150,24289.4,375,750,13253625
NIFTY-I.NFO,08/05/2025,14:57:21,24285,24285,75,24286,75,150,13253625
NIFTY-I.NFO,08/05/2025,14:57:22,24283.9,24283.5,75,24286,75,300,13253625
NIFTY-I.NFO,08/05/2025,14:57:24,24283,24282,75,24286,300,225,13253625
NIFTY-I.NFO,08/05/2025,14:57:26,24283.9,24282.5,1050,24286,75,450,13253625
NIFTY-I.NFO,08/05/2025,14:57:27,24286,24286,150,24288,225,450,13253625
NIFTY-I.NFO,08/05/2025,14:57:29,24286.9,24283.9,75,24287,225,1200,13253625
NIFTY-I.NFO,08/05/2025,14:57:31,24283.1,24283.1,225,24285,450,1350,13253625
NIFTY-I.NFO,08/05/2025,14:57:32,24283.3,24282.8,150,24285,450,825,13253625
NIFTY-I.NFO,08/05/2025,14:57:34,24283.9,24283.9,75,24285,450,825,13253625
NIFTY-I.NFO,08/05/2025,14:57:36,24283.6,24283.2,75,24285,450,150,13253625
NIFTY-I.NFO,08/05/2025,14:57:37,24283.3,24283.3,300,24285,1125,975,13253625
NIFTY-I.NFO,08/05/2025,14:57:39,24285,24281.9,150,24285,900,675,13253625
NIFTY-I.NFO,08/05/2025,14:57:41,24283.6,24283.6,600,24285,750,2775,13253625
NIFTY-I.NFO,08/05/2025,14:57:42,24286,24285.9,75,24290,300,1725,13253625
NIFTY-I.NFO,08/05/2025,14:57:44,24288.2,24287.2,300,24291,150,825,13253625
NIFTY-I.NFO,08/05/2025,14:57:46,24288,24285,375,24287.9,450,375,13253625
NIFTY-I.NFO,08/05/2025,14:57:47,24288.3,24288.3,225,24289.4,225,450,13253625
NIFTY-I.NFO,08/05/2025,14:57:49,24285,24284.8,75,24285,1950,3450,13253625
NIFTY-I.NFO,08/05/2025,14:57:51,24285,24284.1,150,24285,1650,375,13253625
NIFTY-I.NFO,08/05/2025,14:57:52,24280,24280,600,24281.9,75,2175,13253625
NIFTY-I.NFO,08/05/2025,14:57:54,24284.1,24280.4,150,24284.1,1425,600,13253625
NIFTY-I.NFO,08/05/2025,14:57:56,24284.1,24280.8,150,24284.1,1125,450,13253625
NIFTY-I.NFO,08/05/2025,14:57:57,24283.7,24280.9,75,24283.9,75,75,13253625
NIFTY-I.NFO,08/05/2025,14:57:59,24281.9,24281.8,75,24282.7,525,750,13253625
NIFTY-I.NFO,08/05/2025,14:58:01,24281.7,24280,600,24282,1500,900,13253625
NIFTY-I.NFO,08/05/2025,14:58:02,24280,24277.7,75,24280,3150,2400,13253625
NIFTY-I.NFO,08/05/2025,14:58:04,24277.4,24277.3,75,24280,3300,525,13253625
NIFTY-I.NFO,08/05/2025,14:58:06,24276.9,24277.5,75,24277.7,525,675,13253625
NIFTY-I.NFO,08/05/2025,14:58:07,24279.9,24277,75,24279.9,450,1425,13253625
NIFTY-I.NFO,08/05/2025,14:58:09,24275.7,24275.4,1125,24279.9,450,4425,13253625
NIFTY-I.NFO,08/05/2025,14:58:11,24275.5,24275.3,300,24279.8,75,825,13253625
NIFTY-I.NFO,08/05/2025,14:58:12,24275.5,24275.5,300,24279.8,75,375,13253625
NIFTY-I.NFO,08/05/2025,14:58:14,24279.6,24277.2,600,24279.8,375,2625,13316325
NIFTY-I.NFO,08/05/2025,14:58:16,24275.2,24275.2,75,24279.7,75,2175,13316325
NIFTY-I.NFO,08/05/2025,14:58:17,24275,24275,375,24279.7,75,375,13316325
NIFTY-I.NFO,08/05/2025,14:58:19,24279,24276.3,225,24279.7,75,825,13316325
NIFTY-I.NFO,08/05/2025,14:58:21,24280,24279.7,1050,24280.7,75,825,13316325
NIFTY-I.NFO,08/05/2025,14:58:23,24280.6,24280.6,75,24281.5,150,675,13316325
NIFTY-I.NFO,08/05/2025,14:58:24,24279.7,24279.3,75,24280,225,1125,13316325
NIFTY-I.NFO,08/05/2025,14:58:26,24280.9,24279.4,150,24281.5,75,750,13316325
NIFTY-I.NFO,08/05/2025,14:58:28,24279.3,24279.1,75,24281.5,300,600,13316325
NIFTY-I.NFO,08/05/2025,14:58:29,24280.9,24279.1,75,24281,375,1500,13316325
NIFTY-I.NFO,08/05/2025,14:58:31,24280.2,24278,75,24280.2,75,600,13316325
NIFTY-I.NFO,08/05/2025,14:58:33,24279,24278.9,75,24280,150,450,13316325
NIFTY-I.NFO,08/05/2025,14:58:34,24278.9,24277.9,150,24279.4,75,75,13316325
NIFTY-I.NFO,08/05/2025,14:58:36,24279.3,24279.3,75,24279.4,75,300,13316325
NIFTY-I.NFO,08/05/2025,14:58:37,24278.8,24276.2,75,24278.2,150,3300,13316325
NIFTY-I.NFO,08/05/2025,14:58:39,24277.9,24277.9,375,24278.9,225,1050,13316325
NIFTY-I.NFO,08/05/2025,14:58:41,24277.9,24277.6,150,24278.8,75,225,13316325
NIFTY-I.NFO,08/05/2025,14:58:42,24278.4,24278,975,24278.3,150,450,13316325
NIFTY-I.NFO,08/05/2025,14:58:44,24276.2,24276.6,150,24277.9,150,1050,13316325
NIFTY-I.NFO,08/05/2025,14:58:46,24276.2,24276.2,675,24276.3,150,675,13316325
NIFTY-I.NFO,08/05/2025,14:58:47,24275.9,24275,825,24276.2,5100,1200,13316325
NIFTY-I.NFO,08/05/2025,14:58:49,24276.2,24275,825,24276.2,3825,1425,13316325
NIFTY-I.NFO,08/05/2025,14:58:51,24276.1,24275.1,75,24276.2,3825,750,13316325
NIFTY-I.NFO,08/05/2025,14:58:52,24277,24277,975,24277.3,75,6300,13316325
NIFTY-I.NFO,08/05/2025,14:58:54,24275,24275,300,24276.1,75,2325,13316325
NIFTY-I.NFO,08/05/2025,14:58:56,24275,24275,150,24277.9,375,300,13316325
NIFTY-I.NFO,08/05/2025,14:58:57,24277.7,24275.1,75,24277.8,75,450,13316325
NIFTY-I.NFO,08/05/2025,14:58:59,24275,24275,1275,24277.9,600,825,13316325
NIFTY-I.NFO,08/05/2025,14:59:01,24277,24277.4,75,24277.9,300,1050,13316325
NIFTY-I.NFO,08/05/2025,14:59:02,24278,24276.5,375,24279,75,1875,13316325
NIFTY-I.NFO,08/05/2025,14:59:04,24281.2,24280.4,75,24283.6,75,1275,13316325
NIFTY-I.NFO,08/05/2025,14:59:06,24281.6,24276.6,225,24281.8,225,1275,13316325
NIFTY-I.NFO,08/05/2025,14:59:07,24279.3,24276.2,225,24280,75,825,13316325
NIFTY-I.NFO,08/05/2025,14:59:09,24279.9,24279.9,900,24280,75,1575,13316325
NIFTY-I.NFO,08/05/2025,14:59:11,24277.2,24276,975,24276.5,375,2475,13316325
NIFTY-I.NFO,08/05/2025,14:59:12,24271.2,24270.1,300,24272.8,75,1500,13316325
NIFTY-I.NFO,08/05/2025,14:59:14,24272.5,24271.4,150,24272.8,75,525,13316325
NIFTY-I.NFO,08/05/2025,14:59:16,24270.9,24270.9,300,24271.3,75,1125,13316325
NIFTY-I.NFO,08/05/2025,14:59:17,24270,24270,300,24271.3,75,2775,13316325
NIFTY-I.NFO,08/05/2025,14:59:19,24274,24270.9,75,24271.2,75,4875,13316325
NIFTY-I.NFO,08/05/2025,14:59:21,24267.9,24267,75,24268.2,450,2625,13316325
NIFTY-I.NFO,08/05/2025,14:59:22,24265.3,24265,975,24265.3,150,1350,13316325
NIFTY-I.NFO,08/05/2025,14:59:24,24267.5,24265.3,75,24266.3,150,1050,13316325
NIFTY-I.NFO,08/05/2025,14:59:25,24266.2,24266,600,24266.3,375,1800,13316325
NIFTY-I.NFO,08/05/2025,14:59:27,24265.8,24265.8,75,24268.3,150,1950,13316325
NIFTY-I.NFO,08/05/2025,14:59:29,24269.4,24268.9,75,24269.5,225,2175,13316325
NIFTY-I.NFO,08/05/2025,14:59:30,24272.4,24272.6,225,24273.2,375,2700,13316325
NIFTY-I.NFO,08/05/2025,14:59:32,24270.6,24270.6,300,24273,75,3450,13316325
NIFTY-I.NFO,08/05/2025,14:59:34,24272.3,24272.3,900,24272.4,150,35775,13316325
NIFTY-I.NFO,08/05/2025,14:59:35,24273,24272.6,225,24272.9,150,2850,13316325
NIFTY-I.NFO,08/05/2025,14:59:37,24273.4,24273.4,225,24273.6,75,2325,13316325
NIFTY-I.NFO,08/05/2025,14:59:39,24274.8,24273.8,750,24274.8,150,1575,13316325
NIFTY-I.NFO,08/05/2025,14:59:40,24275.8,24275.8,1500,24276.8,225,2700,13316325
NIFTY-I.NFO,08/05/2025,14:59:42,24277.2,24276.9,1200,24277.2,150,1800,13316325
NIFTY-I.NFO,08/05/2025,14:59:43,24275.2,24274.8,450,24275.6,75,3450,13316325
NIFTY-I.NFO,08/05/2025,14:59:45,24274.8,24274.8,300,24275.6,225,900,13316325
NIFTY-I.NFO,08/05/2025,14:59:47,24276.3,24275.8,750,24276.6,75,1050,13316325
NIFTY-I.NFO,08/05/2025,14:59:48,24275.2,24273.8,450,24276.3,450,1350,13316325
NIFTY-I.NFO,08/05/2025,14:59:50,24275,24275,600,24275.7,75,975,13316325
NIFTY-I.NFO,08/05/2025,14:59:52,24273.9,24274.2,150,24275.8,525,1050,13316325
NIFTY-I.NFO,08/05/2025,14:59:53,24274.8,24274.4,75,24274.8,225,600,13316325
NIFTY-I.NFO,08/05/2025,14:59:55,24275,24273.3,150,24275,2625,975,13316325
NIFTY-I.NFO,08/05/2025,14:59:57,24271.2,24270.6,750,24273.4,75,2850,13316325
NIFTY-I.NFO,08/05/2025,14:59:58,24275,24274.8,150,24275,75,975,13316325
NIFTY-I.NFO,08/05/2025,15:00:00,24274.1,24271.8,225,24274.5,75,600,13316325
NIFTY-I.NFO,08/05/2025,15:00:02,24271.1,24270.6,600,24271.1,750,1725,13316325
NIFTY-I.NFO,08/05/2025,15:00:03,24269.9,24266.6,300,24270.5,150,4725,13316325
NIFTY-I.NFO,08/05/2025,15:00:05,24270.6,24270.6,300,24270.8,375,1650,13316325
NIFTY-I.NFO,08/05/2025,15:00:06,24267.6,24265.7,375,24269.7,150,675,13316325
NIFTY-I.NFO,08/05/2025,15:00:08,24269.2,24266,300,24269.3,300,300,13316325
NIFTY-I.NFO,08/05/2025,15:00:10,24266.3,24265,75,24269.3,1425,1200,13316325
NIFTY-I.NFO,08/05/2025,15:00:11,24262.1,24262,750,24265,9525,900,13316325
NIFTY-I.NFO,08/05/2025,15:00:13,24262,24262,75,24265,7950,3900,13316325
NIFTY-I.NFO,08/05/2025,15:00:15,24261.7,24260,375,24264.9,300,1575,13316325
NIFTY-I.NFO,08/05/2025,15:00:16,24265,24261,150,24265,11850,2775,13316325
NIFTY-I.NFO,08/05/2025,15:00:18,24261.1,24261.1,300,24262.1,150,300,13316325
NIFTY-I.NFO,08/05/2025,15:00:20,24260,24260,150,24261.1,1575,900,13316325
NIFTY-I.NFO,08/05/2025,15:00:21,24259.4,24258.9,75,24261.1,3450,600,13316325
NIFTY-I.NFO,08/05/2025,15:00:23,24258.3,24257,75,24260,2025,375,13316325
NIFTY-I.NFO,08/05/2025,15:00:25,24256.2,24256.1,450,24258.8,75,525,13316325
NIFTY-I.NFO,08/05/2025,15:00:26,24256.1,24256.1,300,24258.7,1275,2025,13316325
NIFTY-I.NFO,08/05/2025,15:00:28,24255.1,24255.1,1050,24256.2,1125,900,13316325
NIFTY-I.NFO,08/05/2025,15:00:30,24256.2,24255.1,600,24256.2,300,2175,13316325
NIFTY-I.NFO,08/05/2025,15:00:31,24258.5,24257.1,225,24258.5,1350,2700,13316325
NIFTY-I.NFO,08/05/2025,15:00:33,24258.6,24258.6,75,24258.7,825,6375,13316325
NIFTY-I.NFO,08/05/2025,15:00:35,24258.6,24258.6,975,24258.9,525,2475,13316325
NIFTY-I.NFO,08/05/2025,15:00:36,24258.6,24258.6,525,24260,4950,900,13316325
NIFTY-I.NFO,08/05/2025,15:00:38,24257.7,24257.7,300,24258.6,1500,4650,13316325
NIFTY-I.NFO,08/05/2025,15:00:40,24258.5,24258,75,24258.5,600,1350,13316325
NIFTY-I.NFO,08/05/2025,15:00:41,24260,24260.6,150,24262.1,1425,7275,13316325
NIFTY-I.NFO,08/05/2025,15:00:43,24267.9,24267,375,24268,300,2550,13316325
NIFTY-I.NFO,08/05/2025,15:00:45,24267.3,24267.3,300,24269.9,150,2850,13316325
NIFTY-I.NFO,08/05/2025,15:00:46,24270.1,24270,225,24270.5,300,1650,13316325
NIFTY-I.NFO,08/05/2025,15:00:48,24270.5,24270.5,1350,24271.8,75,6000,13316325
NIFTY-I.NFO,08/05/2025,15:00:50,24268.9,24268.9,300,24272.1,2550,1875,13316325
NIFTY-I.NFO,08/05/2025,15:00:51,24270.1,24263.9,375,24270.4,150,5475,13316325
NIFTY-I.NFO,08/05/2025,15:00:53,24270,24270,375,24270.4,600,2850,13316325
NIFTY-I.NFO,08/05/2025,15:00:55,24270,24268.4,300,24270,1800,4575,13316325
NIFTY-I.NFO,08/05/2025,15:00:56,24270,24267.3,75,24269.9,75,1425,13316325
NIFTY-I.NFO,08/05/2025,15:00:58,24270.6,24270.5,300,24271.1,75,10275,13316325
NIFTY-I.NFO,08/05/2025,15:01:00,24270.3,24270.5,450,24271.1,75,11025,13316325
NIFTY-I.NFO,08/05/2025,15:01:01,24270.5,24270.5,525,24270.7,375,13275,13316325
NIFTY-I.NFO,08/05/2025,15:01:03,24270.5,24270.5,825,24270.6,75,8925,13316325
NIFTY-I.NFO,08/05/2025,15:01:05,24270.5,24270.5,675,24270.6,525,14625,13316325
NIFTY-I.NFO,08/05/2025,15:01:06,24270.7,24270.6,825,24270.7,300,16200,13316325
NIFTY-I.NFO,08/05/2025,15:01:08,24272,24270.7,150,24272.7,75,1050,13316325
NIFTY-I.NFO,08/05/2025,15:01:10,24273.8,24272.3,75,24273.2,75,2100,13316325
NIFTY-I.NFO,08/05/2025,15:01:11,24273.2,24273.3,375,24274,1500,900,13316325
NIFTY-I.NFO,08/05/2025,15:01:13,24273.4,24273.3,75,24273.5,150,2175,13316325
NIFTY-I.NFO,08/05/2025,15:01:15,24272.8,24270.6,2325,24272.8,150,1425,13394850
NIFTY-I.NFO,08/05/2025,15:01:16,24270.7,24270.6,2250,24270.7,1200,825,13394850
NIFTY-I.NFO,08/05/2025,15:01:18,24273.6,24273.6,75,24273.7,300,4800,13394850
NIFTY-I.NFO,08/05/2025,15:01:20,24274,24272.9,150,24274,900,1275,13394850
NIFTY-I.NFO,08/05/2025,15:01:21,24274.2,24273.3,150,24274.2,225,825,13394850
NIFTY-I.NFO,08/05/2025,15:01:23,24277.3,24274.3,75,24277.3,75,4125,13394850
NIFTY-I.NFO,08/05/2025,15:01:25,24277.9,24277.3,525,24277.9,1350,825,13394850
NIFTY-I.NFO,08/05/2025,15:01:26,24280.8,24280.7,300,24282.9,75,2775,13394850
NIFTY-I.NFO,08/05/2025,15:01:28,24287.3,24287.3,300,24288,75,1800,13394850
NIFTY-I.NFO,08/05/2025,15:01:30,24293.8,24287.3,75,24293.3,75,6900,13394850
NIFTY-I.NFO,08/05/2025,15:01:31,24298.6,24292.4,150,24298.7,75,3075,13394850
NIFTY-I.NFO,08/05/2025,15:01:33,24299,24293.5,300,24299,150,6750,13394850
NIFTY-I.NFO,08/05/2025,15:01:35,24299.3,24293,75,24298.9,150,2700,13394850
NIFTY-I.NFO,08/05/2025,15:01:36,24297,24296.9,300,24300,1725,3075,13394850
NIFTY-I.NFO,08/05/2025,15:01:38,24299,24295.8,300,24298.9,75,4425,13394850
NIFTY-I.NFO,08/05/2025,15:01:40,24300,24297,150,24299,75,675,13394850
NIFTY-I.NFO,08/05/2025,15:01:41,24298.9,24298.9,225,24300,375,825,13394850
NIFTY-I.NFO,08/05/2025,15:01:43,24294.9,24288.4,75,24294.7,225,4050,13394850
NIFTY-I.NFO,08/05/2025,15:01:45,24295.2,24295.2,600,24295.8,150,2100,13394850
NIFTY-I.NFO,08/05/2025,15:01:46,24294.9,24292,300,24295,150,1200,13394850
NIFTY-I.NFO,08/05/2025,15:01:48,24288.3,24288.3,450,24288.5,150,3750,13394850
NIFTY-I.NFO,08/05/2025,15:01:50,24294.7,24294.7,675,24294.8,375,27975,13394850
NIFTY-I.NFO,08/05/2025,15:01:51,24295.2,24295.2,225,24296.4,75,6150,13394850
NIFTY-I.NFO,08/05/2025,15:01:53,24295,24295,1200,24295.4,750,3900,13394850
NIFTY-I.NFO,08/05/2025,15:01:55,24294.7,24294.7,825,24295,450,6075,13394850
NIFTY-I.NFO,08/05/2025,15:01:56,24295.2,24292,300,24295,225,11850,13394850
NIFTY-I.NFO,08/05/2025,15:01:58,24291.2,24291.2,375,24293.2,375,2550,13394850
NIFTY-I.NFO,08/05/2025,15:02:00,24292,24291.2,375,24291.8,150,1275,13394850
NIFTY-I.NFO,08/05/2025,15:02:01,24291.2,24290.5,675,24292,75,1200,13394850
NIFTY-I.NFO,08/05/2025,15:02:03,24288.9,24287.6,600,24288.9,375,3825,13394850
NIFTY-I.NFO,08/05/2025,15:02:05,24282.6,24282.6,525,24286.3,300,4125,13394850
NIFTY-I.NFO,08/05/2025,15:02:06,24284.1,24282.6,300,24284.1,225,1950,13394850
NIFTY-I.NFO,08/05/2025,15:02:08,24281.8,24278.5,450,24282.6,75,2025,13394850
NIFTY-I.NFO,08/05/2025,15:02:10,24284,24284,900,24284.2,150,1875,13394850
NIFTY-I.NFO,08/05/2025,15:02:11,24278.2,24278.1,150,24282.1,75,3600,13394850
NIFTY-I.NFO,08/05/2025,15:02:13,24280.9,24278,375,24280.1,375,375,13394850
NIFTY-I.NFO,08/05/2025,15:02:15,24280,24279.7,375,24280,150,1500,13394850
NIFTY-I.NFO,08/05/2025,15:02:16,24277.4,24275.1,375,24277.4,225,3450,13394850
NIFTY-I.NFO,08/05/2025,15:02:18,24277.8,24277.4,75,24277.7,75,675,13394850
NIFTY-I.NFO,08/05/2025,15:02:20,24277.4,24275.5,300,24277.4,75,1425,13394850
NIFTY-I.NFO,08/05/2025,15:02:21,24279.5,24279.5,150,24279.7,1275,2925,13394850
NIFTY-I.NFO,08/05/2025,15:02:23,24280.4,24280.2,300,24280.6,75,2550,13394850
NIFTY-I.NFO,08/05/2025,15:02:25,24286.2,24284.5,1200,24286.2,75,1350,13394850
NIFTY-I.NFO,08/05/2025,15:02:26,24284.6,24283.1,225,24284.9,75,675,13394850
NIFTY-I.NFO,08/05/2025,15:02:28,24283,24283,75,24283.6,150,2700,13394850
NIFTY-I.NFO,08/05/2025,15:02:30,24285,24283,225,24285,2175,975,13394850
NIFTY-I.NFO,08/05/2025,15:02:31,24284.3,24282,375,24284.9,1500,1050,13394850
NIFTY-I.NFO,08/05/2025,15:02:33,24286.3,24283.8,150,24286,150,5175,13394850
NIFTY-I.NFO,08/05/2025,15:02:35,24287,24287,600,24287.1,150,2100,13394850
NIFTY-I.NFO,08/05/2025,15:02:36,24286.5,24282.8,300,24286,150,2550,13394850
NIFTY-I.NFO,08/05/2025,15:02:38,24284.7,24284.7,450,24288.4,75,675,13394850
NIFTY-I.NFO,08/05/2025,15:02:40,24286,24283.7,75,24285.9,75,1425,13394850
NIFTY-I.NFO,08/05/2025,15:02:41,24290,24285.9,1425,24290,1425,825,13394850
NIFTY-I.NFO,08/05/2025,15:02:43,24290,24285.9,1425,24290,1200,300,13394850
NIFTY-I.NFO,08/05/2025,15:02:45,24290,24286.2,300,24290,75,2775,13394850
NIFTY-I.NFO,08/05/2025,15:02:46,24290.3,24287.8,750,24290.9,75,1950,13394850
NIFTY-I.NFO,08/05/2025,15:02:48,24292.9,24290,450,24292.1,75,825,13394850
NIFTY-I.NFO,08/05/2025,15:02:50,24292.6,24290.1,150,24293.3,75,600,13394850
NIFTY-I.NFO,08/05/2025,15:02:51,24290.5,24290.2,150,24294.3,75,975,13394850
NIFTY-I.NFO,08/05/2025,15:02:53,24294.9,24294.9,900,24295,375,525,13394850
NIFTY-I.NFO,08/05/2025,15:02:55,24290,24290,525,24292.6,75,3075,13394850
NIFTY-I.NFO,08/05/2025,15:02:56,24291,24288,75,24290,75,1125,13394850
NIFTY-I.NFO,08/05/2025,15:02:58,24290.4,24290.4,150,24292,75,675,13394850
NIFTY-I.NFO,08/05/2025,15:02:59,24284.4,24284.4,75,24290.7,225,1125,13394850
NIFTY-I.NFO,08/05/2025,15:03:01,24290,24284.4,150,24289.7,300,3975,13394850
NIFTY-I.NFO,08/05/2025,15:03:03,24290.4,24290.4,375,24291,75,1875,13394850
NIFTY-I.NFO,08/05/2025,15:03:04,24290,24284.2,75,24289.8,75,1575,13394850
NIFTY-I.NFO,08/05/2025,15:03:06,24289.6,24284.2,150,24289.3,75,975,13394850
NIFTY-I.NFO,08/05/2025,15:03:08,24283,24283,75,24289.5,75,1800,13394850
NIFTY-I.NFO,08/05/2025,15:03:09,24290.3,24283.6,75,24289.9,75,2400,13394850
NIFTY-I.NFO,08/05/2025,15:03:11,24289.7,24285,75,24289.7,75,750,13394850
NIFTY-I.NFO,08/05/2025,15:03:13,24288.6,24282.5,75,24288.6,75,2325,13394850
NIFTY-I.NFO,08/05/2025,15:03:14,24289,24286,300,24289.6,75,450,13394850
NIFTY-I.NFO,08/05/2025,15:03:16,24288.5,24284.1,300,24288.5,75,2100,13394850
NIFTY-I.NFO,08/05/2025,15:03:18,24287.6,24287.5,375,24288.5,75,525,13394850
NIFTY-I.NFO,08/05/2025,15:03:19,24287.7,24287.7,75,24289.3,525,900,13394850
NIFTY-I.NFO,08/05/2025,15:03:21,24290,24289,150,24289.5,225,1275,13394850
NIFTY-I.NFO,08/05/2025,15:03:22,24290.5,24290.5,75,24290.9,450,3675,13394850
NIFTY-I.NFO,08/05/2025,15:03:24,24284.8,24284.8,375,24288.5,75,450,13394850
NIFTY-I.NFO,08/05/2025,15:03:26,24287.7,24284,375,24288,300,975,13394850
NIFTY-I.NFO,08/05/2025,15:03:27,24287.7,24287.7,375,24288.5,225,150,13394850
NIFTY-I.NFO,08/05/2025,15:03:29,24287.4,24287.4,150,24288.1,450,300,13394850
NIFTY-I.NFO,08/05/2025,15:03:31,24287.4,24287.5,375,24287.6,75,1275,13394850
NIFTY-I.NFO,08/05/2025,15:03:32,24287.1,24284.2,75,24286.6,75,2775,13394850
NIFTY-I.NFO,08/05/2025,15:03:34,24284.2,24284,75,24284.5,75,450,13394850
NIFTY-I.NFO,08/05/2025,15:03:36,24280.5,24281.5,225,24287.5,75,1575,13394850
NIFTY-I.NFO,08/05/2025,15:03:37,24287.5,24287.5,1425,24287.7,75,825,13394850
NIFTY-I.NFO,08/05/2025,15:03:39,24287,24283.1,75,24285.7,75,1950,13394850
NIFTY-I.NFO,08/05/2025,15:03:41,24289.9,24287,150,24289.8,75,2850,13394850
NIFTY-I.NFO,08/05/2025,15:03:42,24287.1,24287.1,300,24290.1,75,3000,13394850
NIFTY-I.NFO,08/05/2025,15:03:44,24287.8,24287.8,75,24290.3,75,1275,13394850
NIFTY-I.NFO,08/05/2025,15:03:46,24289.8,24287.9,225,24289.3,225,1050,13394850
NIFTY-I.NFO,08/05/2025,15:03:47,24290,24286.5,300,24290,75,2250,13394850
NIFTY-I.NFO,08/05/2025,15:03:49,24291,24290,450,24291,825,1350,13394850
NIFTY-I.NFO,08/05/2025,15:03:51,24291.2,24286.4,300,24291,75,2775,13394850
NIFTY-I.NFO,08/05/2025,15:03:52,24290,24288.2,375,24292,375,450,13394850
NIFTY-I.NFO,08/05/2025,15:03:54,24292,24288.4,75,24292.2,150,900,13394850
NIFTY-I.NFO,08/05/2025,15:03:55,24290,24290,75,24290.9,375,750,13394850
NIFTY-I.NFO,08/05/2025,15:03:57,24290,24291,450,24292.1,75,525,13394850
NIFTY-I.NFO,08/05/2025,15:03:59,24293.2,24293.2,450,24293.3,375,2100,13394850
NIFTY-I.NFO,08/05/2025,15:04:00,24290,24289.2,375,24290,150,1050,13394850
NIFTY-I.NFO,08/05/2025,15:04:02,24294,24290.3,75,24294.4,75,600,13394850
NIFTY-I.NFO,08/05/2025,15:04:04,24290,24291.5,375,24293.2,150,600,13394850
NIFTY-I.NFO,08/05/2025,15:04:05,24294.4,24294.4,1275,24295,975,375,13394850
NIFTY-I.NFO,08/05/2025,15:04:07,24294.9,24294.4,1125,24295.4,75,2550,13394850
NIFTY-I.NFO,08/05/2025,15:04:09,24294.4,24294.4,900,24295.3,75,600,13394850
NIFTY-I.NFO,08/05/2025,15:04:10,24294.4,24294.4,900,24295.2,75,0,13394850
NIFTY-I.NFO,08/05/2025,15:04:12,24294.4,24293.9,375,24296.9,300,1425,13394850
NIFTY-I.NFO,08/05/2025,15:04:14,24295.3,24294.4,75,24296.9,75,525,13394850
NIFTY-I.NFO,08/05/2025,15:04:15,24300.5,24300.2,900,24300.6,75,4275,13490250
NIFTY-I.NFO,08/05/2025,15:04:17,24300.2,24300.2,375,24304.9,75,1050,13490250
NIFTY-I.NFO,08/05/2025,15:04:19,24305,24301.8,375,24304.9,75,450,13490250
NIFTY-I.NFO,08/05/2025,15:04:20,24305,24304.6,75,24306,150,3150,13490250
NIFTY-I.NFO,08/05/2025,15:04:22,24313.3,24307.4,300,24313.5,375,4200,13490250
NIFTY-I.NFO,08/05/2025,15:04:24,24313.6,24307.6,375,24313.8,375,525,13490250
NIFTY-I.NFO,08/05/2025,15:04:25,24312.2,24307.3,75,24312.8,75,2100,13490250
NIFTY-I.NFO,08/05/2025,15:04:27,24311.8,24306,2475,24311.9,75,1575,13490250
NIFTY-I.NFO,08/05/2025,15:04:29,24311,24311,225,24313.2,225,2550,13490250
NIFTY-I.NFO,08/05/2025,15:04:30,24307.3,24307.3,900,24311.7,75,600,13490250
NIFTY-I.NFO,08/05/2025,15:04:32,24307.3,24307.3,825,24310.7,75,2025,13490250
NIFTY-I.NFO,08/05/2025,15:04:34,24310.7,24306,2175,24308.8,75,900,13490250
NIFTY-I.NFO,08/05/2025,15:04:35,24307.1,24300.8,150,24307.2,150,4875,13490250
NIFTY-I.NFO,08/05/2025,15:04:37,24300.9,24301.8,150,24307.6,75,5550,13490250
NIFTY-I.NFO,08/05/2025,15:04:39,24301.4,24300.5,375,24306.9,150,600,13490250
NIFTY-I.NFO,08/05/2025,15:04:40,24300.1,24300,300,24306.2,75,150,13490250
NIFTY-I.NFO,08/05/2025,15:04:42,24301.4,24301.2,75,24305.2,75,375,13490250
NIFTY-I.NFO,08/05/2025,15:04:43,24306.4,24301.2,975,24305.2,300,1875,13490250
NIFTY-I.NFO,08/05/2025,15:04:45,24301.2,24301.2,750,24303.6,75,225,13490250
NIFTY-I.NFO,08/05/2025,15:04:47,24300,24300,225,24301.2,150,1650,13490250
NIFTY-I.NFO,08/05/2025,15:04:49,24301.2,24301.2,1200,24305.3,75,1575,13490250
NIFTY-I.NFO,08/05/2025,15:04:50,24301.2,24301.2,825,24305.3,75,450,13490250
NIFTY-I.NFO,08/05/2025,15:04:52,24301.2,24301.3,75,24306.6,525,1650,13490250
NIFTY-I.NFO,08/05/2025,15:04:54,24300.4,24300.3,75,24305.6,300,750,13490250
NIFTY-I.NFO,08/05/2025,15:04:55,24301.2,24301.2,975,24304.4,75,375,13490250
NIFTY-I.NFO,08/05/2025,15:04:57,24306.7,24304.4,1425,24307.7,450,2400,13490250
NIFTY-I.NFO,08/05/2025,15:04:59,24304.4,24304.4,525,24305.4,75,975,13490250
NIFTY-I.NFO,08/05/2025,15:05:00,24307,24307,1050,24308.1,150,975,13490250
NIFTY-I.NFO,08/05/2025,15:05:02,24308.3,24308.1,900,24309.7,300,1275,13490250
NIFTY-I.NFO,08/05/2025,15:05:04,24310.2,24310.2,225,24310.4,900,3075,13490250
NIFTY-I.NFO,08/05/2025,15:05:05,24309,24309,375,24309.4,750,2475,13490250
NIFTY-I.NFO,08/05/2025,15:05:07,24308.9,24302.8,75,24307,150,2700,13490250
NIFTY-I.NFO,08/05/2025,15:05:09,24310,24310,975,24310.2,75,2250,13490250
NIFTY-I.NFO,08/05/2025,15:05:10,24310.4,24310.4,300,24310.7,75,1350,13490250
NIFTY-I.NFO,08/05/2025,15:05:12,24312,24312,150,24312.1,450,1275,13490250
NIFTY-I.NFO,08/05/2025,15:05:14,24312.5,24309,1050,24312.3,750,2325,13490250
NIFTY-I.NFO,08/05/2025,15:05:15,24310.4,24309.1,75,24310,150,300,13490250
NIFTY-I.NFO,08/05/2025,15:05:17,24310,24310,300,24310.1,75,375,13490250
NIFTY-I.NFO,08/05/2025,15:05:18,24312.4,24307.1,75,24309.1,75,600,13490250
NIFTY-I.NFO,08/05/2025,15:05:20,24309.1,24309.1,75,24310,75,225,13490250
NIFTY-I.NFO,08/05/2025,15:05:22,24313.3,24309.1,75,24312.5,150,1050,13490250
NIFTY-I.NFO,08/05/2025,15:05:23,24309.5,24309.4,75,24313,150,225,13490250
NIFTY-I.NFO,08/05/2025,15:05:25,24313.6,24313.6,900,24314,75,375,13490250
NIFTY-I.NFO,08/05/2025,15:05:27,24314.5,24314,600,24314.6,75,750,13490250
NIFTY-I.NFO,08/05/2025,15:05:28,24314,24314,300,24314.5,75,375,13490250
NIFTY-I.NFO,08/05/2025,15:05:30,24316,24316,750,24316.8,150,2100,13490250
NIFTY-I.NFO,08/05/2025,15:05:32,24316.8,24316,750,24316.9,225,375,13490250
NIFTY-I.NFO,08/05/2025,15:05:33,24316,24316.9,1050,24317.3,75,975,13490250
NIFTY-I.NFO,08/05/2025,15:05:35,24319,24316.9,600,24319,1200,1725,13490250
NIFTY-I.NFO,08/05/2025,15:05:37,24316,24316,225,24318.9,150,900,13490250
NIFTY-I.NFO,08/05/2025,15:05:38,24316,24314,450,24316.5,375,975,13490250
NIFTY-I.NFO,08/05/2025,15:05:40,24316.5,24316.5,750,24318.9,75,975,13490250
NIFTY-I.NFO,08/05/2025,15:05:42,24319,24316.5,825,24319,75,525,13490250
NIFTY-I.NFO,08/05/2025,15:05:43,24319,24319,75,24319.9,75,900,13490250
NIFTY-I.NFO,08/05/2025,15:05:45,24319,24316,375,24319.9,75,525,13490250
NIFTY-I.NFO,08/05/2025,15:05:46,24320,24318.5,75,24320.6,75,2850,13490250
NIFTY-I.NFO,08/05/2025,15:05:48,24323,24320,75,24323,4425,1350,13490250
NIFTY-I.NFO,08/05/2025,15:05:50,24323,24320.6,150,24323,2400,2550,13490250
NIFTY-I.NFO,08/05/2025,15:05:51,24325.5,24323.1,75,24325.9,75,6300,13490250
NIFTY-I.NFO,08/05/2025,15:05:53,24325.8,24323,225,24326.7,300,675,13490250
NIFTY-I.NFO,08/05/2025,15:05:55,24325.9,24325.9,1050,24327.3,225,1050,13490250
NIFTY-I.NFO,08/05/2025,15:05:56,24327.3,24327.2,75,24328,75,3450,13490250
NIFTY-I.NFO,08/05/2025,15:05:58,24330.3,24328.2,450,24332,75,5925,13490250
NIFTY-I.NFO,08/05/2025,15:06:00,24333.7,24330.2,375,24333.8,75,2550,13490250
NIFTY-I.NFO,08/05/2025,15:06:01,24334.4,24331.6,225,24334.5,75,375,13490250
NIFTY-I.NFO,08/05/2025,15:06:03,24334.5,24332.5,75,24335.5,75,2625,13490250
NIFTY-I.NFO,08/05/2025,15:06:04,24332.5,24331,75,24334,75,1050,13490250
NIFTY-I.NFO,08/05/2025,15:06:06,24330,24328.2,75,24333,3600,1575,13490250
NIFTY-I.NFO,08/05/2025,15:06:08,24333,24331,375,24333,75,7125,13490250
NIFTY-I.NFO,08/05/2025,15:06:09,24329.4,24329.3,600,24331.7,75,825,13490250
NIFTY-I.NFO,08/05/2025,15:06:11,24329.9,24329.2,600,24334.5,75,3975,13490250
NIFTY-I.NFO,08/05/2025,15:06:13,24331.7,24328,1050,24333.7,150,525,13490250
NIFTY-I.NFO,08/05/2025,15:06:14,24330,24330,150,24334.5,150,11325,13490250
NIFTY-I.NFO,08/05/2025,15:06:16,24330.3,24325,1425,24330.5,225,4350,13490250
NIFTY-I.NFO,08/05/2025,15:06:18,24325.1,24325,1425,24329.9,75,825,13490250
NIFTY-I.NFO,08/05/2025,15:06:19,24329.3,24324,150,24329.5,75,2775,13490250
NIFTY-I.NFO,08/05/2025,15:06:21,24321,24321,750,24326.8,75,2475,13490250
NIFTY-I.NFO,08/05/2025,15:06:23,24313.9,24313.4,75,24320.4,375,2925,13490250
NIFTY-I.NFO,08/05/2025,15:06:24,24320.3,24315.6,150,24320.3,75,150,13490250
NIFTY-I.NFO,08/05/2025,15:06:26,24320.3,24314.6,525,24320,75,1425,13490250
NIFTY-I.NFO,08/05/2025,15:06:28,24320.8,24314.8,75,24321,75,1050,13490250
NIFTY-I.NFO,08/05/2025,15:06:29,24321.7,24316.3,150,24320.9,150,3600,13490250
NIFTY-I.NFO,08/05/2025,15:06:31,24320.9,24320,75,24323.4,150,300,13490250
NIFTY-I.NFO,08/05/2025,15:06:33,24324.3,24323.3,150,24325,1500,600,13490250
NIFTY-I.NFO,08/05/2025,15:06:34,24325,24323.9,75,24325.5,150,1575,13490250
NIFTY-I.NFO,08/05/2025,15:06:36,24329,24327.1,375,24329,225,1125,13490250
NIFTY-I.NFO,08/05/2025,15:06:38,24329,24326.4,375,24328.9,75,1875,13490250
NIFTY-I.NFO,08/05/2025,15:06:39,24327,24326.1,375,24328.7,75,2175,13490250
NIFTY-I.NFO,08/05/2025,15:06:41,24329.6,24325.1,75,24329.8,75,750,13490250
NIFTY-I.NFO,08/05/2025,15:06:43,24330,24325.4,150,24330,2925,975,13490250
NIFTY-I.NFO,08/05/2025,15:06:44,24330,24324.9,300,24330,2775,900,13490250
NIFTY-I.NFO,08/05/2025,15:06:46,24328.6,24324.9,75,24329,75,150,13490250
NIFTY-I.NFO,08/05/2025,15:06:48,24321.2,24322.3,300,24327.5,150,1050,13490250
NIFTY-I.NFO,08/05/2025,15:06:49,24322.4,24321.3,75,24326.6,75,150,13490250
NIFTY-I.NFO,08/05/2025,15:06:51,24323.9,24320.7,225,24323.9,525,2025,13490250
NIFTY-I.NFO,08/05/2025,15:06:53,24323.8,24320.1,75,24323.8,75,300,13490250
NIFTY-I.NFO,08/05/2025,15:06:54,24323.8,24318.9,75,24323.4,750,3825,13490250
NIFTY-I.NFO,08/05/2025,15:06:56,24315,24315,900,24319.2,150,1725,13490250
NIFTY-I.NFO,08/05/2025,15:06:58,24315,24315,975,24316.7,150,150,13490250
NIFTY-I.NFO,08/05/2025,15:06:59,24316.6,24316.2,75,24316.6,150,300,13490250
NIFTY-I.NFO,08/05/2025,15:07:01,24315,24315,225,24316.7,150,675,13490250
NIFTY-I.NFO,08/05/2025,15:07:03,24315.1,24315,75,24317.5,75,2775,13490250
NIFTY-I.NFO,08/05/2025,15:07:04,24316.5,24315,75,24315.4,75,450,13490250
NIFTY-I.NFO,08/05/2025,15:07:06,24315.5,24312.5,750,24316,75,1050,13490250
NIFTY-I.NFO,08/05/2025,15:07:08,24314.2,24311,75,24314.2,450,6375,13490250
NIFTY-I.NFO,08/05/2025,15:07:09,24310.3,24310.3,300,24314.2,75,675,13490250
NIFTY-I.NFO,08/05/2025,15:07:11,24315,24313.5,225,24315,150,600,13490250
NIFTY-I.NFO,08/05/2025,15:07:13,24315.9,24315.1,150,24317,75,1500,13490250
NIFTY-I.NFO,08/05/2025,15:07:14,24316.4,24312.2,300,24316.6,75,975,13490250
NIFTY-I.NFO,08/05/2025,15:07:16,24316.4,24312.3,75,24314.9,75,0,13490250
NIFTY-I.NFO,08/05/2025,15:07:18,24316.4,24312.3,150,24314.9,150,0,13490250
NIFTY-I.NFO,08/05/2025,15:07:19,24316.2,24310.7,300,24316.2,75,2100,13542525
NIFTY-I.NFO,08/05/2025,15:07:21,24316.2,24316.2,150,24317.3,75,2325,13542525
NIFTY-I.NFO,08/05/2025,15:07:23,24317.3,24315.1,150,24317.3,75,450,13542525
NIFTY-I.NFO,08/05/2025,15:07:24,24316.3,24316.4,75,24319.8,225,1125,13542525
NIFTY-I.NFO,08/05/2025,15:07:26,24318.8,24318.9,375,24323.9,75,2475,13542525
NIFTY-I.NFO,08/05/2025,15:07:27,24324.4,24319.3,150,24324.9,375,2175,13542525
NIFTY-I.NFO,08/05/2025,15:07:29,24324.2,24324.2,1125,24327.3,75,2850,13542525
NIFTY-I.NFO,08/05/2025,15:07:31,24325,24325,675,24327,150,450,13542525
NIFTY-I.NFO,08/05/2025,15:07:32,24326.8,24320.8,450,24325,75,2325,13542525
NIFTY-I.NFO,08/05/2025,15:07:34,24325,24319.6,300,24324.4,75,900,13542525
NIFTY-I.NFO,08/05/2025,15:07:36,24323.7,24318.8,300,24323.8,300,300,13542525
NIFTY-I.NFO,08/05/2025,15:07:37,24323.6,24318.2,300,24323,225,450,13542525
NIFTY-I.NFO,08/05/2025,15:07:39,24325,24320,300,24325,3075,2100,13542525
NIFTY-I.NFO,08/05/2025,15:07:41,24320.8,24315.7,150,24324,75,900,13542525
NIFTY-I.NFO,08/05/2025,15:07:42,24320.1,24316.4,150,24320.1,225,1500,13542525
NIFTY-I.NFO,08/05/2025,15:07:44,24317.7,24318.1,750,24320.1,300,525,13542525
NIFTY-I.NFO,08/05/2025,15:07:46,24320.1,24320.1,75,24324.1,75,825,13542525
NIFTY-I.NFO,08/05/2025,15:07:47,24322.6,24318.7,300,24324,225,525,13542525
NIFTY-I.NFO,08/05/2025,15:07:49,24324.4,24322.8,525,24324.8,75,1275,13542525
NIFTY-I.NFO,08/05/2025,15:07:51,24325,24322.8,300,24325,3525,825,13542525
NIFTY-I.NFO,08/05/2025,15:07:52,24322.8,24322.8,300,24323.3,150,150,13542525
NIFTY-I.NFO,08/05/2025,15:07:54,24322.8,24317.6,75,24324.1,375,450,13542525
NIFTY-I.NFO,08/05/2025,15:07:56,24324.1,24323.3,450,24325,3675,825,13542525
NIFTY-I.NFO,08/05/2025,15:07:57,24324,24324,1050,24324.9,75,900,13542525
NIFTY-I.NFO,08/05/2025,15:07:59,24323.3,24323.3,525,24325,3225,675,13542525
NIFTY-I.NFO,08/05/2025,15:08:01,24324,24324,150,24325,4050,450,13542525
NIFTY-I.NFO,08/05/2025,15:08:02,24325,24325,525,24326,75,5100,13542525
NIFTY-I.NFO,08/05/2025,15:08:04,24326,24325,600,24328.2,675,2175,13542525
NIFTY-I.NFO,08/05/2025,15:08:06,24326,24325.1,150,24327.8,75,300,13542525
NIFTY-I.NFO,08/05/2025,15:08:07,24326,24325,525,24326.2,150,2625,13542525
NIFTY-I.NFO,08/05/2025,15:08:09,24321.6,24319.5,300,24325,825,900,13542525
NIFTY-I.NFO,08/05/2025,15:08:11,24324.5,24319.5,75,24324.5,75,975,13542525
NIFTY-I.NFO,08/05/2025,15:08:12,24319.8,24319.7,225,24324.9,225,1650,13542525
NIFTY-I.NFO,08/05/2025,15:08:14,24320.4,24319.9,375,24324.5,75,300,13542525
NIFTY-I.NFO,08/05/2025,15:08:16,24318.2,24319.8,225,24323.3,75,450,13542525
NIFTY-I.NFO,08/05/2025,15:08:17,24318.4,24318.1,75,24323.3,75,600,13542525
NIFTY-I.NFO,08/05/2025,15:08:19,24320,24319.7,75,24323.3,225,150,13542525
NIFTY-I.NFO,08/05/2025,15:08:21,24317.3,24318.6,375,24323.2,150,900,13542525
NIFTY-I.NFO,08/05/2025,15:08:22,24318.7,24318.8,225,24323.3,150,1275,13542525
NIFTY-I.NFO,08/05/2025,15:08:24,24320,24320,450,24323.3,225,1125,13542525
NIFTY-I.NFO,08/05/2025,15:08:25,24320.1,24319.8,150,24323.3,150,225,13542525
NIFTY-I.NFO,08/05/2025,15:08:27,24323.3,24318.8,375,24320,375,300,13542525
NIFTY-I.NFO,08/05/2025,15:08:29,24324.5,24324.5,150,24324.9,525,3075,13542525
NIFTY-I.NFO,08/05/2025,15:08:30,24324,24321.1,300,24324,150,450,13542525
NIFTY-I.NFO,08/05/2025,15:08:32,24323.3,24322.2,300,24324,150,300,13542525
NIFTY-I.NFO,08/05/2025,15:08:34,24321.4,24320,1275,24321.4,225,1800,13542525
NIFTY-I.NFO,08/05/2025,15:08:35,24321.4,24320.1,750,24321.5,150,525,13542525
NIFTY-I.NFO,08/05/2025,15:08:37,24324.9,24324,900,24324.9,75,1950,13542525
NIFTY-I.NFO,08/05/2025,15:08:39,24325,24325,225,24325.8,75,2100,13542525
NIFTY-I.NFO,08/05/2025,15:08:40,24326,24325.1,150,24326,75,900,13542525
NIFTY-I.NFO,08/05/2025,15:08:42,24328.9,24326,225,24328.9,75,2400,13542525
NIFTY-I.NFO,08/05/2025,15:08:44,24326.1,24326.1,75,24329.2,150,1800,13542525
NIFTY-I.NFO,08/05/2025,15:08:45,24326.2,24326.2,1350,24329.1,75,300,13542525
NIFTY-I.NFO,08/05/2025,15:08:47,24329.1,24329.1,900,24329.7,375,525,13542525
NIFTY-I.NFO,08/05/2025,15:08:48,24329.6,24328.9,150,24329.6,150,525,13542525
NIFTY-I.NFO,08/05/2025,15:08:50,24330,24329.2,150,24330,1500,2850,13542525
NIFTY-I.NFO,08/05/2025,15:08:52,24328.8,24326.2,1725,24328.8,150,450,13542525
NIFTY-I.NFO,08/05/2025,15:08:53,24328.8,24326.7,75,24328.7,150,825,13542525
NIFTY-I.NFO,08/05/2025,15:08:55,24329.1,24329.2,150,24330,1200,375,13542525
NIFTY-I.NFO,08/05/2025,15:08:57,24329.1,24326.4,75,24329.1,1125,825,13542525
NIFTY-I.NFO,08/05/2025,15:08:58,24330,24329,1275,24330,750,1875,13542525
NIFTY-I.NFO,08/05/2025,15:09:00,24331.6,24330,525,24331.8,600,1350,13542525
NIFTY-I.NFO,08/05/2025,15:09:02,24332.3,24330,825,24332.4,375,900,13542525
NIFTY-I.NFO,08/05/2025,15:09:03,24330.1,24330,825,24331,75,2025,13542525
NIFTY-I.NFO,08/05/2025,15:09:05,24329.7,24325,1125,24329.7,150,2100,13542525
NIFTY-I.NFO,08/05/2025,15:09:07,24328.7,24325,1050,24329.1,450,1650,13542525
NIFTY-I.NFO,08/05/2025,15:09:09,24325,24327.4,375,24329.5,225,2100,13542525
NIFTY-I.NFO,08/05/2025,15:09:10,24325.1,24325,525,24327.4,75,1050,13542525
NIFTY-I.NFO,08/05/2025,15:09:12,24324.5,24323,375,24325.6,375,3375,13542525
NIFTY-I.NFO,08/05/2025,15:09:14,24325.6,24321.4,150,24325.6,450,750,13542525
NIFTY-I.NFO,08/05/2025,15:09:15,24321,24320.1,75,24325,375,525,13542525
NIFTY-I.NFO,08/05/2025,15:09:17,24323.1,24320.6,75,24325.6,75,225,13542525
NIFTY-I.NFO,08/05/2025,15:09:18,24324.1,24320.7,750,24324.8,600,750,13542525
NIFTY-I.NFO,08/05/2025,15:09:20,24321,24321,75,24325,75,1575,13542525
NIFTY-I.NFO,08/05/2025,15:09:22,24321.4,24321.4,225,24324.8,825,450,13542525
NIFTY-I.NFO,08/05/2025,15:09:23,24321.8,24320.1,150,24321.8,225,75,13542525
NIFTY-I.NFO,08/05/2025,15:09:25,24321.8,24320.7,75,24325,75,375,13542525
NIFTY-I.NFO,08/05/2025,15:09:27,24320.7,24322.9,375,24325,225,525,13542525
NIFTY-I.NFO,08/05/2025,15:09:28,24321.7,24322.1,150,24322.9,750,300,13542525
NIFTY-I.NFO,08/05/2025,15:09:30,24323.9,24320.1,75,24323.9,1050,2475,13542525
NIFTY-I.NFO,08/05/2025,15:09:32,24320,24321.9,375,24322,225,600,13542525
NIFTY-I.NFO,08/05/2025,15:09:33,24322,24320,375,24323.9,450,975,13542525
NIFTY-I.NFO,08/05/2025,15:09:35,24324.1,24324,225,24325,900,750,13542525
NIFTY-I.NFO,08/05/2025,15:09:37,24325,24321.8,225,24324.3,75,975,13542525
NIFTY-I.NFO,08/05/2025,15:09:38,24325,24325,975,24327,75,1350,13542525
NIFTY-I.NFO,08/05/2025,15:09:40,24324,24323.9,75,24327.8,600,825,13542525
NIFTY-I.NFO,08/05/2025,15:09:42,24328.7,24324.8,75,24329,75,900,13542525
NIFTY-I.NFO,08/05/2025,15:09:43,24329.3,24325.6,300,24329.1,375,1350,13542525
NIFTY-I.NFO,08/05/2025,15:09:45,24331.5,24330,225,24331.5,225,1575,13542525
NIFTY-I.NFO,08/05/2025,15:09:47,24332.9,24332.9,1350,24333,75,1125,13542525
NIFTY-I.NFO,08/05/2025,15:09:48,24328.6,24328.7,150,24332.5,150,2475,13542525
NIFTY-I.NFO,08/05/2025,15:09:50,24333.8,24333.8,75,24335,1050,1725,13542525
NIFTY-I.NFO,08/05/2025,15:09:52,24329.4,24329.2,75,24333.8,150,750,13542525
NIFTY-I.NFO,08/05/2025,15:09:53,24329.2,24328.6,150,24334,375,225,13542525
NIFTY-I.NFO,08/05/2025,15:09:55,24334.6,24328.6,75,24334.7,300,1125,13542525
NIFTY-I.NFO,08/05/2025,15:09:57,24324.6,24325,75,24329.3,975,1575,13542525
NIFTY-I.NFO,08/05/2025,15:09:58,24321.3,24321.4,75,24327.1,375,1425,13542525
NIFTY-I.NFO,08/05/2025,15:10:00,24330,24329.2,1500,24332.8,75,2250,13542525
NIFTY-I.NFO,08/05/2025,15:10:02,24330.9,24331.2,300,24332.3,75,300,13542525
NIFTY-I.NFO,08/05/2025,15:10:03,24326.5,24325.5,150,24330,825,2325,13542525
NIFTY-I.NFO,08/05/2025,15:10:05,24329.9,24329.9,300,24330,75,1200,13542525
NIFTY-I.NFO,08/05/2025,15:10:07,24325.1,24325,75,24329.5,75,600,13542525
NIFTY-I.NFO,08/05/2025,15:10:08,24325,24325,75,24327.1,825,450,13542525
NIFTY-I.NFO,08/05/2025,15:10:10,24324.6,24321.4,75,24325.6,150,975,13542525
NIFTY-I.NFO,08/05/2025,15:10:12,24325.1,24321.1,450,24325.6,75,975,13542525
NIFTY-I.NFO,08/05/2025,15:10:13,24320.9,24320.9,75,24325,450,1875,13542525
NIFTY-I.NFO,08/05/2025,15:10:15,24320.8,24320.1,300,24324.6,375,675,13542525
NIFTY-I.NFO,08/05/2025,15:10:17,24320.4,24320.4,300,24324.6,150,1125,13606575
NIFTY-I.NFO,08/05/2025,15:10:18,24320,24320.1,750,24324.4,225,600,13606575
NIFTY-I.NFO,08/05/2025,15:10:20,24320,24319.1,150,24320,450,3975,13606575
NIFTY-I.NFO,08/05/2025,15:10:22,24319.1,24319.1,75,24320,2175,675,13606575
NIFTY-I.NFO,08/05/2025,15:10:23,24320.9,24318.3,75,24320.9,375,2700,13606575
NIFTY-I.NFO,08/05/2025,15:10:25,24321.9,24318.1,300,24322.9,150,975,13606575
NIFTY-I.NFO,08/05/2025,15:10:26,24320.4,24318,225,24320.4,2475,750,13606575
NIFTY-I.NFO,08/05/2025,15:10:28,24320.4,24318.1,75,24320.4,1725,1350,13606575
NIFTY-I.NFO,08/05/2025,15:10:30,24324,24321,75,24324.6,300,3000,13606575
NIFTY-I.NFO,08/05/2025,15:10:31,24322.4,24321.2,150,24325.9,225,1650,13606575
NIFTY-I.NFO,08/05/2025,15:10:33,24326.1,24323.3,300,24327.1,75,825,13606575
NIFTY-I.NFO,08/05/2025,15:10:35,24323.7,24323.8,525,24329.5,225,1650,13606575
NIFTY-I.NFO,08/05/2025,15:10:36,24330,24323.5,675,24327.5,75,1650,13606575
NIFTY-I.NFO,08/05/2025,15:10:38,24323.3,24323.3,75,24328.6,75,2700,13606575
NIFTY-I.NFO,08/05/2025,15:10:40,24323.4,24323.4,600,24329.4,150,1725,13606575
NIFTY-I.NFO,08/05/2025,15:10:41,24323.6,24323.6,1425,24329.3,150,1200,13606575
NIFTY-I.NFO,08/05/2025,15:10:43,24323.6,24323.6,1125,24328.8,75,1575,13606575
NIFTY-I.NFO,08/05/2025,15:10:45,24328.8,24323.2,225,24329.2,75,1575,13606575
NIFTY-I.NFO,08/05/2025,15:10:46,24323.6,24321.6,300,24323.6,1275,4350,13606575
NIFTY-I.NFO,08/05/2025,15:10:48,24324.8,24323.7,75,24328.8,75,2025,13606575
NIFTY-I.NFO,08/05/2025,15:10:50,24328.8,24323,675,24325,75,1800,13606575
NIFTY-I.NFO,08/05/2025,15:10:51,24323,24322.2,300,24325,375,75,13606575
NIFTY-I.NFO,08/05/2025,15:10:53,24323.7,24325,150,24327.7,150,1050,13606575
NIFTY-I.NFO,08/05/2025,15:10:55,24328,24325,525,24328.2,150,3000,13606575
NIFTY-I.NFO,08/05/2025,15:10:56,24325,24325,300,24328,150,750,13606575
NIFTY-I.NFO,08/05/2025,15:10:58,24325,24325,150,24327.9,150,600,13606575
NIFTY-I.NFO,08/05/2025,15:11:00,24327.9,24322.8,300,24327.8,150,1575,13606575
NIFTY-I.NFO,08/05/2025,15:11:01,24322.8,24322.8,2100,24327.3,375,825,13606575
NIFTY-I.NFO,08/05/2025,15:11:03,24322.8,24322.8,750,24326,750,2625,13606575
NIFTY-I.NFO,08/05/2025,15:11:04,24325.5,24322.8,675,24325.9,150,525,13606575
NIFTY-I.NFO,08/05/2025,15:11:06,24322.8,24322.8,225,24325.8,375,825,13606575
NIFTY-I.NFO,08/05/2025,15:11:08,24321,24321,75,24323.6,75,825,13606575
NIFTY-I.NFO,08/05/2025,15:11:09,24321,24320,150,24322.6,75,75,13606575
NIFTY-I.NFO,08/05/2025,15:11:11,24320,24318.2,450,24322.6,375,525,13606575
NIFTY-I.NFO,08/05/2025,15:11:13,24320,24318.3,150,24320,3825,2100,13606575
NIFTY-I.NFO,08/05/2025,15:11:14,24320,24318.1,75,24320,3975,225,13606575
NIFTY-I.NFO,08/05/2025,15:11:16,24318.2,24318.2,75,24319.9,375,375,13606575
NIFTY-I.NFO,08/05/2025,15:11:18,24318,24318,1125,24320,3150,1050,13606575
NIFTY-I.NFO,08/05/2025,15:11:20,24315.8,24315.8,75,24319,450,3525,13606575
NIFTY-I.NFO,08/05/2025,15:11:21,24318,24315.7,75,24318,2625,900,13606575
NIFTY-I.NFO,08/05/2025,15:11:23,24315,24314,75,24316.7,450,1125,13606575
NIFTY-I.NFO,08/05/2025,15:11:24,24312.4,24312.3,375,24315.7,450,825,13606575
NIFTY-I.NFO,08/05/2025,15:11:26,24314.5,24311.5,300,24315.3,75,900,13606575
NIFTY-I.NFO,08/05/2025,15:11:28,24312.3,24311.2,75,24314.5,225,750,13606575
NIFTY-I.NFO,08/05/2025,15:11:29,24314.5,24311.2,75,24314.5,300,375,13606575
NIFTY-I.NFO,08/05/2025,15:11:31,24311.2,24311,450,24314.6,75,975,13606575
NIFTY-I.NFO,08/05/2025,15:11:33,24315.7,24312.7,375,24315.7,75,5475,13606575
NIFTY-I.NFO,08/05/2025,15:11:34,24315.7,24313.3,675,24315,75,375,13606575
NIFTY-I.NFO,08/05/2025,15:11:36,24314.1,24314,75,24318.1,750,1425,13606575
NIFTY-I.NFO,08/05/2025,15:11:38,24314.9,24314.9,300,24319.6,150,1275,13606575
NIFTY-I.NFO,08/05/2025,15:11:39,24314.4,24315.6,300,24319.3,375,3000,13606575
NIFTY-I.NFO,08/05/2025,15:11:41,24319.9,24314.5,300,24319.7,150,2550,13606575
NIFTY-I.NFO,08/05/2025,15:11:43,24315.2,24315.3,150,24319.7,75,2700,13606575
NIFTY-I.NFO,08/05/2025,15:11:44,24316.7,24316,750,24319.9,75,150,13606575
NIFTY-I.NFO,08/05/2025,15:11:46,24319.7,24313.4,225,24319.5,150,2400,13606575
NIFTY-I.NFO,08/05/2025,15:11:48,24316,24316,525,24319.8,75,900,13606575
NIFTY-I.NFO,08/05/2025,15:11:49,24319.7,24315.2,300,24319.7,150,1050,13606575
NIFTY-I.NFO,08/05/2025,15:11:51,24313.3,24313.1,300,24320.2,150,1650,13606575
NIFTY-I.NFO,08/05/2025,15:11:53,24320,24315.4,75,24320,525,2850,13606575
NIFTY-I.NFO,08/05/2025,15:11:54,24320,24320,150,24320.5,75,1050,13606575
NIFTY-I.NFO,08/05/2025,15:11:56,24321,24319.7,300,24320,75,2325,13606575
NIFTY-I.NFO,08/05/2025,15:11:58,24320.8,24320.9,300,24321.6,225,600,13606575
NIFTY-I.NFO,08/05/2025,15:11:59,24315,24312.4,450,24319.6,75,1350,13606575
NIFTY-I.NFO,08/05/2025,15:12:01,24319.6,24315,75,24319.7,150,300,13606575
NIFTY-I.NFO,08/05/2025,15:12:03,24315,24318.1,300,24318.8,75,375,13606575
NIFTY-I.NFO,08/05/2025,15:12:04,24311.2,24311.3,150,24317.4,75,825,13606575
NIFTY-I.NFO,08/05/2025,15:12:06,24317.8,24315,75,24317.6,75,2175,13606575
NIFTY-I.NFO,08/05/2025,15:12:08,24317.1,24315,75,24316.6,75,825,13606575
NIFTY-I.NFO,08/05/2025,15:12:09,24315,24310.9,300,24316.2,75,450,13606575
NIFTY-I.NFO,08/05/2025,15:12:11,24310,24310.4,75,24315,75,525,13606575
NIFTY-I.NFO,08/05/2025,15:12:13,24315.1,24310,2175,24315.1,300,675,13606575
NIFTY-I.NFO,08/05/2025,15:12:14,24310,24310,2025,24314.6,75,225,13606575
NIFTY-I.NFO,08/05/2025,15:12:16,24310.6,24310.6,300,24314,75,150,13606575
NIFTY-I.NFO,08/05/2025,15:12:18,24310,24310.2,375,24312.3,75,675,13606575
NIFTY-I.NFO,08/05/2025,15:12:19,24315,24310,1950,24314.1,75,525,13606575
NIFTY-I.NFO,08/05/2025,15:12:21,24310.6,24310.6,150,24314.9,150,1875,13606575
NIFTY-I.NFO,08/05/2025,15:12:23,24315,24310.6,75,24315.1,75,900,13606575
NIFTY-I.NFO,08/05/2025,15:12:24,24316,24310.8,150,24315,150,450,13606575
NIFTY-I.NFO,08/05/2025,15:12:26,24315.7,24310.8,375,24315.7,450,2400,13606575
NIFTY-I.NFO,08/05/2025,15:12:28,24315.5,24315,75,24316.2,75,1125,13606575
NIFTY-I.NFO,08/05/2025,15:12:29,24318.1,24318.1,375,24318.6,75,750,13606575
NIFTY-I.NFO,08/05/2025,15:12:31,24315.2,24314.6,75,24319.9,450,1125,13606575
NIFTY-I.NFO,08/05/2025,15:12:33,24318.1,24318.1,1050,24319.9,150,1650,13606575
NIFTY-I.NFO,08/05/2025,15:12:34,24319.9,24319.9,75,24322.4,300,3525,13606575
NIFTY-I.NFO,08/05/2025,15:12:36,24323.3,24322.2,750,24323.3,150,1425,13606575
NIFTY-I.NFO,08/05/2025,15:12:38,24324.1,24322.2,525,24324.6,150,975,13606575
NIFTY-I.NFO,08/05/2025,15:12:39,24323.4,24322.2,525,24324.6,150,675,13606575
NIFTY-I.NFO,08/05/2025,15:12:41,24324,24320.2,75,24324,375,2025,13606575
NIFTY-I.NFO,08/05/2025,15:12:43,24324.7,24320.2,150,24324.1,150,900,13606575
NIFTY-I.NFO,08/05/2025,15:12:44,24320.2,24320,150,24323.7,75,1800,13606575
NIFTY-I.NFO,08/05/2025,15:12:46,24320,24319.9,75,24320.2,825,150,13606575
NIFTY-I.NFO,08/05/2025,15:12:48,24321.2,24320.2,750,24321.2,75,975,13606575
NIFTY-I.NFO,08/05/2025,15:12:49,24320.2,24320.2,450,24321.5,150,750,13606575
NIFTY-I.NFO,08/05/2025,15:12:51,24320.5,24315.1,750,24320.8,975,1125,13606575
NIFTY-I.NFO,08/05/2025,15:12:53,24320.5,24316,300,24320.8,975,0,13606575
NIFTY-I.NFO,08/05/2025,15:12:54,24316,24315.2,300,24320,150,900,13606575
NIFTY-I.NFO,08/05/2025,15:12:56,24315.1,24314.7,450,24320,300,3300,13606575
NIFTY-I.NFO,08/05/2025,15:12:58,24315.2,24314,150,24315,75,600,13606575
NIFTY-I.NFO,08/05/2025,15:12:59,24315.2,24313.6,150,24318.6,75,450,13606575
NIFTY-I.NFO,08/05/2025,15:13:01,24318.4,24313.4,75,24318.4,375,525,13606575
NIFTY-I.NFO,08/05/2025,15:13:03,24314.8,24313.5,375,24315,75,75,13606575
NIFTY-I.NFO,08/05/2025,15:13:04,24315,24315,450,24318,75,600,13606575
NIFTY-I.NFO,08/05/2025,15:13:06,24314.9,24315,150,24318.5,75,1350,13606575
NIFTY-I.NFO,08/05/2025,15:13:08,24319.1,24317.7,225,24319.1,225,1125,13606575
NIFTY-I.NFO,08/05/2025,15:13:09,24319.1,24317.8,75,24319.3,75,1050,13606575
NIFTY-I.NFO,08/05/2025,15:13:11,24319.5,24319.5,150,24319.9,75,225,13606575
NIFTY-I.NFO,08/05/2025,15:13:12,24319.9,24319.5,75,24320,2325,150,13606575
NIFTY-I.NFO,08/05/2025,15:13:14,24319.1,24319.1,225,24319.6,75,450,13606575
NIFTY-I.NFO,08/05/2025,15:13:16,24319.4,24319.3,225,24320.5,75,2625,13692375
NIFTY-I.NFO,08/05/2025,15:13:17,24319.4,24319.3,225,24319.5,375,0,13692375
NIFTY-I.NFO,08/05/2025,15:13:19,24319.3,24319.3,1050,24320.5,75,525,13692375
NIFTY-I.NFO,08/05/2025,15:13:21,24320.5,24315.5,750,24320.5,900,2400,13692375
NIFTY-I.NFO,08/05/2025,15:13:23,24316.5,24316.4,675,24320,75,1200,13692375
NIFTY-I.NFO,08/05/2025,15:13:24,24321.8,24321.8,975,24321.9,375,1800,13692375
NIFTY-I.NFO,08/05/2025,15:13:26,24322.2,24321.8,225,24321.9,75,1725,13692375
NIFTY-I.NFO,08/05/2025,15:13:28,24322.1,24319,225,24322.3,375,450,13692375
NIFTY-I.NFO,08/05/2025,15:13:29,24322.6,24322.6,675,24322.8,75,1275,13692375
NIFTY-I.NFO,08/05/2025,15:13:31,24322.8,24321.9,675,24323,300,1275,13692375
NIFTY-I.NFO,08/05/2025,15:13:33,24321.9,24321.9,375,24323.3,225,750,13692375
NIFTY-I.NFO,08/05/2025,15:13:34,24323.7,24323.4,1200,24323.5,75,825,13692375
NIFTY-I.NFO,08/05/2025,15:13:36,24324.3,24323.4,1050,24324.5,225,450,13692375
NIFTY-I.NFO,08/05/2025,15:13:38,24324,24322.7,75,24324,525,375,13692375
NIFTY-I.NFO,08/05/2025,15:13:39,24324,24322.7,75,24324.3,225,1575,13692375
NIFTY-I.NFO,08/05/2025,15:13:41,24322.7,24322.6,75,24324.1,75,150,13692375
NIFTY-I.NFO,08/05/2025,15:13:43,24324.3,24321.9,150,24324.7,150,1200,13692375
NIFTY-I.NFO,08/05/2025,15:13:44,24322.6,24322.6,75,24324.3,75,600,13692375
NIFTY-I.NFO,08/05/2025,15:13:46,24324.3,24324.3,1200,24324.7,225,900,13692375
NIFTY-I.NFO,08/05/2025,15:13:47,24324.3,24324.3,1050,24324.4,75,300,13692375
NIFTY-I.NFO,08/05/2025,15:13:49,24324.8,24324.5,75,24324.9,75,1500,13692375
NIFTY-I.NFO,08/05/2025,15:13:51,24324.6,24323.5,375,24324.7,300,825,13692375
NIFTY-I.NFO,08/05/2025,15:13:52,24324.3,24322.6,225,24324,75,675,13692375
NIFTY-I.NFO,08/05/2025,15:13:54,24324,24323.2,1200,24324,75,75,13692375
NIFTY-I.NFO,08/05/2025,15:13:56,24324,24324.4,750,24324.5,1050,300,13692375
NIFTY-I.NFO,08/05/2025,15:13:57,24324.4,24324.3,75,24324.8,75,2550,13692375
NIFTY-I.NFO,08/05/2025,15:13:59,24324.6,24322.9,375,24324.9,75,525,13692375
NIFTY-I.NFO,08/05/2025,15:14:01,24323.3,24323.4,225,24324.3,300,225,13692375
NIFTY-I.NFO,08/05/2025,15:14:02,24324.3,24323.9,225,24324.3,225,150,13692375
NIFTY-I.NFO,08/05/2025,15:14:04,24325,24325,75,24325.1,150,2250,13692375
NIFTY-I.NFO,08/05/2025,15:14:06,24322.8,24322.6,225,24325.1,75,675,13692375
NIFTY-I.NFO,08/05/2025,15:14:07,24325.1,24325.2,75,24325.4,75,75,13692375
NIFTY-I.NFO,08/05/2025,15:14:09,24323.9,24325,225,24325.3,300,1350,13692375
NIFTY-I.NFO,08/05/2025,15:14:11,24321.4,24321.4,300,24325,75,2550,13692375
NIFTY-I.NFO,08/05/2025,15:14:12,24326,24326,1800,24326.3,675,375,13692375
NIFTY-I.NFO,08/05/2025,15:14:14,24326.5,24320.7,750,24326.8,150,3375,13692375
NIFTY-I.NFO,08/05/2025,15:14:16,24326,24320.5,825,24326,525,1200,13692375
NIFTY-I.NFO,08/05/2025,15:14:17,24322.1,24320.6,750,24323,75,1875,13692375
NIFTY-I.NFO,08/05/2025,15:14:19,24327,24321.9,75,24327.2,150,825,13692375
NIFTY-I.NFO,08/05/2025,15:14:21,24326.7,24326.5,375,24326.9,225,225,13692375
NIFTY-I.NFO,08/05/2025,15:14:22,24326.6,24322.2,300,24326.9,150,675,13692375
NIFTY-I.NFO,08/05/2025,15:14:24,24326.4,24322.1,150,24326.3,75,150,13692375
NIFTY-I.NFO,08/05/2025,15:14:26,24327.4,24322.3,75,24327.6,150,600,13692375
NIFTY-I.NFO,08/05/2025,15:14:27,24326.6,24326.6,825,24327.6,150,1875,13692375
NIFTY-I.NFO,08/05/2025,15:14:29,24326.6,24326.6,825,24327,150,0,13692375
NIFTY-I.NFO,08/05/2025,15:14:31,24327,24327,1575,24327.1,150,2175,13692375
NIFTY-I.NFO,08/05/2025,15:14:32,24327.6,24323.1,300,24327.9,75,600,13692375
NIFTY-I.NFO,08/05/2025,15:14:34,24322.3,24322.4,750,24324.3,75,1350,13692375
NIFTY-I.NFO,08/05/2025,15:14:35,24320.1,24322.7,75,24328.2,75,3900,13692375
NIFTY-I.NFO,08/05/2025,15:14:37,24322.7,24322.7,75,24327,75,900,13692375
NIFTY-I.NFO,08/05/2025,15:14:39,24327.3,24326.6,375,24327.4,75,900,13692375
NIFTY-I.NFO,08/05/2025,15:14:40,24326.7,24326.6,300,24327.4,225,75,13692375
NIFTY-I.NFO,08/05/2025,15:14:42,24327.4,24326.2,300,24327.3,150,225,13692375
NIFTY-I.NFO,08/05/2025,15:14:44,24325,24324.3,375,24325,1425,375,13692375
NIFTY-I.NFO,08/05/2025,15:14:45,24323.9,24324.5,300,24325,1425,75,13692375
NIFTY-I.NFO,08/05/2025,15:14:47,24322.1,24320.2,150,24324.5,600,450,13692375
NIFTY-I.NFO,08/05/2025,15:14:49,24324.5,24324.5,375,24325,1200,75,13692375
NIFTY-I.NFO,08/05/2025,15:14:50,24324.8,24319.4,300,24324.9,525,2550,13692375
NIFTY-I.NFO,08/05/2025,15:14:52,24322.3,24322.4,300,24324.3,300,150,13692375
NIFTY-I.NFO,08/05/2025,15:14:54,24321.8,24321.1,75,24324.1,300,75,13692375
NIFTY-I.NFO,08/05/2025,15:14:55,24319,24318.7,150,24324.1,300,525,13692375
NIFTY-I.NFO,08/05/2025,15:14:57,24319,24322.2,375,24324,75,0,13692375
NIFTY-I.NFO,08/05/2025,15:14:58,24322.3,24322,300,24324,375,150,13692375
NIFTY-I.NFO,08/05/2025,15:15:00,24324.5,24320.7,75,24324.9,75,1275,13692375
NIFTY-I.NFO,08/05/2025,15:15:02,24323.7,24323.9,150,24325,20550,21900,13692375
NIFTY-I.NFO,08/05/2025,15:15:03,24324.5,24320.3,150,24325,18525,2400,13692375
NIFTY-I.NFO,08/05/2025,15:15:05,24325,24320.4,150,24324.8,225,1725,13692375
NIFTY-I.NFO,08/05/2025,15:15:07,24324.8,24320.8,75,24324.8,150,825,13692375
NIFTY-I.NFO,08/05/2025,15:15:08,24324.8,24324.8,1200,24325,17775,675,13692375
NIFTY-I.NFO,08/05/2025,15:15:10,24323.2,24323.4,225,24324.5,75,2025,13692375
NIFTY-I.NFO,08/05/2025,15:15:12,24320,24321.5,375,24324.2,225,525,13692375
NIFTY-I.NFO,08/05/2025,15:15:13,24320,24321.8,75,24324.2,75,0,13692375
NIFTY-I.NFO,08/05/2025,15:15:15,24322.1,24321.5,75,24322.1,150,675,13692375
NIFTY-I.NFO,08/05/2025,15:15:17,24318.1,24319,75,24321.8,150,525,13692375
NIFTY-I.NFO,08/05/2025,15:15:18,24319,24319,825,24321.8,225,150,13692375
NIFTY-I.NFO,08/05/2025,15:15:20,24319,24319,450,24320,75,525,13692375
NIFTY-I.NFO,08/05/2025,15:15:21,24324,24319.4,75,24324.8,150,2100,13692375
NIFTY-I.NFO,08/05/2025,15:15:23,24324,24319.6,75,24321,75,0,13692375
NIFTY-I.NFO,08/05/2025,15:15:25,24321,24321,450,24322,75,3225,13692375
NIFTY-I.NFO,08/05/2025,15:15:26,24321,24315.7,150,24320,75,600,13692375
NIFTY-I.NFO,08/05/2025,15:15:28,24317.9,24317.9,75,24320,75,225,13692375
NIFTY-I.NFO,08/05/2025,15:15:30,24316.3,24315,525,24320.6,150,525,13692375
NIFTY-I.NFO,08/05/2025,15:15:32,24315.2,24315,450,24319.7,225,300,13692375
NIFTY-I.NFO,08/05/2025,15:15:33,24315.1,24315,150,24316.4,150,1500,13692375
NIFTY-I.NFO,08/05/2025,15:15:35,24320,24315.2,75,24320,150,525,13692375
NIFTY-I.NFO,08/05/2025,15:15:37,24321.3,24315,525,24320.4,150,4950,13692375
NIFTY-I.NFO,08/05/2025,15:15:38,24313.7,24313.5,75,24315,75,300,13692375
NIFTY-I.NFO,08/05/2025,15:15:40,24311.2,24310.9,75,24315,150,600,13692375
NIFTY-I.NFO,08/05/2025,15:15:42,24317.4,24311.7,300,24317.8,150,2475,13692375
NIFTY-I.NFO,08/05/2025,15:15:43,24314.9,24313.8,225,24315,150,150,13692375
NIFTY-I.NFO,08/05/2025,15:15:45,24316.6,24316.6,225,24317.6,75,1125,13692375
NIFTY-I.NFO,08/05/2025,15:15:47,24316.9,24316.6,150,24317.6,75,225,13692375
NIFTY-I.NFO,08/05/2025,15:15:48,24317.6,24314.9,525,24317.9,825,300,13692375
NIFTY-I.NFO,08/05/2025,15:15:50,24317,24314.7,375,24317.9,750,3600,13692375
NIFTY-I.NFO,08/05/2025,15:15:52,24315,24310.8,75,24313.3,150,1275,13692375
NIFTY-I.NFO,08/05/2025,15:15:53,24315,24310.3,225,24315,4200,975,13692375
NIFTY-I.NFO,08/05/2025,15:15:55,24312.6,24312.8,300,24315,2475,2175,13692375
NIFTY-I.NFO,08/05/2025,15:15:57,24315,24313,300,24315,2625,75,13692375
NIFTY-I.NFO,08/05/2025,15:15:58,24310,24310,2325,24310.3,75,6525,13692375
NIFTY-I.NFO,08/05/2025,15:16:00,24308,24308,1500,24308.4,1800,4350,13692375
NIFTY-I.NFO,08/05/2025,15:16:02,24310.8,24308.4,675,24310.8,75,2475,13692375
NIFTY-I.NFO,08/05/2025,15:16:03,24311.3,24311.7,300,24312.5,150,375,13692375
NIFTY-I.NFO,08/05/2025,15:16:05,24308,24308,75,24311.5,525,4575,13692375
NIFTY-I.NFO,08/05/2025,15:16:07,24309,24309,150,24311.4,75,300,13692375
NIFTY-I.NFO,08/05/2025,15:16:08,24311.8,24309.1,375,24310,150,375,13692375
NIFTY-I.NFO,08/05/2025,15:16:10,24308.8,24311,375,24312.3,75,525,13692375
NIFTY-I.NFO,08/05/2025,15:16:12,24311.9,24310.7,150,24311.8,75,1125,13692375
NIFTY-I.NFO,08/05/2025,15:16:13,24308.8,24308.8,75,24311.7,525,600,13692375
NIFTY-I.NFO,08/05/2025,15:16:15,24308.7,24308.6,300,24310,75,1650,13692375
NIFTY-I.NFO,08/05/2025,15:16:17,24309,24309.1,300,24310,150,675,13692375
NIFTY-I.NFO,08/05/2025,15:16:18,24309.1,24308.7,75,24310,975,150,13748625
NIFTY-I.NFO,08/05/2025,15:16:20,24310,24308.1,75,24310,900,225,13748625
NIFTY-I.NFO,08/05/2025,15:16:21,24309.7,24309,150,24310,1200,1275,13748625
NIFTY-I.NFO,08/05/2025,15:16:23,24309.5,24306.7,900,24309.8,75,1650,13748625
NIFTY-I.NFO,08/05/2025,15:16:25,24308.8,24306,75,24309,225,1875,13748625
NIFTY-I.NFO,08/05/2025,15:16:26,24306,24305.3,75,24308.1,75,675,13748625
NIFTY-I.NFO,08/05/2025,15:16:28,24305.4,24305.5,300,24306,150,525,13748625
NIFTY-I.NFO,08/05/2025,15:16:30,24305.4,24305.4,1050,24306.7,75,2475,13748625
NIFTY-I.NFO,08/05/2025,15:16:31,24305.4,24305.4,825,24306.7,150,5700,13748625
NIFTY-I.NFO,08/05/2025,15:16:33,24305.4,24305.4,600,24306.7,225,4200,13748625
NIFTY-I.NFO,08/05/2025,15:16:35,24305.4,24303.2,75,24305.9,375,1575,13748625
NIFTY-I.NFO,08/05/2025,15:16:36,24298.5,24299.7,225,24305,750,2400,13748625
NIFTY-I.NFO,08/05/2025,15:16:38,24300.5,24300.5,300,24304.7,225,1125,13748625
NIFTY-I.NFO,08/05/2025,15:16:40,24303,24302.8,300,24303.5,75,2325,13748625
NIFTY-I.NFO,08/05/2025,15:16:41,24302.8,24300.1,1800,24302.8,150,750,13748625
NIFTY-I.NFO,08/05/2025,15:16:43,24300,24300,75,24302,1275,2925,13748625
NIFTY-I.NFO,08/05/2025,15:16:45,24294.8,24296.6,75,24300,75,1275,13748625
NIFTY-I.NFO,08/05/2025,15:16:46,24296.6,24296.6,300,24300,1500,1350,13748625
NIFTY-I.NFO,08/05/2025,15:16:48,24296.6,24296.6,75,24300,825,975,13748625
NIFTY-I.NFO,08/05/2025,15:16:50,24300,24297,375,24299.9,75,1875,13748625
NIFTY-I.NFO,08/05/2025,15:16:51,24298,24294.1,150,24300.1,75,5100,13748625
NIFTY-I.NFO,08/05/2025,15:16:53,24299.6,24296,75,24299.8,75,975,13748625
NIFTY-I.NFO,08/05/2025,15:16:55,24296,24296,375,24300,375,2850,13748625
NIFTY-I.NFO,08/05/2025,15:16:56,24299.9,24295.6,75,24300,225,1200,13748625
NIFTY-I.NFO,08/05/2025,15:16:58,24296.4,24295,75,24300,75,4725,13748625
NIFTY-I.NFO,08/05/2025,15:17:00,24300,24299.8,375,24300,150,900,13748625
NIFTY-I.NFO,08/05/2025,15:17:01,24299.8,24298,150,24299.7,225,12075,13748625
NIFTY-I.NFO,08/05/2025,15:17:03,24300.5,24300.3,525,24300.5,32925,2100,13748625
NIFTY-I.NFO,08/05/2025,15:17:05,24300,24294.4,75,24300,600,2775,13748625
NIFTY-I.NFO,08/05/2025,15:17:06,24299.9,24294.7,75,24299.9,225,1650,13748625
NIFTY-I.NFO,08/05/2025,15:17:08,24292,24291.9,375,24299.7,75,2100,13748625
NIFTY-I.NFO,08/05/2025,15:17:10,24300,24299.8,600,24300,1650,1875,13748625
NIFTY-I.NFO,08/05/2025,15:17:11,24299.2,24295.8,150,24299.9,450,600,13748625
NIFTY-I.NFO,08/05/2025,15:17:13,24295.8,24296,450,24299,30075,1125,13748625
NIFTY-I.NFO,08/05/2025,15:17:15,24299,24291.6,150,24299,29625,2625,13748625
NIFTY-I.NFO,08/05/2025,15:17:16,24290.3,24293.8,75,24298.9,75,6150,13748625
NIFTY-I.NFO,08/05/2025,15:17:18,24293.9,24294.9,75,24298.1,75,5175,13748625
NIFTY-I.NFO,08/05/2025,15:17:20,24293.8,24298.5,375,24298.9,75,3000,13748625
NIFTY-I.NFO,08/05/2025,15:17:21,24290,24292,75,24298.1,150,5100,13748625
NIFTY-I.NFO,08/05/2025,15:17:23,24297.8,24292,150,24297.9,225,225,13748625
NIFTY-I.NFO,08/05/2025,15:17:25,24297,24296.7,75,24297.9,225,6525,13748625
NIFTY-I.NFO,08/05/2025,15:17:26,24291.1,24291.2,150,24295,2250,4650,13748625
NIFTY-I.NFO,08/05/2025,15:17:28,24295,24294.6,75,24295,225,2175,13748625
NIFTY-I.NFO,08/05/2025,15:17:30,24294.6,24295.3,375,24299,825,30825,13748625
NIFTY-I.NFO,08/05/2025,15:17:31,24299,24295.9,75,24299.7,150,9900,13748625
NIFTY-I.NFO,08/05/2025,15:17:33,24300,24296.5,375,24300,1875,6225,13748625
NIFTY-I.NFO,08/05/2025,15:17:35,24298.1,24298.1,75,24299.6,1350,1125,13748625
NIFTY-I.NFO,08/05/2025,15:17:36,24300,24299.4,300,24300,225,3975,13748625
NIFTY-I.NFO,08/05/2025,15:17:38,24299.7,24297.4,75,24299.4,600,3675,13748625
NIFTY-I.NFO,08/05/2025,15:17:40,24300.5,24300,600,24304,150,2850,13748625
NIFTY-I.NFO,08/05/2025,15:17:42,24300.9,24301.3,150,24305,900,1050,13748625
NIFTY-I.NFO,08/05/2025,15:17:43,24299.4,24297.2,75,24300,375,3075,13748625
NIFTY-I.NFO,08/05/2025,15:17:45,24299.4,24296.4,75,24299.4,1425,1275,13748625
NIFTY-I.NFO,08/05/2025,15:17:47,24295.5,24295.3,75,24297.6,900,300,13748625
NIFTY-I.NFO,08/05/2025,15:17:48,24297.6,24296.5,75,24299.4,3225,975,13748625
NIFTY-I.NFO,08/05/2025,15:17:50,24296.5,24296.2,75,24299.4,2850,2475,13748625
NIFTY-I.NFO,08/05/2025,15:17:52,24299.4,24296.2,75,24299.4,2325,1125,13748625
NIFTY-I.NFO,08/05/2025,15:17:53,24295,24296.1,150,24299.4,1800,1125,13748625
NIFTY-I.NFO,08/05/2025,15:17:55,24296.2,24299.2,375,24299.4,1725,1725,13748625
NIFTY-I.NFO,08/05/2025,15:17:57,24292,24292,1050,24295,75,5925,13748625
NIFTY-I.NFO,08/05/2025,15:17:58,24298.1,24298.1,1125,24298.2,75,1200,13748625
NIFTY-I.NFO,08/05/2025,15:18:00,24298.8,24298.8,150,24298.9,75,900,13748625
NIFTY-I.NFO,08/05/2025,15:18:02,24292.8,24294.6,150,24298.1,3675,1650,13748625
NIFTY-I.NFO,08/05/2025,15:18:03,24298.1,24293.5,75,24297.7,75,1950,13748625
NIFTY-I.NFO,08/05/2025,15:18:05,24294.3,24294.1,75,24298.1,1350,1725,13748625
NIFTY-I.NFO,08/05/2025,15:18:07,24298.1,24298.1,900,24298.2,150,1575,13748625
NIFTY-I.NFO,08/05/2025,15:18:08,24298.2,24298.2,600,24299,600,1050,13748625
NIFTY-I.NFO,08/05/2025,15:18:10,24298.2,24297.8,375,24298.2,75,3600,13748625
NIFTY-I.NFO,08/05/2025,15:18:12,24297.1,24293,900,24297.4,75,1425,13748625
NIFTY-I.NFO,08/05/2025,15:18:13,24293.3,24293.3,150,24297.2,150,1275,13748625
NIFTY-I.NFO,08/05/2025,15:18:15,24293.3,24293.3,150,24296.9,75,750,13748625
NIFTY-I.NFO,08/05/2025,15:18:17,24293.3,24293.3,300,24296.4,75,825,13748625
NIFTY-I.NFO,08/05/2025,15:18:18,24292,24292,1350,24293.3,1800,1575,13748625
NIFTY-I.NFO,08/05/2025,15:18:20,24295.1,24290,19650,24295.1,225,6675,13748625
NIFTY-I.NFO,08/05/2025,15:18:21,24292,24290,19650,24292,75,75,13748625
NIFTY-I.NFO,08/05/2025,15:18:23,24292,24292,675,24293,150,1125,13748625
NIFTY-I.NFO,08/05/2025,15:18:25,24293,24292,675,24293,150,225,13748625
NIFTY-I.NFO,08/05/2025,15:18:26,24290,24290,18825,24292,75,1500,13748625
NIFTY-I.NFO,08/05/2025,15:18:28,24290,24290,19050,24290.4,75,375,13748625
NIFTY-I.NFO,08/05/2025,15:18:30,24290,24290.1,150,24292,750,6750,13748625
NIFTY-I.NFO,08/05/2025,15:18:31,24290,24290,5850,24291.8,150,10800,13748625
NIFTY-I.NFO,08/05/2025,15:18:33,24291.9,24290,3750,24291.7,150,6450,13748625
NIFTY-I.NFO,08/05/2025,15:18:35,24292,24292,300,24292.6,75,4050,13748625
NIFTY-I.NFO,08/05/2025,15:18:36,24290,24290,1575,24292,150,1650,13748625
NIFTY-I.NFO,08/05/2025,15:18:38,24290,24290,1425,24293,150,225,13748625
NIFTY-I.NFO,08/05/2025,15:18:40,24290,24290,300,24293.3,1725,2475,13748625
NIFTY-I.NFO,08/05/2025,15:18:41,24286.5,24286.4,75,24290,12975,3000,13748625
NIFTY-I.NFO,08/05/2025,15:18:43,24286.7,24286.7,75,24290,13875,525,13748625
NIFTY-I.NFO,08/05/2025,15:18:45,24286.2,24286.5,150,24290,15750,1800,13748625
NIFTY-I.NFO,08/05/2025,15:18:46,24286.5,24286.5,150,24290,15975,825,13748625
NIFTY-I.NFO,08/05/2025,15:18:48,24286.6,24286.5,1200,24289,150,675,13748625
NIFTY-I.NFO,08/05/2025,15:18:50,24287.1,24288,450,24290,13275,4950,13748625
NIFTY-I.NFO,08/05/2025,15:18:51,24287.1,24287,75,24290,13500,2025,13748625
NIFTY-I.NFO,08/05/2025,15:18:53,24286.7,24287.8,375,24289,75,225,13748625
NIFTY-I.NFO,08/05/2025,15:18:55,24289.9,24289.9,375,24290,6000,9150,13748625
NIFTY-I.NFO,08/05/2025,15:18:56,24291.9,24291.8,75,24292,75,6450,13748625
NIFTY-I.NFO,08/05/2025,15:18:58,24293.3,24293.3,1125,24295,225,4275,13748625
NIFTY-I.NFO,08/05/2025,15:19:00,24298.5,24297.4,75,24298.9,75,975,13748625
NIFTY-I.NFO,08/05/2025,15:19:01,24297.4,24297.4,225,24297.8,75,7800,13748625
NIFTY-I.NFO,08/05/2025,15:19:03,24297,24297.1,75,24297.3,75,1875,13748625
NIFTY-I.NFO,08/05/2025,15:19:05,24297.4,24292.9,375,24297.4,1725,2100,13748625
NIFTY-I.NFO,08/05/2025,15:19:06,24296.3,24293.2,150,24297.4,1425,525,13748625
NIFTY-I.NFO,08/05/2025,15:19:08,24293.1,24293.1,375,24297.4,1275,825,13748625
NIFTY-I.NFO,08/05/2025,15:19:09,24297,24293.6,900,24297.4,1275,975,13748625
NIFTY-I.NFO,08/05/2025,15:19:11,24297.4,24297.6,1125,24298,75,1500,13748625
NIFTY-I.NFO,08/05/2025,15:19:13,24298.4,24298.4,600,24298.5,75,1275,13748625
NIFTY-I.NFO,08/05/2025,15:19:14,24299,24299.1,525,24299.4,75,975,13748625
NIFTY-I.NFO,08/05/2025,15:19:16,24300,24298.7,375,24300,2550,1350,13748625
NIFTY-I.NFO,08/05/2025,15:19:18,24298.4,24294,75,24298.6,300,6600,13860225
NIFTY-I.NFO,08/05/2025,15:19:19,24290,24289.5,75,24290,2700,11700,13860225
NIFTY-I.NFO,08/05/2025,15:19:21,24290,24289.4,375,24290,2325,525,13860225
NIFTY-I.NFO,08/05/2025,15:19:23,24290,24289.9,375,24290,1275,1800,13860225
NIFTY-I.NFO,08/05/2025,15:19:24,24292.4,24292.4,525,24297.1,150,2250,13860225
NIFTY-I.NFO,08/05/2025,15:19:26,24292.8,24294.4,150,24295,600,225,13860225
NIFTY-I.NFO,08/05/2025,15:19:28,24292.2,24292.2,225,24292.6,75,1050,13860225
NIFTY-I.NFO,08/05/2025,15:19:29,24292.6,24292.7,450,24295,600,975,13860225
NIFTY-I.NFO,08/05/2025,15:19:31,24287.9,24287.6,150,24290,15525,5775,13860225
NIFTY-I.NFO,08/05/2025,15:19:33,24290,24287.8,825,24290,15450,300,13860225
NIFTY-I.NFO,08/05/2025,15:19:34,24288,24288,750,24290,13650,2475,13860225
NIFTY-I.NFO,08/05/2025,15:19:36,24290,24289.6,825,24290,13575,600,13860225
NIFTY-I.NFO,08/05/2025,15:19:38,24289.9,24289.9,450,24290,11700,2100,13860225
NIFTY-I.NFO,08/05/2025,15:19:39,24292.2,24292.1,450,24292.2,600,12375,13860225
NIFTY-I.NFO,08/05/2025,15:19:41,24292.3,24292.1,150,24292.8,225,1575,13860225
NIFTY-I.NFO,08/05/2025,15:19:43,24292.8,24292.8,675,24295,750,825,13860225
NIFTY-I.NFO,08/05/2025,15:19:44,24290.1,24290.1,300,24292,150,75,13860225
NIFTY-I.NFO,08/05/2025,15:19:46,24292,24287,375,24292.2,150,2475,13860225
NIFTY-I.NFO,08/05/2025,15:19:48,24291.6,24286.9,150,24292,75,1950,13860225
NIFTY-I.NFO,08/05/2025,15:19:49,24289.1,24289,75,24290,75,450,13860225
NIFTY-I.NFO,08/05/2025,15:19:51,24289,24286.9,150,24290,75,1125,13860225
NIFTY-I.NFO,08/05/2025,15:19:53,24286.6,24286,150,24290,300,1275,13860225
NIFTY-I.NFO,08/05/2025,15:19:54,24289.6,24286.1,450,24289.6,75,75,13860225
NIFTY-I.NFO,08/05/2025,15:19:56,24289.6,24289.9,150,24290,450,375,13860225
NIFTY-I.NFO,08/05/2025,15:19:58,24290.2,24290.6,525,24292.3,150,1200,13860225
NIFTY-I.NFO,08/05/2025,15:19:59,24289,24287.3,150,24290.2,75,4125,13860225
NIFTY-I.NFO,08/05/2025,15:20:01,24287.4,24287.4,300,24289.6,75,300,13860225
NIFTY-I.NFO,08/05/2025,15:20:03,24292.8,24286.3,75,24292.2,75,5325,13860225
NIFTY-I.NFO,08/05/2025,15:20:04,24286.2,24286.3,75,24290,75,1875,13860225
NIFTY-I.NFO,08/05/2025,15:20:06,24286.3,24286.4,375,24292,150,900,13860225
NIFTY-I.NFO,08/05/2025,15:20:08,24287.4,24286.7,300,24287.4,1500,900,13860225
NIFTY-I.NFO,08/05/2025,15:20:09,24289.6,24286.3,375,24291.4,75,1725,13860225
NIFTY-I.NFO,08/05/2025,15:20:11,24289.6,24286.1,150,24286.7,75,0,13860225
NIFTY-I.NFO,08/05/2025,15:20:13,24285,24285,1125,24286.1,75,900,13860225
NIFTY-I.NFO,08/05/2025,15:20:14,24285,24285,975,24286.7,75,225,13860225
NIFTY-I.NFO,08/05/2025,15:20:16,24286.7,24285,1050,24287.3,75,75,13860225
NIFTY-I.NFO,08/05/2025,15:20:18,24285,24285,825,24289.1,75,300,13860225
NIFTY-I.NFO,08/05/2025,15:20:19,24285,24285,375,24289.1,75,525,13860225
NIFTY-I.NFO,08/05/2025,15:20:21,24285,24285,300,24286.7,75,300,13860225
NIFTY-I.NFO,08/05/2025,15:20:23,24286.7,24283.1,375,24286.7,600,525,13860225
NIFTY-I.NFO,08/05/2025,15:20:24,24285,24284.6,450,24285,300,600,13860225
NIFTY-I.NFO,08/05/2025,15:20:26,24284.6,24284.9,75,24285,375,150,13860225
NIFTY-I.NFO,08/05/2025,15:20:28,24285.2,24285.2,75,24286.7,150,900,13860225
NIFTY-I.NFO,08/05/2025,15:20:29,24285.1,24285.1,75,24288.5,75,1050,13860225
NIFTY-I.NFO,08/05/2025,15:20:31,24289.1,24285.3,525,24288.9,75,150,13860225
NIFTY-I.NFO,08/05/2025,15:20:33,24289.2,24285.2,150,24289.2,75,525,13860225
NIFTY-I.NFO,08/05/2025,15:20:34,24286.1,24286,225,24288.2,75,600,13860225
NIFTY-I.NFO,08/05/2025,15:20:36,24289.1,24286.1,375,24288,75,525,13860225
NIFTY-I.NFO,08/05/2025,15:20:38,24285.2,24285,75,24286,75,375,13860225
NIFTY-I.NFO,08/05/2025,15:20:39,24288,24283.4,375,24288.7,150,300,13860225
NIFTY-I.NFO,08/05/2025,15:20:41,24288.2,24285,150,24288.4,75,300,13860225
NIFTY-I.NFO,08/05/2025,15:20:43,24283.4,24283.3,150,24288,150,1275,13860225
NIFTY-I.NFO,08/05/2025,15:20:44,24284,24284,75,24287.2,150,225,13860225
NIFTY-I.NFO,08/05/2025,15:20:46,24284,24283.3,450,24284,225,300,13860225
NIFTY-I.NFO,08/05/2025,15:20:48,24284.7,24283.2,150,24284,75,675,13860225
NIFTY-I.NFO,08/05/2025,15:20:49,24280,24278.9,75,24280,13425,10500,13860225
NIFTY-I.NFO,08/05/2025,15:20:51,24280,24279.9,825,24280,10425,4425,13860225
NIFTY-I.NFO,08/05/2025,15:20:53,24279.3,24279.3,375,24280,9225,2925,13860225
NIFTY-I.NFO,08/05/2025,15:20:54,24280,24279.5,450,24280,10575,525,13860225
NIFTY-I.NFO,08/05/2025,15:20:56,24279.5,24278.5,750,24279.5,4725,1575,13860225
NIFTY-I.NFO,08/05/2025,15:20:58,24279.5,24279.1,375,24279.5,4425,450,13860225
NIFTY-I.NFO,08/05/2025,15:20:59,24277.2,24277,150,24278.9,75,3525,13860225
NIFTY-I.NFO,08/05/2025,15:21:01,24276.8,24276.4,450,24278,450,375,13860225
NIFTY-I.NFO,08/05/2025,15:21:03,24276.4,24276.3,225,24276.8,225,450,13860225
NIFTY-I.NFO,08/05/2025,15:21:04,24274,24273.6,150,24276.8,150,9225,13860225
NIFTY-I.NFO,08/05/2025,15:21:06,24274.8,24274.1,375,24275,75,1275,13860225
NIFTY-I.NFO,08/05/2025,15:21:08,24272.7,24274,375,24274.4,150,1500,13860225
NIFTY-I.NFO,08/05/2025,15:21:09,24274.5,24274.4,450,24275,5325,1200,13860225
NIFTY-I.NFO,08/05/2025,15:21:11,24274.3,24274.8,300,24275,5475,525,13860225
NIFTY-I.NFO,08/05/2025,15:21:13,24270.6,24270.5,375,24275,5475,5325,13860225
NIFTY-I.NFO,08/05/2025,15:21:14,24274.6,24269.5,75,24274.8,75,7425,13860225
NIFTY-I.NFO,08/05/2025,15:21:16,24271.6,24270.4,150,24271.6,1200,450,13860225
NIFTY-I.NFO,08/05/2025,15:21:18,24273.4,24273.4,225,24274,150,1725,13860225
NIFTY-I.NFO,08/05/2025,15:21:19,24270,24269.9,150,24270,525,4725,13860225
NIFTY-I.NFO,08/05/2025,15:21:21,24269.8,24269,75,24269.9,5325,1725,13860225
NIFTY-I.NFO,08/05/2025,15:21:22,24269,24269.5,75,24269.9,4275,1425,13860225
NIFTY-I.NFO,08/05/2025,15:21:24,24269.9,24269.3,75,24269.9,3900,1275,13860225
NIFTY-I.NFO,08/05/2025,15:21:26,24269.9,24267.3,525,24269.9,3450,825,13860225
NIFTY-I.NFO,08/05/2025,15:21:27,24267.3,24268,150,24269.9,3375,2550,13860225
NIFTY-I.NFO,08/05/2025,15:21:29,24268,24266.2,75,24269.9,3150,900,13860225
NIFTY-I.NFO,08/05/2025,15:21:31,24268.9,24265.5,75,24269,75,27750,13860225
NIFTY-I.NFO,08/05/2025,15:21:32,24266.2,24265,150,24269.7,225,525,13860225
NIFTY-I.NFO,08/05/2025,15:21:34,24262.9,24262.6,375,24269.2,150,3975,13860225
NIFTY-I.NFO,08/05/2025,15:21:36,24267.3,24265,75,24267.3,1200,2850,13860225
NIFTY-I.NFO,08/05/2025,15:21:37,24267.3,24263.6,375,24267.3,225,3075,13860225
NIFTY-I.NFO,08/05/2025,15:21:39,24269.9,24263.4,375,24269.9,150,2550,13860225
NIFTY-I.NFO,08/05/2025,15:21:41,24265,24263,150,24265,225,5850,13860225
NIFTY-I.NFO,08/05/2025,15:21:42,24269,24269,225,24270,975,1425,13860225
NIFTY-I.NFO,08/05/2025,15:21:44,24265.4,24266.2,525,24270,75,1575,13860225
NIFTY-I.NFO,08/05/2025,15:21:46,24266.4,24266.4,375,24269,75,525,13860225
NIFTY-I.NFO,08/05/2025,15:21:47,24273.4,24268.4,150,24273.5,75,375,13860225
NIFTY-I.NFO,08/05/2025,15:21:49,24268,24268.1,75,24269,150,675,13860225
NIFTY-I.NFO,08/05/2025,15:21:51,24269,24268.1,675,24270,150,150,13860225
NIFTY-I.NFO,08/05/2025,15:21:52,24270,24269.9,150,24272.2,150,1725,13860225
NIFTY-I.NFO,08/05/2025,15:21:54,24267.2,24267.2,375,24270,150,675,13860225
NIFTY-I.NFO,08/05/2025,15:21:56,24269.9,24267.2,225,24269.9,75,225,13860225
NIFTY-I.NFO,08/05/2025,15:21:57,24265,24265,2325,24269.1,150,1950,13860225
NIFTY-I.NFO,08/05/2025,15:21:59,24265,24265.1,150,24268.3,375,750,13860225
NIFTY-I.NFO,08/05/2025,15:22:01,24265,24265,1950,24269.7,75,975,13860225
NIFTY-I.NFO,08/05/2025,15:22:03,24265,24265,450,24269.8,450,1725,13860225
NIFTY-I.NFO,08/05/2025,15:22:04,24265,24265,225,24268.6,150,1200,13860225
NIFTY-I.NFO,08/05/2025,15:22:06,24264.7,24263.6,75,24265,225,1275,13860225
NIFTY-I.NFO,08/05/2025,15:22:08,24265.1,24265.1,75,24268.9,225,825,13860225
NIFTY-I.NFO,08/05/2025,15:22:09,24268.4,24265,1275,24268.8,150,300,13860225
NIFTY-I.NFO,08/05/2025,15:22:11,24265,24265.1,75,24267.7,600,1725,13860225
NIFTY-I.NFO,08/05/2025,15:22:13,24265,24265,75,24265.1,75,900,13860225
NIFTY-I.NFO,08/05/2025,15:22:14,24262.3,24262.2,525,24263.5,75,900,13860225
NIFTY-I.NFO,08/05/2025,15:22:16,24262.2,24262.1,375,24263.5,75,225,13860225
NIFTY-I.NFO,08/05/2025,15:22:18,24266.1,24260.4,75,24262.1,75,2700,13913625
NIFTY-I.NFO,08/05/2025,15:22:19,24262.2,24260.1,75,24264.9,375,525,13913625
NIFTY-I.NFO,08/05/2025,15:22:21,24260,24260,5625,24262.2,150,750,13913625
NIFTY-I.NFO,08/05/2025,15:22:23,24262.6,24260.1,150,24263.3,375,825,13913625
NIFTY-I.NFO,08/05/2025,15:22:24,24260.1,24260.1,75,24263.3,150,1875,13913625
NIFTY-I.NFO,08/05/2025,15:22:26,24260,24260.3,375,24262.9,75,450,13913625
NIFTY-I.NFO,08/05/2025,15:22:28,24263,24260,5625,24260.1,75,1575,13913625
NIFTY-I.NFO,08/05/2025,15:22:29,24262.2,24260.1,375,24264,75,1875,13913625
NIFTY-I.NFO,08/05/2025,15:22:31,24260,24260,5475,24264.1,75,1050,13913625
NIFTY-I.NFO,08/05/2025,15:22:33,24262,24262.2,975,24262.5,225,900,13913625
NIFTY-I.NFO,08/05/2025,15:22:34,24261.1,24261.1,225,24262.6,150,1800,13913625
NIFTY-I.NFO,08/05/2025,15:22:36,24261,24260,5850,24261,75,2025,13913625
NIFTY-I.NFO,08/05/2025,15:22:38,24262,24261.4,75,24261.9,375,825,13913625
NIFTY-I.NFO,08/05/2025,15:22:39,24260,24260,5550,24262.8,75,600,13913625
NIFTY-I.NFO,08/05/2025,15:22:41,24260,24260,3900,24262.3,75,2250,13913625
NIFTY-I.NFO,08/05/2025,15:22:43,24261.5,24260,1800,24262,75,2625,13913625
NIFTY-I.NFO,08/05/2025,15:22:44,24260.2,24259.2,75,24260.5,75,3450,13913625
NIFTY-I.NFO,08/05/2025,15:22:46,24260.2,24260.1,375,24261.8,825,825,13913625
NIFTY-I.NFO,08/05/2025,15:22:48,24260.1,24260.1,375,24261.6,75,2925,13913625
NIFTY-I.NFO,08/05/2025,15:22:49,24260.2,24260.1,375,24261,75,1500,13913625
NIFTY-I.NFO,08/05/2025,15:22:51,24260,24260,1050,24260.2,75,2700,13913625
NIFTY-I.NFO,08/05/2025,15:22:53,24261.7,24259.9,75,24260.2,150,3900,13913625
NIFTY-I.NFO,08/05/2025,15:22:54,24260,24260,75,24260.8,75,2025,13913625
NIFTY-I.NFO,08/05/2025,15:22:56,24260.5,24260.3,300,24262.6,75,2400,13913625
NIFTY-I.NFO,08/05/2025,15:22:58,24260.8,24260.8,75,24263.3,75,450,13913625
NIFTY-I.NFO,08/05/2025,15:22:59,24261.2,24261.2,300,24263,75,675,13913625
NIFTY-I.NFO,08/05/2025,15:23:01,24261.8,24260.2,75,24260.8,150,3675,13913625
NIFTY-I.NFO,08/05/2025,15:23:03,24261,24261,300,24261.2,150,3825,13913625
NIFTY-I.NFO,08/05/2025,15:23:04,24260.4,24260.4,75,24262.7,75,1650,13913625
NIFTY-I.NFO,08/05/2025,15:23:06,24260.2,24260.2,150,24264.6,300,1875,13913625
NIFTY-I.NFO,08/05/2025,15:23:08,24260.1,24261.6,75,24264.6,300,225,13913625
NIFTY-I.NFO,08/05/2025,15:23:09,24260.8,24262.7,75,24265,1575,1725,13913625
NIFTY-I.NFO,08/05/2025,15:23:11,24264.9,24260.1,225,24264.7,450,2775,13913625
NIFTY-I.NFO,08/05/2025,15:23:13,24265,24262.6,1200,24265,600,750,13913625
NIFTY-I.NFO,08/05/2025,15:23:14,24263.8,24262.6,450,24263.5,75,2175,13913625
NIFTY-I.NFO,08/05/2025,15:23:16,24262.6,24262.6,75,24264.9,1050,1200,13913625
NIFTY-I.NFO,08/05/2025,15:23:18,24262.6,24262,150,24265.4,75,1500,13913625
NIFTY-I.NFO,08/05/2025,15:23:19,24260,24260,5625,24264.8,1050,900,13913625
NIFTY-I.NFO,08/05/2025,15:23:21,24260,24260,3975,24264.8,375,1800,13913625
NIFTY-I.NFO,08/05/2025,15:23:22,24260,24260,3675,24264.9,375,975,13913625
NIFTY-I.NFO,08/05/2025,15:23:24,24260,24260,3750,24265,450,825,13913625
NIFTY-I.NFO,08/05/2025,15:23:26,24260.1,24264,75,24265,675,300,13913625
NIFTY-I.NFO,08/05/2025,15:23:27,24260,24256.2,75,24262.6,75,31125,13913625
NIFTY-I.NFO,08/05/2025,15:23:29,24255,24254.8,75,24255,6300,14100,13913625
NIFTY-I.NFO,08/05/2025,15:23:31,24255,24254.9,75,24255,3075,3675,13913625
NIFTY-I.NFO,08/05/2025,15:23:32,24254.7,24254.7,75,24255,1500,2025,13913625
NIFTY-I.NFO,08/05/2025,15:23:34,24255,24252.9,75,24255,375,4875,13913625
NIFTY-I.NFO,08/05/2025,15:23:34,24252.9,24252.9,75,24255,375,0,13913625
NIFTY-I.NFO,08/05/2025,15:23:36,24255,24253.9,75,24255.4,75,525,13913625
NIFTY-I.NFO,08/05/2025,15:23:37,24260.1,24255.1,150,24260,225,825,13913625
NIFTY-I.NFO,08/05/2025,15:23:39,24255,24252,525,24255,1050,1500,13913625
NIFTY-I.NFO,08/05/2025,15:23:39,24252.4,24252,525,24255,1050,0,13913625
NIFTY-I.NFO,08/05/2025,15:23:41,24255,24255,300,24255.2,225,1575,13913625
NIFTY-I.NFO,08/05/2025,15:23:42,24255.2,24255.7,150,24259,150,375,13913625
NIFTY-I.NFO,08/05/2025,15:23:44,24255.6,24255.6,1425,24259,150,750,13913625
NIFTY-I.NFO,08/05/2025,15:23:46,24255.6,24255.6,1125,24259.4,150,450,13913625
NIFTY-I.NFO,08/05/2025,15:23:47,24255,24255,375,24255.7,150,1350,13913625
NIFTY-I.NFO,08/05/2025,15:23:49,24255.2,24255.1,150,24259.6,150,975,13913625
NIFTY-I.NFO,08/05/2025,15:23:51,24260,24255.1,150,24259.9,150,225,13913625
NIFTY-I.NFO,08/05/2025,15:23:52,24256,24256.1,75,24260,300,450,13913625
NIFTY-I.NFO,08/05/2025,15:23:54,24261.8,24256.1,150,24261.4,150,1125,13913625
NIFTY-I.NFO,08/05/2025,15:23:56,24259.7,24259.6,75,24260,75,300,13913625
NIFTY-I.NFO,08/05/2025,15:23:57,24259.9,24256.3,150,24259.9,1425,1800,13913625
NIFTY-I.NFO,08/05/2025,15:23:59,24255.6,24255.8,750,24256.1,2400,2100,13913625
NIFTY-I.NFO,08/05/2025,15:24:01,24259.8,24256.1,75,24259.9,675,3525,13913625
NIFTY-I.NFO,08/05/2025,15:24:02,24256.3,24255.6,225,24259.9,600,375,13913625
NIFTY-I.NFO,08/05/2025,15:24:04,24256.1,24255,75,24260,525,3000,13913625
NIFTY-I.NFO,08/05/2025,15:24:06,24252.2,24256,150,24259.1,975,2325,13913625
NIFTY-I.NFO,08/05/2025,15:24:06,24252.2,24256,150,24259.1,975,0,13913625
NIFTY-I.NFO,08/05/2025,15:24:07,24259.1,24253.2,300,24259.3,150,750,13913625
NIFTY-I.NFO,08/05/2025,15:24:09,24258.7,24253.3,75,24258.5,75,975,13913625
NIFTY-I.NFO,08/05/2025,15:24:11,24253.1,24253.1,1575,24254.1,150,225,13913625
NIFTY-I.NFO,08/05/2025,15:24:13,24254.1,24251,116550,24256,975,3750,13913625
NIFTY-I.NFO,08/05/2025,15:24:13,24251.1,24251,116550,24256,975,0,13913625
NIFTY-I.NFO,08/05/2025,15:24:14,24252.6,24253.1,75,24257.6,525,3675,13913625
NIFTY-I.NFO,08/05/2025,15:24:16,24251,24252,225,24252.7,525,2025,13913625
NIFTY-I.NFO,08/05/2025,15:24:16,24251,24252,225,24252.7,525,0,13913625
NIFTY-I.NFO,08/05/2025,15:24:18,24251,24251,113850,24252.3,450,2025,13913625
NIFTY-I.NFO,08/05/2025,15:24:19,24252.3,24252.3,975,24252.6,150,1125,13913625
NIFTY-I.NFO,08/05/2025,15:24:21,24252.7,24252.7,825,24253.1,600,2100,13913625
NIFTY-I.NFO,08/05/2025,15:24:23,24252.9,24251,111750,24252,75,5250,13913625
NIFTY-I.NFO,08/05/2025,15:24:24,24255,24252.6,75,24257.5,225,2250,13913625
NIFTY-I.NFO,08/05/2025,15:24:26,24252,24251,110250,24257,525,2775,13913625
NIFTY-I.NFO,08/05/2025,15:24:28,24251.2,24251.1,75,24253.9,300,1275,13913625
NIFTY-I.NFO,08/05/2025,15:24:29,24251,24251,109575,24253.9,225,1050,13913625
NIFTY-I.NFO,08/05/2025,15:24:31,24253.9,24251.1,2250,24253.9,150,525,13913625
NIFTY-I.NFO,08/05/2025,15:24:33,24252.5,24251.1,1650,24252.5,375,2100,13913625
NIFTY-I.NFO,08/05/2025,15:24:34,24252.5,24252,75,24252.5,375,525,13913625
NIFTY-I.NFO,08/05/2025,15:24:36,24252,24252,675,24252.5,300,375,13913625
NIFTY-I.NFO,08/05/2025,15:24:38,24251.1,24251.1,3225,24251.4,600,1275,13913625
NIFTY-I.NFO,08/05/2025,15:24:39,24251.1,24251.1,2925,24255.7,375,2400,13913625
NIFTY-I.NFO,08/05/2025,15:24:41,24252,24252,225,24254.9,75,2925,13913625
NIFTY-I.NFO,08/05/2025,15:24:43,24253,24251,109425,24253,600,1200,13913625
NIFTY-I.NFO,08/05/2025,15:24:44,24251,24251,99075,24251.1,525,10725,13913625
NIFTY-I.NFO,08/05/2025,15:24:46,24252,24251.1,75,24252,1125,2850,13913625
NIFTY-I.NFO,08/05/2025,15:24:48,24251,24251,96825,24252,1725,3450,13913625
NIFTY-I.NFO,08/05/2025,15:24:49,24251,24251,85500,24252,1575,11775,13913625
NIFTY-I.NFO,08/05/2025,15:24:51,24251,24251,79350,24252,1500,6450,13913625
NIFTY-I.NFO,08/05/2025,15:24:53,24251.1,24251.1,150,24251.4,75,3450,13913625
NIFTY-I.NFO,08/05/2025,15:24:54,24251.4,24251,76050,24251.4,75,1650,13913625
NIFTY-I.NFO,08/05/2025,15:24:56,24251.1,24251,62700,24251.1,150,13950,13913625
NIFTY-I.NFO,08/05/2025,15:24:58,24251,24251,55425,24251.3,75,12075,13913625
NIFTY-I.NFO,08/05/2025,15:24:59,24251,24251,43125,24251.2,75,13350,13913625
NIFTY-I.NFO,08/05/2025,15:25:01,24251,24251,35250,24251.2,375,8700,13913625
NIFTY-I.NFO,08/05/2025,15:25:03,24251,24251,29325,24251.4,375,6675,13913625
NIFTY-I.NFO,08/05/2025,15:25:04,24251,24251,21975,24251.6,75,8025,13913625
NIFTY-I.NFO,08/05/2025,15:25:06,24251,24251,21825,24251.8,75,1275,13913625
NIFTY-I.NFO,08/05/2025,15:25:08,24251,24251,20100,24252.7,450,5325,13913625
NIFTY-I.NFO,08/05/2025,15:25:09,24250.6,24250.6,450,24251,75,22500,13913625
NIFTY-I.NFO,08/05/2025,15:25:09,24250.6,24250.6,450,24251,75,0,13913625
NIFTY-I.NFO,08/05/2025,15:25:11,24251.4,24251.4,750,24253,225,8100,13913625
NIFTY-I.NFO,08/05/2025,15:25:11,24250,24251.4,750,24253,225,0,13913625
NIFTY-I.NFO,08/05/2025,15:25:13,24252.2,24251.4,675,24252.2,225,1350,13913625
NIFTY-I.NFO,08/05/2025,15:25:14,24251.4,24251.4,525,24254,525,6825,13913625
NIFTY-I.NFO,08/05/2025,15:25:16,24251.7,24251.4,975,24254,150,2550,13913625
NIFTY-I.NFO,08/05/2025,15:25:18,24250,24251.4,750,24255,300,5025,13913625
NIFTY-I.NFO,08/05/2025,15:25:19,24251.4,24251.4,150,24255.9,75,3900,13932750
NIFTY-I.NFO,08/05/2025,15:25:21,24255.9,24255.9,225,24256.4,75,2625,13932750
NIFTY-I.NFO,08/05/2025,15:25:22,24255,24252.2,75,24256.8,75,1650,13932750
NIFTY-I.NFO,08/05/2025,15:25:24,24253.4,24251.5,75,24256.8,150,4125,13932750
NIFTY-I.NFO,08/05/2025,15:25:26,24251.6,24251.5,150,24255,375,975,13932750
NIFTY-I.NFO,08/05/2025,15:25:27,24250,24251.5,150,24255,150,18225,13932750
NIFTY-I.NFO,08/05/2025,15:25:29,24251.5,24251.4,750,24251.5,300,4500,13932750
NIFTY-I.NFO,08/05/2025,15:25:31,24251.5,24251.4,750,24251.5,1350,3975,13932750
NIFTY-I.NFO,08/05/2025,15:25:32,24251.4,24251.4,600,24251.5,750,6975,13932750
NIFTY-I.NFO,08/05/2025,15:25:34,24251.4,24251.4,750,24251.5,75,6825,13932750
NIFTY-I.NFO,08/05/2025,15:25:36,24251.6,24251.6,75,24253,75,6600,13932750
NIFTY-I.NFO,08/05/2025,15:25:37,24251.4,24251.4,300,24251.5,600,5025,13932750
NIFTY-I.NFO,08/05/2025,15:25:39,24252.2,24252,600,24252.2,450,1725,13932750
NIFTY-I.NFO,08/05/2025,15:25:41,24251.4,24250.1,75,24251.4,525,3750,13932750
NIFTY-I.NFO,08/05/2025,15:25:42,24250.7,24250,75,24250.7,75,7575,13932750
NIFTY-I.NFO,08/05/2025,15:25:42,24248.6,24250,75,24250.7,75,0,13932750
NIFTY-I.NFO,08/05/2025,15:25:44,24249.3,24249.5,75,24250,1050,1800,13932750
NIFTY-I.NFO,08/05/2025,15:25:46,24251.4,24251.2,75,24252,75,1875,13932750
NIFTY-I.NFO,08/05/2025,15:25:47,24250,24249.6,225,24250,1575,900,13932750
NIFTY-I.NFO,08/05/2025,15:25:49,24250,24248.6,300,24250,3150,600,13932750
NIFTY-I.NFO,08/05/2025,15:25:51,24250,24249.6,75,24250,2775,750,13932750
NIFTY-I.NFO,08/05/2025,15:25:51,24248.5,24249.6,75,24250,2775,0,13932750
NIFTY-I.NFO,08/05/2025,15:25:52,24248.5,24248,300,24248.5,300,3600,13932750
NIFTY-I.NFO,08/05/2025,15:25:52,24248.2,24248,300,24248.5,300,0,13932750
NIFTY-I.NFO,08/05/2025,15:25:54,24250,24246.7,150,24248.5,150,2850,13932750
NIFTY-I.NFO,08/05/2025,15:25:54,24246.6,24246.7,150,24248.5,150,0,13932750
NIFTY-I.NFO,08/05/2025,15:25:56,24246.4,24246,225,24248.5,150,825,13932750
NIFTY-I.NFO,08/05/2025,15:25:56,24246.2,24246,225,24248.5,150,0,13932750
NIFTY-I.NFO,08/05/2025,15:25:57,24245.1,24246.5,375,24247.3,525,5175,13932750
NIFTY-I.NFO,08/05/2025,15:25:57,24245,24246.5,375,24247.3,525,0,13932750
NIFTY-I.NFO,08/05/2025,15:25:59,24246.7,24244.7,375,24246.7,225,4200,13932750
NIFTY-I.NFO,08/05/2025,15:25:59,24244.7,24244.7,375,24246.7,225,0,13932750
NIFTY-I.NFO,08/05/2025,15:26:01,24244.3,24244.5,75,24246.6,150,975,13932750
NIFTY-I.NFO,08/05/2025,15:26:01,24244.2,24244.5,75,24246.6,150,0,13932750
NIFTY-I.NFO,08/05/2025,15:26:02,24244.3,24244.3,150,24245.1,75,3450,13932750
NIFTY-I.NFO,08/05/2025,15:26:04,24244.2,24244.4,75,24245,825,3000,13932750
NIFTY-I.NFO,08/05/2025,15:26:04,24243.3,24244.4,75,24245,825,0,13932750
NIFTY-I.NFO,08/05/2025,15:26:06,24245.5,24242.6,750,24245.5,225,2850,13932750
NIFTY-I.NFO,08/05/2025,15:26:06,24242.3,24242.6,750,24245.5,225,0,13932750
NIFTY-I.NFO,08/05/2025,15:26:07,24246.2,24242.3,375,24246.2,75,2325,13932750
NIFTY-I.NFO,08/05/2025,15:26:07,24242.1,24242.3,375,24246.2,75,0,13932750
NIFTY-I.NFO,08/05/2025,15:26:09,24246.2,24242.2,150,24246.6,75,2625,13932750
NIFTY-I.NFO,08/05/2025,15:26:11,24243,24241.8,150,24248.5,375,3150,13932750
NIFTY-I.NFO,08/05/2025,15:26:11,24241.4,24241.8,150,24248.5,375,0,13932750
NIFTY-I.NFO,08/05/2025,15:26:12,24242.6,24242,225,24242.6,150,6975,13932750
NIFTY-I.NFO,08/05/2025,15:26:14,24241,24242.1,900,24244.3,150,4800,13932750
NIFTY-I.NFO,08/05/2025,15:26:14,24241,24242.1,900,24244.3,150,0,13932750
NIFTY-I.NFO,08/05/2025,15:26:16,24245.3,24242.1,225,24245.3,375,1425,13932750
NIFTY-I.NFO,08/05/2025,15:26:17,24241.3,24242,150,24243,150,3375,13932750
NIFTY-I.NFO,08/05/2025,15:26:19,24245.3,24243.8,375,24246,75,600,13932750
NIFTY-I.NFO,08/05/2025,15:26:21,24242.5,24242.1,900,24243.4,75,1200,13932750
NIFTY-I.NFO,08/05/2025,15:26:22,24244,24242.1,900,24243.9,150,1350,13932750
NIFTY-I.NFO,08/05/2025,15:26:24,24242.4,24242.4,300,24243.8,150,2925,13932750
NIFTY-I.NFO,08/05/2025,15:26:26,24242.1,24242,675,24243.3,150,3525,13932750
NIFTY-I.NFO,08/05/2025,15:26:27,24242.6,24240.2,150,24242.6,525,2925,13932750
NIFTY-I.NFO,08/05/2025,15:26:27,24240.8,24240.2,150,24242.6,525,0,13932750
NIFTY-I.NFO,08/05/2025,15:26:29,24241,24240.1,75,24242,75,675,13932750
NIFTY-I.NFO,08/05/2025,15:26:29,24240.1,24240.1,75,24242,75,0,13932750
NIFTY-I.NFO,08/05/2025,15:26:31,24240,24239.1,75,24242.5,375,5925,13932750
NIFTY-I.NFO,08/05/2025,15:26:31,24240,24239.1,75,24242.5,375,0,13932750
NIFTY-I.NFO,08/05/2025,15:26:32,24237.6,24236.7,675,24237.6,825,2775,13932750
NIFTY-I.NFO,08/05/2025,15:26:32,24236.7,24236.7,675,24237.6,825,0,13932750
NIFTY-I.NFO,08/05/2025,15:26:34,24239.1,24237.3,375,24239.1,525,4350,13932750
NIFTY-I.NFO,08/05/2025,15:26:34,24236.1,24237.3,375,24239.1,525,0,13932750
NIFTY-I.NFO,08/05/2025,15:26:36,24239.1,24236.2,750,24239.1,225,1650,13932750
NIFTY-I.NFO,08/05/2025,15:26:36,24236,24236.2,750,24239.1,225,0,13932750
NIFTY-I.NFO,08/05/2025,15:26:37,24237,24236,150,24237,375,2100,13932750
NIFTY-I.NFO,08/05/2025,15:26:39,24236.6,24236,75,24237.6,150,1725,13932750
NIFTY-I.NFO,08/05/2025,15:26:41,24236.3,24236.1,225,24237.5,150,2325,13932750
NIFTY-I.NFO,08/05/2025,15:26:42,24232,24232,150,24237,75,5475,13932750
NIFTY-I.NFO,08/05/2025,15:26:42,24232,24232,150,24237,75,0,13932750
NIFTY-I.NFO,08/05/2025,15:26:44,24236.5,24231.1,1575,24236,225,1275,13932750
NIFTY-I.NFO,08/05/2025,15:26:44,24231.1,24231.1,1575,24236,225,0,13932750
NIFTY-I.NFO,08/05/2025,15:26:46,24235,24233,375,24235,300,1425,13932750
NIFTY-I.NFO,08/05/2025,15:26:47,24231,24231,1875,24234.4,675,3000,13932750
NIFTY-I.NFO,08/05/2025,15:26:47,24231,24231,1875,24234.4,675,0,13932750
NIFTY-I.NFO,08/05/2025,15:26:49,24233.7,24232,150,24232.4,1425,2550,13932750
NIFTY-I.NFO,08/05/2025,15:26:51,24231,24231,1575,24231.1,1425,3225,13932750
NIFTY-I.NFO,08/05/2025,15:26:52,24230,24230,2025,24231.1,2700,3300,13932750
NIFTY-I.NFO,08/05/2025,15:26:52,24230,24230,2025,24231.1,2700,0,13932750
NIFTY-I.NFO,08/05/2025,15:26:54,24231.1,24230,300,24231.1,1050,4500,13932750
NIFTY-I.NFO,08/05/2025,15:26:56,24231,24230,375,24233,150,1425,13932750
NIFTY-I.NFO,08/05/2025,15:26:57,24227.1,24227.1,75,24234.4,75,4875,13932750
NIFTY-I.NFO,08/05/2025,15:26:57,24226.9,24227.1,75,24234.4,75,0,13932750
NIFTY-I.NFO,08/05/2025,15:26:59,24230.7,24227.8,750,24230,75,5625,13932750
NIFTY-I.NFO,08/05/2025,15:27:01,24230.1,24230.2,225,24234.5,525,1650,13932750
NIFTY-I.NFO,08/05/2025,15:27:02,24232.4,24227.3,150,24232.4,75,3300,13932750
NIFTY-I.NFO,08/05/2025,15:27:04,24230.5,24230,450,24230.4,75,2775,13932750
NIFTY-I.NFO,08/05/2025,15:27:06,24227.3,24227.1,750,24227.3,225,7425,13932750
NIFTY-I.NFO,08/05/2025,15:27:06,24226.3,24227.1,750,24227.3,225,0,13932750
NIFTY-I.NFO,08/05/2025,15:27:07,24228.8,24228.8,450,24230,3975,2250,13932750
NIFTY-I.NFO,08/05/2025,15:27:07,24226.2,24228.8,450,24230,3975,0,13932750
NIFTY-I.NFO,08/05/2025,15:27:09,24226,24226,3225,24230,2700,2400,13932750
NIFTY-I.NFO,08/05/2025,15:27:09,24226,24226,3225,24230,2700,0,13932750
NIFTY-I.NFO,08/05/2025,15:27:11,24226,24226,1200,24229.4,525,4575,13932750
NIFTY-I.NFO,08/05/2025,15:27:12,24225.9,24225.8,675,24228,1200,6300,13932750
NIFTY-I.NFO,08/05/2025,15:27:12,24225.3,24225.8,675,24228,1200,0,13932750
NIFTY-I.NFO,08/05/2025,15:27:14,24228.2,24225.8,75,24228.2,300,2775,13932750
NIFTY-I.NFO,08/05/2025,15:27:16,24227.8,24226,75,24227.8,525,1500,13932750
NIFTY-I.NFO,08/05/2025,15:27:16,24225.2,24226,75,24227.8,525,0,13932750
NIFTY-I.NFO,08/05/2025,15:27:17,24226,24225,2400,24226,75,4575,13932750
NIFTY-I.NFO,08/05/2025,15:27:17,24225,24225,2400,24226,75,0,13932750
NIFTY-I.NFO,08/05/2025,15:27:19,24228.6,24225.2,75,24229.9,150,5100,13932750
NIFTY-I.NFO,08/05/2025,15:27:21,24229.7,24225,525,24229.9,150,3150,13932750
NIFTY-I.NFO,08/05/2025,15:27:22,24225.2,24225,75,24225.2,1350,2400,13932750
NIFTY-I.NFO,08/05/2025,15:27:22,24222.5,24225,75,24225.2,1350,0,13932750
NIFTY-I.NFO,08/05/2025,15:27:24,24226,24222.1,450,24229.2,675,5700,13932750
NIFTY-I.NFO,08/05/2025,15:27:24,24222.1,24222.1,450,24229.2,675,0,13932750
NIFTY-I.NFO,08/05/2025,15:27:26,24222.8,24221.3,975,24222.8,525,5325,13932750
NIFTY-I.NFO,08/05/2025,15:27:26,24221.1,24221.3,975,24222.8,525,0,13932750
NIFTY-I.NFO,08/05/2025,15:27:27,24221.3,24221,3450,24222,750,1425,13932750
NIFTY-I.NFO,08/05/2025,15:27:29,24221,24221,1125,24221.3,525,4425,13932750
NIFTY-I.NFO,08/05/2025,15:27:29,24221,24221,1125,24221.3,525,0,13932750
NIFTY-I.NFO,08/05/2025,15:27:31,24220.1,24220.1,825,24221,1200,4200,13932750
NIFTY-I.NFO,08/05/2025,15:27:31,24220.1,24220.1,825,24221,1200,0,13932750
NIFTY-I.NFO,08/05/2025,15:27:32,24220,24220,3750,24220.1,1725,5025,13932750
NIFTY-I.NFO,08/05/2025,15:27:32,24220,24220,3750,24220.1,1725,0,13932750
NIFTY-I.NFO,08/05/2025,15:27:34,24220.1,24220,1500,24220.1,675,3375,13932750
NIFTY-I.NFO,08/05/2025,15:27:36,24220,24218,150,24220,2700,3000,13932750
NIFTY-I.NFO,08/05/2025,15:27:36,24218.9,24218,150,24220,2700,0,13932750
NIFTY-I.NFO,08/05/2025,15:27:37,24219,24216.4,75,24219,450,3750,13932750
NIFTY-I.NFO,08/05/2025,15:27:37,24216,24216.4,75,24219,450,0,13932750
NIFTY-I.NFO,08/05/2025,15:27:39,24218,24215.1,75,24218,1350,5550,13932750
NIFTY-I.NFO,08/05/2025,15:27:39,24215,24215.1,75,24218,1350,0,13932750
NIFTY-I.NFO,08/05/2025,15:27:41,24215.1,24214.5,75,24215.1,75,2775,13932750
NIFTY-I.NFO,08/05/2025,15:27:41,24213.4,24214.5,75,24215.1,75,0,13932750
NIFTY-I.NFO,08/05/2025,15:27:42,24215.3,24215.3,300,24218,1200,3000,13932750
NIFTY-I.NFO,08/05/2025,15:27:44,24218.7,24215.3,300,24218.7,75,4425,13932750
NIFTY-I.NFO,08/05/2025,15:27:44,24212.7,24215.3,300,24218.7,75,0,13932750
NIFTY-I.NFO,08/05/2025,15:27:46,24218.5,24218.2,75,24219.6,75,4725,13932750
NIFTY-I.NFO,08/05/2025,15:27:47,24214.5,24215.1,75,24215.3,75,5775,13932750
NIFTY-I.NFO,08/05/2025,15:27:49,24215,24215,75,24217.7,600,2250,13932750
NIFTY-I.NFO,08/05/2025,15:27:49,24212.1,24215,75,24217.7,600,0,13932750
NIFTY-I.NFO,08/05/2025,15:27:51,24217.2,24215.3,225,24216.7,150,825,13932750
NIFTY-I.NFO,08/05/2025,15:27:52,24212.1,24212,1050,24215,1350,2175,13932750
NIFTY-I.NFO,08/05/2025,15:27:54,24212,24212,1050,24214.4,525,2550,13932750
NIFTY-I.NFO,08/05/2025,15:27:54,24212,24212,1050,24214.4,525,0,13932750
NIFTY-I.NFO,08/05/2025,15:27:56,24212,24212,600,24213.9,75,2700,13932750
NIFTY-I.NFO,08/05/2025,15:27:57,24212,24211.1,1500,24212,1650,2550,13932750
NIFTY-I.NFO,08/05/2025,15:27:57,24211.1,24211.1,1500,24212,1650,0,13932750
NIFTY-I.NFO,08/05/2025,15:27:59,24211.1,24211.1,450,24212.3,75,2850,13932750
NIFTY-I.NFO,08/05/2025,15:28:01,24211,24210.1,450,24211,2400,5775,13932750
NIFTY-I.NFO,08/05/2025,15:28:01,24211,24210.1,450,24211,2400,0,13932750
NIFTY-I.NFO,08/05/2025,15:28:02,24211,24210,3675,24211,4050,2925,13932750
NIFTY-I.NFO,08/05/2025,15:28:02,24210,24210,3675,24211,4050,0,13932750
NIFTY-I.NFO,08/05/2025,15:28:04,24210,24210,2700,24210.1,1125,3525,13932750
NIFTY-I.NFO,08/05/2025,15:28:06,24209,24209,600,24210.1,1425,6150,13932750
NIFTY-I.NFO,08/05/2025,15:28:06,24206,24209,600,24210.1,1425,0,13932750
NIFTY-I.NFO,08/05/2025,15:28:07,24210,24209,525,24209.1,75,9225,13932750
NIFTY-I.NFO,08/05/2025,15:28:09,24206,24206,1875,24208.3,150,4050,13932750
NIFTY-I.NFO,08/05/2025,15:28:11,24208,24205,1425,24208.1,75,3225,13932750
NIFTY-I.NFO,08/05/2025,15:28:12,24204,24204,225,24205,75,3525,13932750
NIFTY-I.NFO,08/05/2025,15:28:12,24204,24204,225,24205,75,0,13932750
NIFTY-I.NFO,08/05/2025,15:28:14,24206,24205.7,750,24206,375,1425,13932750
NIFTY-I.NFO,08/05/2025,15:28:16,24202,24204.2,750,24206.3,75,4200,13932750
NIFTY-I.NFO,08/05/2025,15:28:16,24202,24204.2,750,24206.3,75,0,13932750
NIFTY-I.NFO,08/05/2025,15:28:17,24202,24203,750,24206,1575,2250,13932750
NIFTY-I.NFO,08/05/2025,15:28:19,24205,24203.2,375,24205,3300,2700,14043600
NIFTY-I.NFO,08/05/2025,15:28:21,24202,24202.2,750,24202.4,75,4425,14043600
NIFTY-I.NFO,08/05/2025,15:28:21,24201.1,24202.2,750,24202.4,75,0,14043600
NIFTY-I.NFO,08/05/2025,15:28:22,24204.2,24202,150,24205,2475,4800,14043600
NIFTY-I.NFO,08/05/2025,15:28:24,24205,24203,75,24205,1875,4125,14043600
NIFTY-I.NFO,08/05/2025,15:28:24,24201,24203,75,24205,1875,0,14043600
NIFTY-I.NFO,08/05/2025,15:28:26,24201.8,24201.8,225,24202.5,75,2475,14043600
NIFTY-I.NFO,08/05/2025,15:28:27,24201,24201,4350,24201.5,75,5100,14043600
NIFTY-I.NFO,08/05/2025,15:28:29,24201,24201,2100,24203,75,4500,14043600
NIFTY-I.NFO,08/05/2025,15:28:31,24201,24201,300,24202.1,75,9150,14043600
NIFTY-I.NFO,08/05/2025,15:28:32,24201,24200.7,75,24201,75,1950,14043600
NIFTY-I.NFO,08/05/2025,15:28:32,24200.5,24200.7,75,24201,75,0,14043600
NIFTY-I.NFO,08/05/2025,15:28:34,24201,24201,600,24201.2,75,4425,14043600
NIFTY-I.NFO,08/05/2025,15:28:36,24202.6,24201.2,600,24202.1,75,5625,14043600
NIFTY-I.NFO,08/05/2025,15:28:37,24200.3,24200.3,225,24200.7,75,8550,14043600
NIFTY-I.NFO,08/05/2025,15:28:37,24200.3,24200.3,225,24200.7,75,0,14043600
NIFTY-I.NFO,08/05/2025,15:28:39,24202,24200.3,75,24201.5,75,3525,14043600
NIFTY-I.NFO,08/05/2025,15:28:39,24200.2,24200.3,75,24201.5,75,0,14043600
NIFTY-I.NFO,08/05/2025,15:28:41,24202,24201.9,75,24202.3,300,4950,14043600
NIFTY-I.NFO,08/05/2025,15:28:42,24202.5,24201.3,75,24202.4,75,5100,14043600
NIFTY-I.NFO,08/05/2025,15:28:42,24200,24201.3,75,24202.4,75,0,14043600
NIFTY-I.NFO,08/05/2025,15:28:44,24200.3,24200,6075,24200.7,75,8025,14043600
NIFTY-I.NFO,08/05/2025,15:28:46,24200.7,24195.2,150,24200.8,75,10350,14043600
NIFTY-I.NFO,08/05/2025,15:28:46,24195,24195.2,150,24200.8,75,0,14043600
NIFTY-I.NFO,08/05/2025,15:28:47,24195,24194.1,150,24199.8,300,1425,14043600
NIFTY-I.NFO,08/05/2025,15:28:49,24195.7,24195.7,75,24199.7,75,1950,14043600
NIFTY-I.NFO,08/05/2025,15:28:49,24194.1,24195.7,75,24199.7,75,0,14043600
NIFTY-I.NFO,08/05/2025,15:28:51,24195.9,24195.9,150,24199.8,150,2175,14043600
NIFTY-I.NFO,08/05/2025,15:28:52,24199.5,24199.5,150,24200.6,375,2625,14043600
NIFTY-I.NFO,08/05/2025,15:28:54,24195.9,24195.9,300,24198.2,75,3150,14043600
NIFTY-I.NFO,08/05/2025,15:28:56,24200,24200,1500,24200.7,1500,1650,14043600
NIFTY-I.NFO,08/05/2025,15:28:57,24199.7,24199.7,375,24200.7,525,4575,14043600
NIFTY-I.NFO,08/05/2025,15:28:59,24200.5,24198.8,1800,24200,75,6300,14043600
NIFTY-I.NFO,08/05/2025,15:29:01,24198.8,24198.8,525,24199.1,75,4800,14043600
NIFTY-I.NFO,08/05/2025,15:29:02,24200,24196.3,150,24202,375,6225,14043600
NIFTY-I.NFO,08/05/2025,15:29:04,24200,24200,600,24200.9,75,6300,14043600
NIFTY-I.NFO,08/05/2025,15:29:06,24200,24199.7,750,24200,75,4500,14043600
NIFTY-I.NFO,08/05/2025,15:29:07,24197.4,24197.4,600,24202.3,300,1575,14043600
NIFTY-I.NFO,08/05/2025,15:29:09,24195.7,24195.6,525,24201.5,300,2625,14043600
NIFTY-I.NFO,08/05/2025,15:29:11,24199.7,24199.5,450,24200,300,2175,14043600
NIFTY-I.NFO,08/05/2025,15:29:12,24203,24198.1,150,24203,75,3300,14043600
NIFTY-I.NFO,08/05/2025,15:29:14,24197.7,24196.9,75,24202,975,3375,14043600
NIFTY-I.NFO,08/05/2025,15:29:16,24200.3,24196.2,375,24196.9,750,2700,14043600
NIFTY-I.NFO,08/05/2025,15:29:17,24199.6,24197,75,24202.3,450,9375,14043600
NIFTY-I.NFO,08/05/2025,15:29:19,24200,24199,75,24201.1,75,3975,14043600
NIFTY-I.NFO,08/05/2025,15:29:21,24200,24196,600,24200,75,1500,14043600
NIFTY-I.NFO,08/05/2025,15:29:22,24201.1,24201.1,225,24201.6,75,16125,14043600
NIFTY-I.NFO,08/05/2025,15:29:24,24202.8,24200,6150,24200.5,75,7950,14043600
NIFTY-I.NFO,08/05/2025,15:29:26,24200,24200,3975,24200.7,150,8700,14043600
NIFTY-I.NFO,08/05/2025,15:29:27,24203.3,24200,2775,24200.2,75,6525,14043600
NIFTY-I.NFO,08/05/2025,15:29:29,24200,24200,1800,24200.4,150,7125,14043600
NIFTY-I.NFO,08/05/2025,15:29:31,24200.2,24200.2,300,24200.3,75,12675,14043600
NIFTY-I.NFO,08/05/2025,15:29:32,24203.2,24201.6,375,24202.5,75,5925,14043600
NIFTY-I.NFO,08/05/2025,15:29:34,24204,24203.3,450,24204,450,6000,14043600
NIFTY-I.NFO,08/05/2025,15:29:36,24203.4,24203.3,1350,24203.4,375,3525,14043600
NIFTY-I.NFO,08/05/2025,15:29:37,24203.3,24197.3,75,24203.4,450,5925,14043600
NIFTY-I.NFO,08/05/2025,15:29:39,24197.5,24197.3,75,24201.8,75,4500,14043600
NIFTY-I.NFO,08/05/2025,15:29:41,24203.4,24203.4,75,24204,675,2250,14043600
NIFTY-I.NFO,08/05/2025,15:29:42,24203.3,24203.3,900,24204,300,2850,14043600
NIFTY-I.NFO,08/05/2025,15:29:44,24203.3,24202.6,75,24203.4,600,4650,14043600
NIFTY-I.NFO,08/05/2025,15:29:46,24204,24203.3,300,24204,75,2175,14043600
NIFTY-I.NFO,08/05/2025,15:29:47,24206,24204,675,24204.3,75,1425,14043600
NIFTY-I.NFO,08/05/2025,15:29:49,24206.6,24203.4,1275,24206.6,75,2625,14043600
NIFTY-I.NFO,08/05/2025,15:29:51,24204,24204,150,24206.8,75,2400,14043600
NIFTY-I.NFO,08/05/2025,15:29:52,24203.4,24203.3,375,24203.4,225,2850,14043600
NIFTY-I.NFO,08/05/2025,15:29:54,24203.3,24203.3,1200,24204,300,2850,14043600
NIFTY-I.NFO,08/05/2025,15:29:56,24207.7,24207.7,450,24208.3,150,3675,14043600
NIFTY-I.NFO,08/05/2025,15:29:57,24209,24208.3,75,24209,1575,1725,14043600
NIFTY-I.NFO,08/05/2025,15:29:59,24208.2,24208,150,24208.7,150,4500,14043600
NIFTY-I.NFO,08/05/2025,15:30:01,24207.5,24196.4,375,24207.5,75,2850,14043600
