Ticker,Date,Time,LTP,BuyPrice,BuyQty,SellPrice,SellQty,LTQ,OpenInterest
NIFTY-II.NFO,05/08/2024,09:15:00,24729.95,24711,100,24729.95,375,125,0
NIFTY-II.NFO,05/08/2024,09:15:00,24729.95,24711,100,24729.95,375,0,0
NIFTY-II.NFO,05/08/2024,09:15:00,24729.95,24711,100,24729.95,375,0,0
NIFTY-II.NFO,05/08/2024,09:15:00,24729.95,24711,100,24729.95,375,0,0
NIFTY-II.NFO,05/08/2024,09:15:01,24500.05,24500.05,100,24508.75,50,3475,1060875
NIFTY-II.NFO,05/08/2024,09:15:01,24495.05,24500.05,100,24508.75,50,0,1060875
NIFTY-II.NFO,05/08/2024,09:15:02,24495,24495.25,125,24523.8,100,2925,1060875
NIFTY-II.NFO,05/08/2024,09:15:02,24495,24495.25,125,24523.8,100,0,1060875
NIFTY-II.NFO,05/08/2024,09:15:04,24527.6,24502.05,100,24531.45,300,2450,1060875
NIFTY-II.NFO,05/08/2024,09:15:04,24487.2,24502.05,100,24531.45,300,0,1060875
NIFTY-II.NFO,05/08/2024,09:15:05,24502.05,24502,25,24521.4,100,2725,1060875
NIFTY-II.NFO,05/08/2024,09:15:07,24507,24506.95,50,24525.3,200,1475,1060875
NIFTY-II.NFO,05/08/2024,09:15:08,24498.75,24496.35,50,24516,200,2075,1060875
NIFTY-II.NFO,05/08/2024,09:15:10,24515.6,24500.15,200,24515.55,25,3300,1060875
NIFTY-II.NFO,05/08/2024,09:15:11,24511.6,24500.05,50,24511.6,200,3075,1060875
NIFTY-II.NFO,05/08/2024,09:15:12,24507.95,24501.05,125,24508.3,200,2800,1060875
NIFTY-II.NFO,05/08/2024,09:15:14,24508.8,24495.1,200,24508.8,150,1600,1060875
NIFTY-II.NFO,05/08/2024,09:15:15,24507.9,24495.45,200,24507.95,50,775,1060875
NIFTY-II.NFO,05/08/2024,09:15:17,24529.25,24502.2,200,24519.55,200,3475,1060875
NIFTY-II.NFO,05/08/2024,09:15:18,24508.9,24508.85,50,24516.35,175,800,1060875
NIFTY-II.NFO,05/08/2024,09:15:20,24509.25,24510.6,200,24518.1,25,825,1060875
NIFTY-II.NFO,05/08/2024,09:15:21,24521.3,24511.6,200,24521.3,175,3725,1060875
NIFTY-II.NFO,05/08/2024,09:15:22,24523.35,24512.3,25,24523.35,200,1675,1060875
NIFTY-II.NFO,05/08/2024,09:15:24,24522.4,24513.85,250,24522.55,200,1400,1060875
NIFTY-II.NFO,05/08/2024,09:15:25,24519.5,24511.75,200,24519.5,125,1125,1060875
NIFTY-II.NFO,05/08/2024,09:15:27,24523.2,24513,150,24523.2,200,2325,1060875
NIFTY-II.NFO,05/08/2024,09:15:28,24519.7,24510.05,175,24519.7,200,1300,1060875
NIFTY-II.NFO,05/08/2024,09:15:30,24519.6,24510.05,50,24519.6,200,1550,1060875
NIFTY-II.NFO,05/08/2024,09:15:31,24515.75,24510,50,24515.75,200,2525,1060875
NIFTY-II.NFO,05/08/2024,09:15:32,24512.15,24512,25,24519.05,50,5725,1060875
NIFTY-II.NFO,05/08/2024,09:15:34,24515.8,24515.8,200,24524.85,25,1025,1060875
NIFTY-II.NFO,05/08/2024,09:15:35,24524,24514.45,200,24524,150,1575,1058500
NIFTY-II.NFO,05/08/2024,09:15:37,24509.3,24509.3,25,24514.95,200,650,1058500
NIFTY-II.NFO,05/08/2024,09:15:38,24515,24505.95,200,24515,650,625,1058500
NIFTY-II.NFO,05/08/2024,09:15:39,24515,24504.3,200,24515,350,575,1058500
NIFTY-II.NFO,05/08/2024,09:15:41,24514.95,24505.05,200,24515,225,275,1058500
NIFTY-II.NFO,05/08/2024,09:15:42,24510.2,24505.45,200,24515.35,75,375,1058500
NIFTY-II.NFO,05/08/2024,09:15:44,24515.75,24506.55,250,24515.8,100,275,1058500
NIFTY-II.NFO,05/08/2024,09:15:45,24514.95,24510,25,24514.4,25,575,1058500
NIFTY-II.NFO,05/08/2024,09:15:47,24514.9,24507.9,100,24514.9,200,775,1058500
NIFTY-II.NFO,05/08/2024,09:15:48,24507.3,24506.2,275,24514.9,25,775,1058500
NIFTY-II.NFO,05/08/2024,09:15:49,24506.9,24506.9,200,24514.95,75,1625,1058500
NIFTY-II.NFO,05/08/2024,09:15:51,24505.15,24505.2,200,24514.1,200,2350,1058500
NIFTY-II.NFO,05/08/2024,09:15:52,24513.95,24505.05,200,24513.95,100,275,1058500
NIFTY-II.NFO,05/08/2024,09:15:54,24512.55,24505.05,200,24512.55,50,925,1058500
NIFTY-II.NFO,05/08/2024,09:15:55,24506.15,24502.7,200,24514.55,175,1175,1058500
NIFTY-II.NFO,05/08/2024,09:15:57,24511.75,24505.05,200,24511.75,25,175,1058500
NIFTY-II.NFO,05/08/2024,09:15:58,24514.45,24506.5,275,24514.9,100,1125,1058500
NIFTY-II.NFO,05/08/2024,09:15:59,24515,24505.05,200,24514.35,300,700,1058500
NIFTY-II.NFO,05/08/2024,09:16:01,24504.95,24501.05,200,24510.1,150,1050,1058500
NIFTY-II.NFO,05/08/2024,09:16:02,24503.65,24498.85,75,24503.65,225,1925,1058500
NIFTY-II.NFO,05/08/2024,09:16:04,24506.7,24498.85,25,24505.3,175,1400,1058500
NIFTY-II.NFO,05/08/2024,09:16:05,24498.9,24498.9,200,24506.05,150,1050,1058500
NIFTY-II.NFO,05/08/2024,09:16:07,24501,24498.05,175,24506,250,800,1058500
NIFTY-II.NFO,05/08/2024,09:16:08,24507.35,24498.05,200,24506.05,75,750,1058500
NIFTY-II.NFO,05/08/2024,09:16:09,24495,24495,100,24500,125,1100,1058500
NIFTY-II.NFO,05/08/2024,09:16:11,24502.75,24495.05,200,24502.75,125,925,1058500
NIFTY-II.NFO,05/08/2024,09:16:12,24489.05,24489.05,25,24498.05,100,1225,1058500
NIFTY-II.NFO,05/08/2024,09:16:14,24496.1,24496.1,25,24501.7,275,1175,1058500
NIFTY-II.NFO,05/08/2024,09:16:15,24501.8,24490.3,50,24501.65,250,550,1058500
NIFTY-II.NFO,05/08/2024,09:16:16,24501.2,24491.55,175,24501.15,250,200,1058500
NIFTY-II.NFO,05/08/2024,09:16:18,24501.85,24498.9,25,24502.5,200,475,1058500
NIFTY-II.NFO,05/08/2024,09:16:19,24503.65,24500,25,24503.6,75,475,1058500
NIFTY-II.NFO,05/08/2024,09:16:21,24498.9,24496.75,250,24501.8,50,175,1058500
NIFTY-II.NFO,05/08/2024,09:16:22,24501.75,24492.6,200,24501.8,125,1975,1058500
NIFTY-II.NFO,05/08/2024,09:16:24,24499.2,24496.6,200,24499.2,25,375,1058500
NIFTY-II.NFO,05/08/2024,09:16:25,24505,24495.55,200,24505,175,50,1058500
NIFTY-II.NFO,05/08/2024,09:16:27,24504.3,24497.35,275,24505.05,275,150,1058500
NIFTY-II.NFO,05/08/2024,09:16:28,24508.05,24501.85,275,24508.65,250,325,1058500
NIFTY-II.NFO,05/08/2024,09:16:29,24509.7,24502.6,275,24508.65,50,200,1058500
NIFTY-II.NFO,05/08/2024,09:16:31,24504.4,24501.7,25,24504.4,200,625,1058500
NIFTY-II.NFO,05/08/2024,09:16:32,24503.35,24496.05,200,24503.35,100,775,1058500
NIFTY-II.NFO,05/08/2024,09:16:34,24502.55,24496.6,200,24502.55,200,175,1058500
NIFTY-II.NFO,05/08/2024,09:16:35,24502.4,24496.05,200,24499.2,25,175,1058500
NIFTY-II.NFO,05/08/2024,09:16:37,24499.15,24495.1,200,24499.15,225,175,1058500
NIFTY-II.NFO,05/08/2024,09:16:38,24500.85,24495.05,100,24500.85,125,400,1058500
NIFTY-II.NFO,05/08/2024,09:16:39,24498.7,24494.25,75,24498.7,150,425,1058500
NIFTY-II.NFO,05/08/2024,09:16:41,24496.25,24492.4,25,24496.9,150,2650,1058500
NIFTY-II.NFO,05/08/2024,09:16:42,24495.35,24492.45,25,24495.65,75,350,1058500
NIFTY-II.NFO,05/08/2024,09:16:44,24495.9,24493.05,25,24495.9,25,2100,1058500
NIFTY-II.NFO,05/08/2024,09:16:45,24497.3,24493,50,24497.15,25,425,1058500
NIFTY-II.NFO,05/08/2024,09:16:47,24497.15,24493,50,24494.5,25,300,1058500
NIFTY-II.NFO,05/08/2024,09:16:48,24495.6,24491.1,25,24495.7,50,2100,1058500
NIFTY-II.NFO,05/08/2024,09:16:49,24490,24490,50,24493,25,450,1058500
NIFTY-II.NFO,05/08/2024,09:16:51,24496.85,24487.45,50,24493.4,25,1050,1058500
NIFTY-II.NFO,05/08/2024,09:16:51,24486.6,24487.45,50,24493.4,25,0,1058500
NIFTY-II.NFO,05/08/2024,09:16:52,24487.35,24487.65,200,24491,25,150,1058500
NIFTY-II.NFO,05/08/2024,09:16:54,24488.8,24488.35,200,24495.5,125,1075,1058500
NIFTY-II.NFO,05/08/2024,09:16:55,24493.4,24488.4,25,24494.95,300,1225,1058500
NIFTY-II.NFO,05/08/2024,09:16:57,24493.3,24492.1,50,24493.65,50,1150,1058500
NIFTY-II.NFO,05/08/2024,09:16:58,24494.4,24492.15,50,24492.65,50,50,1058500
NIFTY-II.NFO,05/08/2024,09:17:00,24492.15,24489.3,25,24492.05,75,675,1058500
NIFTY-II.NFO,05/08/2024,09:17:01,24492.45,24489.35,50,24492.45,50,350,1058500
NIFTY-II.NFO,05/08/2024,09:17:03,24490,24489.35,75,24491,50,75,1058500
NIFTY-II.NFO,05/08/2024,09:17:04,24490,24485.45,25,24490.55,50,800,1058500
NIFTY-II.NFO,05/08/2024,09:17:04,24485.85,24485.45,25,24490.55,50,0,1058500
NIFTY-II.NFO,05/08/2024,09:17:05,24485.6,24485.55,25,24490.6,50,525,1058500
NIFTY-II.NFO,05/08/2024,09:17:05,24485.5,24485.55,25,24490.6,50,0,1058500
NIFTY-II.NFO,05/08/2024,09:17:07,24488.95,24485.45,25,24489.15,25,575,1058500
NIFTY-II.NFO,05/08/2024,09:17:08,24488.35,24485,375,24488.25,25,100,1058500
NIFTY-II.NFO,05/08/2024,09:17:08,24485,24485,375,24488.25,25,0,1058500
NIFTY-II.NFO,05/08/2024,09:17:10,24488.9,24488.9,200,24490,250,550,1058500
NIFTY-II.NFO,05/08/2024,09:17:11,24490.7,24485.65,50,24490.7,25,2175,1058500
NIFTY-II.NFO,05/08/2024,09:17:12,24488,24485,450,24487.65,25,350,1058500
NIFTY-II.NFO,05/08/2024,09:17:14,24482,24485,50,24487.85,250,900,1058500
NIFTY-II.NFO,05/08/2024,09:17:14,24482,24485,50,24487.85,250,0,1058500
NIFTY-II.NFO,05/08/2024,09:17:15,24480,24480,350,24484.7,75,300,1058500
NIFTY-II.NFO,05/08/2024,09:17:15,24480,24480,350,24484.7,75,0,1058500
NIFTY-II.NFO,05/08/2024,09:17:17,24484,24480,325,24483.45,75,750,1058500
NIFTY-II.NFO,05/08/2024,09:17:18,24483.9,24480,325,24483.4,25,800,1058500
NIFTY-II.NFO,05/08/2024,09:17:20,24483.3,24480,175,24483.3,500,250,1058500
NIFTY-II.NFO,05/08/2024,09:17:21,24482.95,24480,350,24484.3,25,175,1058500
NIFTY-II.NFO,05/08/2024,09:17:22,24479.95,24475.6,50,24479.95,25,475,1058500
NIFTY-II.NFO,05/08/2024,09:17:22,24475.05,24475.6,50,24479.95,25,0,1058500
NIFTY-II.NFO,05/08/2024,09:17:24,24479.45,24475,325,24480,50,75,1058500
NIFTY-II.NFO,05/08/2024,09:17:25,24477.75,24472.75,25,24477.75,25,1275,1058500
NIFTY-II.NFO,05/08/2024,09:17:25,24474,24472.75,25,24477.75,25,0,1058500
NIFTY-II.NFO,05/08/2024,09:17:27,24475.75,24470,275,24474.8,100,425,1058500
NIFTY-II.NFO,05/08/2024,09:17:27,24471,24470,275,24474.8,100,0,1058500
NIFTY-II.NFO,05/08/2024,09:17:28,24470.6,24470.6,200,24477.45,50,825,1058500
NIFTY-II.NFO,05/08/2024,09:17:28,24470.6,24470.6,200,24477.45,50,0,1058500
NIFTY-II.NFO,05/08/2024,09:17:30,24477.35,24473.4,50,24479.45,75,100,1058500
NIFTY-II.NFO,05/08/2024,09:17:31,24476.25,24476.25,200,24483.15,250,1650,1058500
NIFTY-II.NFO,05/08/2024,09:17:32,24482.45,24479.65,100,24481.7,275,1450,1058500
NIFTY-II.NFO,05/08/2024,09:17:34,24477.05,24470.55,50,24477.7,200,675,1058500
NIFTY-II.NFO,05/08/2024,09:17:35,24478.45,24471.5,200,24478.45,125,300,1058500
NIFTY-II.NFO,05/08/2024,09:17:37,24483.25,24480,25,24483.2,25,1150,1058500
NIFTY-II.NFO,05/08/2024,09:17:38,24484.4,24481.7,25,24484.95,25,75,1058500
NIFTY-II.NFO,05/08/2024,09:17:40,24485.9,24478.45,50,24484.65,25,575,1058500
NIFTY-II.NFO,05/08/2024,09:17:41,24484.25,24480,75,24484.55,150,75,1058500
NIFTY-II.NFO,05/08/2024,09:17:43,24480,24475.75,25,24480,50,225,1058500
NIFTY-II.NFO,05/08/2024,09:17:44,24482.75,24476.05,200,24482.6,325,375,1058500
NIFTY-II.NFO,05/08/2024,09:17:45,24480,24480,100,24483.2,200,150,1058500
NIFTY-II.NFO,05/08/2024,09:17:47,24482.6,24480.05,50,24483.95,25,400,1058500
NIFTY-II.NFO,05/08/2024,09:17:48,24480,24480.05,50,24483.95,25,25,1058500
NIFTY-II.NFO,05/08/2024,09:17:50,24480.05,24480.4,125,24484,25,150,1058500
NIFTY-II.NFO,05/08/2024,09:17:51,24482.6,24482.6,50,24486,150,275,1058500
NIFTY-II.NFO,05/08/2024,09:17:53,24482.6,24482,25,24485,200,175,1058500
NIFTY-II.NFO,05/08/2024,09:17:54,24487.6,24484,175,24487.5,500,1425,1058500
NIFTY-II.NFO,05/08/2024,09:17:56,24487.45,24484,150,24487.45,25,125,1058500
NIFTY-II.NFO,05/08/2024,09:17:57,24487.55,24484,100,24487.5,75,125,1058500
NIFTY-II.NFO,05/08/2024,09:17:59,24482.45,24481,25,24485.75,250,1250,1058500
NIFTY-II.NFO,05/08/2024,09:18:00,24480.05,24480.95,325,24484.9,500,375,1058500
NIFTY-II.NFO,05/08/2024,09:18:02,24480,24480.95,125,24488.8,200,2350,1058500
NIFTY-II.NFO,05/08/2024,09:18:03,24485.6,24480.05,150,24485.55,200,575,1058500
NIFTY-II.NFO,05/08/2024,09:18:05,24486.85,24482.05,150,24486.85,100,350,1058500
NIFTY-II.NFO,05/08/2024,09:18:06,24488.65,24482.7,100,24488.4,250,100,1058500
NIFTY-II.NFO,05/08/2024,09:18:08,24487.45,24482.1,100,24487.95,275,75,1058500
NIFTY-II.NFO,05/08/2024,09:18:09,24488.85,24486.85,25,24488.85,150,150,1058500
NIFTY-II.NFO,05/08/2024,09:18:10,24488.2,24485,150,24487.7,100,100,1058500
NIFTY-II.NFO,05/08/2024,09:18:12,24487,24482.55,225,24487.7,175,250,1058500
NIFTY-II.NFO,05/08/2024,09:18:13,24482,24480.1,25,24485,75,200,1058500
NIFTY-II.NFO,05/08/2024,09:18:15,24484.85,24480.1,25,24484.85,25,200,1058500
NIFTY-II.NFO,05/08/2024,09:18:16,24484.85,24480.15,200,24484.85,100,200,1058500
NIFTY-II.NFO,05/08/2024,09:18:18,24485.4,24481,25,24485.4,25,300,1058500
NIFTY-II.NFO,05/08/2024,09:18:20,24488.9,24484.85,175,24488.55,125,1825,1058500
NIFTY-II.NFO,05/08/2024,09:18:21,24488.55,24485.9,250,24488.45,100,50,1058500
NIFTY-II.NFO,05/08/2024,09:18:23,24488.45,24485.9,225,24488.8,25,150,1058500
NIFTY-II.NFO,05/08/2024,09:18:25,24488.8,24485.9,225,24488.85,75,75,1058500
NIFTY-II.NFO,05/08/2024,09:18:26,24490,24488.9,100,24489.95,25,300,1058500
NIFTY-II.NFO,05/08/2024,09:18:28,24488.85,24488.85,75,24490.6,25,425,1058500
NIFTY-II.NFO,05/08/2024,09:18:30,24492.55,24488.95,125,24492.5,25,1125,1058500
NIFTY-II.NFO,05/08/2024,09:18:31,24490,24487.4,200,24492.4,25,400,1058500
NIFTY-II.NFO,05/08/2024,09:18:33,24494.1,24488.15,200,24494.15,50,450,1058500
NIFTY-II.NFO,05/08/2024,09:18:35,24490,24489.35,200,24491.95,250,375,1058500
NIFTY-II.NFO,05/08/2024,09:18:36,24490,24486.05,50,24490,75,725,1057175
NIFTY-II.NFO,05/08/2024,09:18:38,24490,24485.45,50,24491.85,50,775,1057175
NIFTY-II.NFO,05/08/2024,09:18:40,24482.45,24482.45,25,24484.4,75,1250,1057175
NIFTY-II.NFO,05/08/2024,09:18:41,24487.55,24482.45,25,24487.55,25,500,1057175
NIFTY-II.NFO,05/08/2024,09:18:43,24487.7,24482.5,50,24487.65,50,175,1057175
NIFTY-II.NFO,05/08/2024,09:18:45,24485,24482.05,50,24485.45,100,250,1057175
NIFTY-II.NFO,05/08/2024,09:18:46,24485.45,24482.05,125,24485.45,50,50,1057175
NIFTY-II.NFO,05/08/2024,09:18:48,24485.45,24486,25,24489.65,200,75,1057175
NIFTY-II.NFO,05/08/2024,09:18:50,24487.8,24482.05,125,24488.35,250,375,1057175
NIFTY-II.NFO,05/08/2024,09:18:51,24485.45,24485.45,125,24485.55,100,250,1057175
NIFTY-II.NFO,05/08/2024,09:18:53,24485.45,24482.35,150,24488.35,250,175,1057175
NIFTY-II.NFO,05/08/2024,09:18:55,24489.7,24482.05,200,24489.25,125,950,1057175
NIFTY-II.NFO,05/08/2024,09:18:56,24485,24482,100,24487.85,100,250,1057175
NIFTY-II.NFO,05/08/2024,09:18:58,24488,24483,50,24488,175,375,1057175
NIFTY-II.NFO,05/08/2024,09:19:00,24482,24482,50,24485.95,250,1625,1057175
NIFTY-II.NFO,05/08/2024,09:19:01,24485,24482,50,24485.65,75,175,1057175
NIFTY-II.NFO,05/08/2024,09:19:03,24482,24480.9,25,24484.6,25,675,1057175
NIFTY-II.NFO,05/08/2024,09:19:05,24480.9,24480.1,25,24483.85,25,525,1057175
NIFTY-II.NFO,05/08/2024,09:19:06,24487.5,24481.05,200,24487.2,225,350,1057175
NIFTY-II.NFO,05/08/2024,09:19:08,24486.7,24482,25,24486.7,225,350,1057175
NIFTY-II.NFO,05/08/2024,09:19:10,24482,24484.55,50,24488,100,1625,1057175
NIFTY-II.NFO,05/08/2024,09:19:11,24486.7,24486.7,100,24490,75,625,1057175
NIFTY-II.NFO,05/08/2024,09:19:13,24486.7,24486.2,25,24489.6,125,1525,1057175
NIFTY-II.NFO,05/08/2024,09:19:15,24485,24482,175,24487.1,125,100,1057175
NIFTY-II.NFO,05/08/2024,09:19:16,24490.85,24482.45,200,24490.85,25,1675,1057175
NIFTY-II.NFO,05/08/2024,09:19:18,24485.4,24486,25,24491.2,25,50,1057175
NIFTY-II.NFO,05/08/2024,09:19:20,24486,24485.2,125,24490.45,125,50,1057175
NIFTY-II.NFO,05/08/2024,09:19:21,24485.4,24482,675,24487.25,325,50,1057175
NIFTY-II.NFO,05/08/2024,09:19:23,24486.5,24482,550,24486.55,75,200,1057175
NIFTY-II.NFO,05/08/2024,09:19:25,24482,24482,525,24486.25,75,50,1057175
NIFTY-II.NFO,05/08/2024,09:19:26,24486.7,24482,525,24487,25,1675,1057175
NIFTY-II.NFO,05/08/2024,09:19:28,24488.7,24482.55,50,24488.85,375,2575,1057175
NIFTY-II.NFO,05/08/2024,09:19:30,24482,24482,175,24484.45,25,150,1057175
NIFTY-II.NFO,05/08/2024,09:19:31,24484.55,24480.9,25,24485.75,25,375,1057175
NIFTY-II.NFO,05/08/2024,09:19:33,24485,24480.25,375,24485.95,75,1650,1057175
NIFTY-II.NFO,05/08/2024,09:19:35,24482,24480.25,375,24485.65,75,50,1057175
NIFTY-II.NFO,05/08/2024,09:19:36,24482,24480.25,375,24484.65,75,0,1057175
NIFTY-II.NFO,05/08/2024,09:19:38,24480.25,24480.25,175,24484.25,50,250,1057175
NIFTY-II.NFO,05/08/2024,09:19:40,24482,24480.25,75,24484.95,25,1150,1057175
NIFTY-II.NFO,05/08/2024,09:19:41,24480.7,24480.3,275,24485.3,100,75,1057175
NIFTY-II.NFO,05/08/2024,09:19:43,24480.25,24480.15,200,24485.45,275,900,1057175
NIFTY-II.NFO,05/08/2024,09:19:45,24480,24480,575,24480.25,25,1900,1057175
NIFTY-II.NFO,05/08/2024,09:19:46,24480,24480,225,24482.85,75,800,1057175
NIFTY-II.NFO,05/08/2024,09:19:48,24482.65,24479.6,100,24482.8,100,275,1057175
NIFTY-II.NFO,05/08/2024,09:19:50,24481.1,24480,225,24482.95,500,2075,1057175
NIFTY-II.NFO,05/08/2024,09:19:51,24482.9,24480,50,24482.9,100,400,1057175
NIFTY-II.NFO,05/08/2024,09:19:53,24481.3,24480.25,100,24482.85,75,375,1057175
NIFTY-II.NFO,05/08/2024,09:19:55,24481.1,24481.6,50,24486.8,100,1175,1057175
NIFTY-II.NFO,05/08/2024,09:19:56,24481.1,24481.15,50,24487.1,25,175,1057175
NIFTY-II.NFO,05/08/2024,09:19:58,24487.1,24482.9,100,24485,125,25,1057175
NIFTY-II.NFO,05/08/2024,09:20:00,24480,24480,175,24482.85,50,600,1057175
NIFTY-II.NFO,05/08/2024,09:20:01,24477.95,24472.95,50,24477.95,25,1125,1057175
NIFTY-II.NFO,05/08/2024,09:20:03,24478.4,24472.35,25,24476.15,25,500,1057175
NIFTY-II.NFO,05/08/2024,09:20:05,24470.5,24475,25,24477.9,50,1400,1057175
NIFTY-II.NFO,05/08/2024,09:20:05,24468.65,24475,25,24477.9,50,0,1057175
NIFTY-II.NFO,05/08/2024,09:20:06,24479.15,24475.05,175,24479.8,200,1100,1057175
NIFTY-II.NFO,05/08/2024,09:20:08,24474.9,24474.9,475,24479.7,225,250,1057175
NIFTY-II.NFO,05/08/2024,09:20:10,24479.6,24474.9,275,24479.6,125,325,1057175
NIFTY-II.NFO,05/08/2024,09:20:11,24475.3,24469.65,50,24476.8,25,850,1057175
NIFTY-II.NFO,05/08/2024,09:20:13,24469.8,24470.55,50,24474.9,50,500,1057175
NIFTY-II.NFO,05/08/2024,09:20:15,24470,24468.45,50,24474.7,50,325,1057175
NIFTY-II.NFO,05/08/2024,09:20:16,24476.7,24469.85,200,24474.9,150,1975,1057175
NIFTY-II.NFO,05/08/2024,09:20:18,24474.6,24469.15,150,24475.95,200,125,1057175
NIFTY-II.NFO,05/08/2024,09:20:20,24469.9,24468.05,250,24473.85,200,375,1057175
NIFTY-II.NFO,05/08/2024,09:20:20,24468.6,24468.05,250,24473.85,200,0,1057175
NIFTY-II.NFO,05/08/2024,09:20:21,24473.75,24470.45,200,24473.8,25,75,1057175
NIFTY-II.NFO,05/08/2024,09:20:23,24471.5,24470.75,275,24474.65,50,225,1057175
NIFTY-II.NFO,05/08/2024,09:20:25,24472,24470,100,24474.6,150,25,1057175
NIFTY-II.NFO,05/08/2024,09:20:26,24469.75,24469,25,24474.45,25,475,1057175
NIFTY-II.NFO,05/08/2024,09:20:28,24469.7,24469.7,25,24474.6,25,100,1057175
NIFTY-II.NFO,05/08/2024,09:20:30,24469.7,24469.5,50,24474.9,75,100,1057175
NIFTY-II.NFO,05/08/2024,09:20:31,24470.6,24468,25,24472,100,325,1057175
NIFTY-II.NFO,05/08/2024,09:20:31,24468.5,24468,25,24472,100,0,1057175
NIFTY-II.NFO,05/08/2024,09:20:33,24469.7,24469.1,50,24472,75,50,1057175
NIFTY-II.NFO,05/08/2024,09:20:35,24470.55,24465.05,250,24470.9,25,450,1057175
NIFTY-II.NFO,05/08/2024,09:20:35,24465.05,24465.05,250,24470.9,25,0,1057175
NIFTY-II.NFO,05/08/2024,09:20:36,24465,24464.1,50,24465,75,325,1057175
NIFTY-II.NFO,05/08/2024,09:20:36,24464.45,24464.1,50,24465,75,0,1057175
NIFTY-II.NFO,05/08/2024,09:20:38,24464.1,24463.05,200,24465,75,50,1057175
NIFTY-II.NFO,05/08/2024,09:20:38,24464.1,24463.05,200,24465,75,0,1057175
NIFTY-II.NFO,05/08/2024,09:20:40,24469.45,24463,25,24468.1,25,200,1057175
NIFTY-II.NFO,05/08/2024,09:20:40,24463.05,24463,25,24468.1,25,0,1057175
NIFTY-II.NFO,05/08/2024,09:20:41,24469.3,24463.5,50,24469.75,125,275,1057175
NIFTY-II.NFO,05/08/2024,09:20:43,24469.45,24465,50,24467.05,25,75,1057175
NIFTY-II.NFO,05/08/2024,09:20:45,24467.5,24465,25,24467.8,25,325,1057175
NIFTY-II.NFO,05/08/2024,09:20:46,24460.85,24461.2,50,24467.55,50,175,1057175
NIFTY-II.NFO,05/08/2024,09:20:46,24460.85,24461.2,50,24467.55,50,0,1057175
NIFTY-II.NFO,05/08/2024,09:20:48,24460.6,24460.1,100,24465.3,225,200,1057175
NIFTY-II.NFO,05/08/2024,09:20:48,24460.6,24460.1,100,24465.3,225,0,1057175
NIFTY-II.NFO,05/08/2024,09:20:50,24460,24460.15,50,24466.1,100,550,1057175
NIFTY-II.NFO,05/08/2024,09:20:50,24460,24460.15,50,24466.1,100,0,1057175
NIFTY-II.NFO,05/08/2024,09:20:51,24456.6,24456.3,25,24462.35,50,750,1057175
NIFTY-II.NFO,05/08/2024,09:20:51,24456.6,24456.3,25,24462.35,50,0,1057175
NIFTY-II.NFO,05/08/2024,09:20:53,24456.4,24453.6,200,24455.9,50,375,1057175
NIFTY-II.NFO,05/08/2024,09:20:53,24454,24453.6,200,24455.9,50,0,1057175
NIFTY-II.NFO,05/08/2024,09:20:55,24459.85,24453.6,250,24457.45,50,300,1057175
NIFTY-II.NFO,05/08/2024,09:20:56,24457.85,24453.55,25,24456.45,50,175,1057175
NIFTY-II.NFO,05/08/2024,09:20:58,24456.8,24453.55,25,24456.8,50,125,1057175
NIFTY-II.NFO,05/08/2024,09:21:00,24453.55,24456.85,25,24457.9,150,50,1057175
NIFTY-II.NFO,05/08/2024,09:21:00,24453.55,24456.85,25,24457.9,150,0,1057175
NIFTY-II.NFO,05/08/2024,09:21:01,24459.55,24456,250,24459.55,50,625,1057175
NIFTY-II.NFO,05/08/2024,09:21:01,24453.1,24456,250,24459.55,50,0,1057175
NIFTY-II.NFO,05/08/2024,09:21:03,24456,24456,25,24460.3,75,2175,1057175
NIFTY-II.NFO,05/08/2024,09:21:05,24453.4,24456.35,50,24460,150,175,1057175
NIFTY-II.NFO,05/08/2024,09:21:06,24457.35,24453,50,24457.35,25,225,1057175
NIFTY-II.NFO,05/08/2024,09:21:08,24460,24456,25,24459.4,250,1200,1057175
NIFTY-II.NFO,05/08/2024,09:21:10,24453,24455,25,24456,25,200,1057175
NIFTY-II.NFO,05/08/2024,09:21:10,24453,24455,25,24456,25,0,1057175
NIFTY-II.NFO,05/08/2024,09:21:11,24452.4,24452.5,50,24456,25,50,1057175
NIFTY-II.NFO,05/08/2024,09:21:11,24452.4,24452.5,50,24456,25,0,1057175
NIFTY-II.NFO,05/08/2024,09:21:13,24453,24452.05,200,24452.5,50,450,1057175
NIFTY-II.NFO,05/08/2024,09:21:15,24457,24452.85,50,24458.25,50,75,1057175
NIFTY-II.NFO,05/08/2024,09:21:16,24458.35,24453.6,50,24458.4,25,100,1057175
NIFTY-II.NFO,05/08/2024,09:21:18,24459.45,24453.1,250,24459.85,25,650,1057175
NIFTY-II.NFO,05/08/2024,09:21:20,24460.15,24453.45,50,24458.9,150,525,1057175
NIFTY-II.NFO,05/08/2024,09:21:21,24453,24453.05,200,24458.35,25,75,1057175
NIFTY-II.NFO,05/08/2024,09:21:23,24457.8,24453,100,24457.8,25,200,1057175
NIFTY-II.NFO,05/08/2024,09:21:25,24457.55,24454,250,24458.6,50,75,1057175
NIFTY-II.NFO,05/08/2024,09:21:26,24457.55,24455,50,24457.2,50,0,1057175
NIFTY-II.NFO,05/08/2024,09:21:28,24457.8,24453.1,275,24457.6,50,250,1057175
NIFTY-II.NFO,05/08/2024,09:21:30,24457.45,24453.1,275,24457.45,75,275,1057175
NIFTY-II.NFO,05/08/2024,09:21:31,24453.1,24453.1,275,24457.95,50,250,1057175
NIFTY-II.NFO,05/08/2024,09:21:33,24458.6,24454,700,24456.85,125,425,1057175
NIFTY-II.NFO,05/08/2024,09:21:35,24454,24454,725,24457.3,100,175,1057175
NIFTY-II.NFO,05/08/2024,09:21:36,24457,24456.8,75,24459.95,75,300,1048575
NIFTY-II.NFO,05/08/2024,09:21:38,24458.35,24455.6,75,24458.85,50,225,1048575
NIFTY-II.NFO,05/08/2024,09:21:40,24455.3,24455.2,100,24456.2,125,250,1048575
NIFTY-II.NFO,05/08/2024,09:21:41,24455,24454,550,24455.55,25,1500,1048575
NIFTY-II.NFO,05/08/2024,09:21:43,24452.4,24452.4,75,24454,375,875,1048575
NIFTY-II.NFO,05/08/2024,09:21:45,24451.15,24451.15,25,24453.1,250,650,1048575
NIFTY-II.NFO,05/08/2024,09:21:45,24451.15,24451.15,25,24453.1,250,0,1048575
NIFTY-II.NFO,05/08/2024,09:21:46,24450.7,24450.7,50,24453.1,100,225,1048575
NIFTY-II.NFO,05/08/2024,09:21:46,24450.7,24450.7,50,24453.1,100,0,1048575
NIFTY-II.NFO,05/08/2024,09:21:48,24452.1,24451.15,25,24452.6,25,75,1048575
NIFTY-II.NFO,05/08/2024,09:21:50,24450,24450,2000,24452.45,50,650,1048575
NIFTY-II.NFO,05/08/2024,09:21:50,24450,24450,2000,24452.45,50,0,1048575
NIFTY-II.NFO,05/08/2024,09:21:51,24450.7,24450,1625,24450.7,25,525,1048575
NIFTY-II.NFO,05/08/2024,09:21:53,24451,24449.2,25,24451,25,2150,1048575
NIFTY-II.NFO,05/08/2024,09:21:55,24449,24446,25,24449.3,300,450,1048575
NIFTY-II.NFO,05/08/2024,09:21:55,24449,24446,25,24449.3,300,0,1048575
NIFTY-II.NFO,05/08/2024,09:21:56,24450,24450,75,24450.55,25,775,1048575
NIFTY-II.NFO,05/08/2024,09:21:56,24445.3,24450,75,24450.55,25,0,1048575
NIFTY-II.NFO,05/08/2024,09:21:58,24445.25,24445,75,24449,225,875,1048575
NIFTY-II.NFO,05/08/2024,09:21:58,24445,24445,75,24449,225,0,1048575
NIFTY-II.NFO,05/08/2024,09:22:00,24448.15,24445,25,24447.85,250,200,1048575
NIFTY-II.NFO,05/08/2024,09:22:01,24444,24442,25,24443.65,250,1025,1048575
NIFTY-II.NFO,05/08/2024,09:22:01,24443.1,24442,25,24443.65,250,0,1048575
NIFTY-II.NFO,05/08/2024,09:22:03,24442,24441,50,24442.7,125,100,1048575
NIFTY-II.NFO,05/08/2024,09:22:03,24442,24441,50,24442.7,125,0,1048575
NIFTY-II.NFO,05/08/2024,09:22:05,24443.15,24441,25,24442.95,125,150,1048575
NIFTY-II.NFO,05/08/2024,09:22:05,24441,24441,25,24442.95,125,0,1048575
NIFTY-II.NFO,05/08/2024,09:22:06,24439.75,24435,250,24438.5,200,1275,1048575
NIFTY-II.NFO,05/08/2024,09:22:06,24435,24435,250,24438.5,200,0,1048575
NIFTY-II.NFO,05/08/2024,09:22:08,24439.25,24435.15,125,24439.4,200,125,1048575
NIFTY-II.NFO,05/08/2024,09:22:10,24437.5,24437.45,50,24440,25,550,1048575
NIFTY-II.NFO,05/08/2024,09:22:11,24435,24435,150,24440.15,200,300,1048575
NIFTY-II.NFO,05/08/2024,09:22:13,24439.95,24435.3,50,24439.95,150,250,1048575
NIFTY-II.NFO,05/08/2024,09:22:15,24435.9,24436,100,24438.75,150,150,1048575
NIFTY-II.NFO,05/08/2024,09:22:16,24437.55,24436,25,24438.7,150,100,1048575
NIFTY-II.NFO,05/08/2024,09:22:18,24436.2,24435,125,24436.3,150,150,1048575
NIFTY-II.NFO,05/08/2024,09:22:20,24436.45,24433,25,24436.45,150,300,1048575
NIFTY-II.NFO,05/08/2024,09:22:20,24434.2,24433,25,24436.45,150,0,1048575
NIFTY-II.NFO,05/08/2024,09:22:22,24433,24432.05,200,24436.55,325,150,1048575
NIFTY-II.NFO,05/08/2024,09:22:22,24433,24432.05,200,24436.55,325,0,1048575
NIFTY-II.NFO,05/08/2024,09:22:23,24432.05,24432.5,200,24436.6,150,200,1048575
NIFTY-II.NFO,05/08/2024,09:22:23,24432.05,24432.5,200,24436.6,150,0,1048575
NIFTY-II.NFO,05/08/2024,09:22:25,24435,24432.05,200,24436.55,150,150,1048575
NIFTY-II.NFO,05/08/2024,09:22:27,24432.1,24432.5,75,24436.3,250,300,1048575
NIFTY-II.NFO,05/08/2024,09:22:28,24432,24431.15,250,24436.25,150,725,1048575
NIFTY-II.NFO,05/08/2024,09:22:28,24432,24431.15,250,24436.25,150,0,1048575
NIFTY-II.NFO,05/08/2024,09:22:30,24434.05,24433.45,100,24436.7,25,25,1048575
NIFTY-II.NFO,05/08/2024,09:22:32,24434.5,24433.05,200,24436.9,150,250,1048575
NIFTY-II.NFO,05/08/2024,09:22:33,24437.65,24434.15,200,24437.8,250,425,1048575
NIFTY-II.NFO,05/08/2024,09:22:35,24436.25,24436.2,75,24439.65,225,275,1048575
NIFTY-II.NFO,05/08/2024,09:22:37,24437.1,24436.8,150,24441.1,250,450,1048575
NIFTY-II.NFO,05/08/2024,09:22:38,24437.7,24436.8,150,24437.8,150,175,1048575
NIFTY-II.NFO,05/08/2024,09:22:40,24437.8,24436.8,125,24437.9,150,50,1048575
NIFTY-II.NFO,05/08/2024,09:22:42,24435,24435,125,24436.45,250,425,1048575
NIFTY-II.NFO,05/08/2024,09:22:43,24433,24433,50,24435.55,125,200,1048575
NIFTY-II.NFO,05/08/2024,09:22:45,24433,24432,25,24433.6,225,75,1048575
NIFTY-II.NFO,05/08/2024,09:22:47,24430,24430,400,24432.6,200,400,1048575
NIFTY-II.NFO,05/08/2024,09:22:47,24430,24430,400,24432.6,200,0,1048575
NIFTY-II.NFO,05/08/2024,09:22:48,24430,24430,375,24432,200,25,1048575
NIFTY-II.NFO,05/08/2024,09:22:50,24430,24430,225,24431.6,200,225,1048575
NIFTY-II.NFO,05/08/2024,09:22:52,24430,24430,175,24431.95,250,175,1048575
NIFTY-II.NFO,05/08/2024,09:22:53,24430,24428.8,1775,24431.55,250,400,1048575
NIFTY-II.NFO,05/08/2024,09:22:53,24428.8,24428.8,1775,24431.55,250,0,1048575
NIFTY-II.NFO,05/08/2024,09:22:55,24428.8,24430,50,24431.5,175,400,1048575
NIFTY-II.NFO,05/08/2024,09:22:57,24428,24427,125,24428.95,25,2300,1048575
NIFTY-II.NFO,05/08/2024,09:22:57,24428,24427,125,24428.95,25,0,1048575
NIFTY-II.NFO,05/08/2024,09:22:58,24425,24425,525,24427,250,550,1048575
NIFTY-II.NFO,05/08/2024,09:22:58,24425,24425,525,24427,250,0,1048575
NIFTY-II.NFO,05/08/2024,09:23:00,24425.25,24422.2,50,24424.9,250,975,1048575
NIFTY-II.NFO,05/08/2024,09:23:00,24424,24422.2,50,24424.9,250,0,1048575
NIFTY-II.NFO,05/08/2024,09:23:02,24420,24420,425,24421.95,25,2300,1048575
NIFTY-II.NFO,05/08/2024,09:23:02,24420,24420,425,24421.95,25,0,1048575
NIFTY-II.NFO,05/08/2024,09:23:03,24420,24417.05,200,24420.95,25,500,1048575
NIFTY-II.NFO,05/08/2024,09:23:05,24423.45,24417.8,200,24423.9,375,1400,1048575
NIFTY-II.NFO,05/08/2024,09:23:05,24417.05,24417.8,200,24423.9,375,0,1048575
NIFTY-II.NFO,05/08/2024,09:23:07,24425,24424.2,200,24425,25,1900,1048575
NIFTY-II.NFO,05/08/2024,09:23:08,24428,24423.4,50,24426.25,100,175,1048575
NIFTY-II.NFO,05/08/2024,09:23:10,24423,24423,150,24423.85,25,100,1048575
NIFTY-II.NFO,05/08/2024,09:23:12,24425,24422.15,50,24425,25,1825,1048575
NIFTY-II.NFO,05/08/2024,09:23:13,24425.95,24421.5,50,24425.95,25,525,1048575
NIFTY-II.NFO,05/08/2024,09:23:15,24425.6,24422,25,24425.9,275,1675,1048575
NIFTY-II.NFO,05/08/2024,09:23:17,24426.95,24422.15,250,24427,50,250,1048575
NIFTY-II.NFO,05/08/2024,09:23:18,24426.5,24422,50,24424.55,75,1550,1048575
NIFTY-II.NFO,05/08/2024,09:23:20,24420,24420,925,24423.7,25,100,1048575
NIFTY-II.NFO,05/08/2024,09:23:22,24420,24417.5,250,24420.95,25,2250,1048575
NIFTY-II.NFO,05/08/2024,09:23:23,24421.9,24419.75,250,24421.75,250,100,1048575
NIFTY-II.NFO,05/08/2024,09:23:25,24421.65,24421.2,125,24423.6,300,375,1048575
NIFTY-II.NFO,05/08/2024,09:23:27,24421.15,24420,50,24423.95,25,1625,1048575
NIFTY-II.NFO,05/08/2024,09:23:28,24421.85,24419.4,100,24421.95,25,150,1048575
NIFTY-II.NFO,05/08/2024,09:23:30,24423,24418.35,125,24422.9,25,225,1048575
NIFTY-II.NFO,05/08/2024,09:23:32,24420,24416.45,25,24420.3,250,150,1048575
NIFTY-II.NFO,05/08/2024,09:23:32,24417,24416.45,25,24420.3,250,0,1048575
NIFTY-II.NFO,05/08/2024,09:23:33,24419.4,24416.45,25,24419.45,50,125,1048575
NIFTY-II.NFO,05/08/2024,09:23:35,24419.4,24417,150,24419.2,250,25,1048575
NIFTY-II.NFO,05/08/2024,09:23:37,24417.9,24417.85,125,24421.9,50,200,1048575
NIFTY-II.NFO,05/08/2024,09:23:38,24420,24420,75,24422.55,50,75,1048575
NIFTY-II.NFO,05/08/2024,09:23:40,24419.4,24417,50,24420.35,50,300,1048575
NIFTY-II.NFO,05/08/2024,09:23:42,24417,24416.45,25,24418.6,50,50,1048575
NIFTY-II.NFO,05/08/2024,09:23:43,24419.55,24416.1,200,24419.55,25,300,1048575
NIFTY-II.NFO,05/08/2024,09:23:43,24416.45,24416.1,200,24419.55,25,0,1048575
NIFTY-II.NFO,05/08/2024,09:23:45,24422.6,24420.3,75,24422.6,25,125,1048575
NIFTY-II.NFO,05/08/2024,09:23:47,24420.3,24421.65,75,24422.6,25,100,1048575
NIFTY-II.NFO,05/08/2024,09:23:48,24423.7,24421.9,25,24423.7,75,300,1048575
NIFTY-II.NFO,05/08/2024,09:23:50,24423.45,24420,150,24422.6,25,575,1048575
NIFTY-II.NFO,05/08/2024,09:23:52,24422,24420.85,325,24422.6,25,25,1048575
NIFTY-II.NFO,05/08/2024,09:23:53,24423.65,24420.65,325,24423.7,175,725,1048575
NIFTY-II.NFO,05/08/2024,09:23:55,24424.35,24422.85,200,24424.4,225,475,1048575
NIFTY-II.NFO,05/08/2024,09:23:57,24421.55,24421.4,275,24424.35,50,275,1048575
NIFTY-II.NFO,05/08/2024,09:23:58,24422.9,24421,200,24424.65,150,1925,1048575
NIFTY-II.NFO,05/08/2024,09:24:00,24426.5,24424.9,175,24429.5,25,675,1048575
NIFTY-II.NFO,05/08/2024,09:24:02,24429.75,24426.35,250,24429.85,150,275,1048575
NIFTY-II.NFO,05/08/2024,09:24:03,24426.7,24424.35,25,24429.85,225,50,1048575
NIFTY-II.NFO,05/08/2024,09:24:05,24431.95,24425.1,25,24432.75,200,250,1048575
NIFTY-II.NFO,05/08/2024,09:24:07,24429.95,24427.05,200,24430,150,225,1048575
NIFTY-II.NFO,05/08/2024,09:24:08,24430.1,24426,400,24430.1,250,75,1048575
NIFTY-II.NFO,05/08/2024,09:24:10,24429.95,24425.05,200,24427.05,25,650,1048575
NIFTY-II.NFO,05/08/2024,09:24:12,24430.55,24424.4,200,24430.55,175,575,1048575
NIFTY-II.NFO,05/08/2024,09:24:13,24430.55,24424.35,25,24428.7,250,0,1048575
NIFTY-II.NFO,05/08/2024,09:24:15,24425.75,24421.05,200,24425.75,50,1275,1048575
NIFTY-II.NFO,05/08/2024,09:24:17,24422,24421,50,24422.65,100,50,1048575
NIFTY-II.NFO,05/08/2024,09:24:18,24422.65,24422,350,24424.25,125,425,1048575
NIFTY-II.NFO,05/08/2024,09:24:20,24422,24422,75,24424,250,300,1048575
NIFTY-II.NFO,05/08/2024,09:24:22,24421,24420.5,25,24423,25,325,1048575
NIFTY-II.NFO,05/08/2024,09:24:23,24417.2,24416.05,200,24421.8,250,750,1048575
NIFTY-II.NFO,05/08/2024,09:24:25,24420,24416.05,200,24421.75,25,225,1048575
NIFTY-II.NFO,05/08/2024,09:24:27,24417.25,24416.05,200,24421.7,25,500,1048575
NIFTY-II.NFO,05/08/2024,09:24:27,24416.2,24416.05,200,24421.7,25,0,1048575
NIFTY-II.NFO,05/08/2024,09:24:28,24421.4,24416.05,200,24421.5,150,125,1048575
NIFTY-II.NFO,05/08/2024,09:24:30,24421.85,24416.05,200,24421.9,25,675,1048575
NIFTY-II.NFO,05/08/2024,09:24:32,24420.55,24416,25,24420,50,100,1048575
NIFTY-II.NFO,05/08/2024,09:24:33,24420,24416,25,24419.9,25,75,1048575
NIFTY-II.NFO,05/08/2024,09:24:35,24419.2,24415,50,24418.9,25,250,1048575
NIFTY-II.NFO,05/08/2024,09:24:35,24415,24415,50,24418.9,25,0,1048575
NIFTY-II.NFO,05/08/2024,09:24:37,24419.2,24415.05,200,24419.2,50,350,1048850
NIFTY-II.NFO,05/08/2024,09:24:38,24415,24413.15,175,24415,650,425,1048850
NIFTY-II.NFO,05/08/2024,09:24:40,24415,24413.55,225,24415,575,75,1048850
NIFTY-II.NFO,05/08/2024,09:24:42,24415,24412.65,175,24415,225,400,1048850
NIFTY-II.NFO,05/08/2024,09:24:42,24413,24412.65,175,24415,225,0,1048850
NIFTY-II.NFO,05/08/2024,09:24:43,24415,24412.65,175,24415,150,75,1048850
NIFTY-II.NFO,05/08/2024,09:24:45,24415,24412.7,125,24415,100,225,1048850
NIFTY-II.NFO,05/08/2024,09:24:45,24412.65,24412.7,125,24415,100,0,1048850
NIFTY-II.NFO,05/08/2024,09:24:47,24415,24412.7,125,24416,50,125,1048850
NIFTY-II.NFO,05/08/2024,09:24:48,24413,24412.75,25,24416,50,150,1048850
NIFTY-II.NFO,05/08/2024,09:24:50,24416,24412.75,75,24416,25,25,1048850
NIFTY-II.NFO,05/08/2024,09:24:52,24413,24412.6,25,24413.25,150,175,1048850
NIFTY-II.NFO,05/08/2024,09:24:53,24417.3,24413.25,25,24417.35,250,250,1048850
NIFTY-II.NFO,05/08/2024,09:24:55,24417.3,24413.25,25,24413.4,150,125,1048850
NIFTY-II.NFO,05/08/2024,09:24:57,24413.4,24413.4,50,24416.8,250,700,1048850
NIFTY-II.NFO,05/08/2024,09:24:58,24415,24414,25,24416.65,275,50,1048850
NIFTY-II.NFO,05/08/2024,09:25:00,24413.25,24413,75,24414.1,150,100,1048850
NIFTY-II.NFO,05/08/2024,09:25:02,24414.15,24413,100,24414.35,150,50,1048850
NIFTY-II.NFO,05/08/2024,09:25:03,24414.75,24413.25,125,24415.45,150,75,1048850
NIFTY-II.NFO,05/08/2024,09:25:05,24413,24413,50,24413.85,250,300,1048850
NIFTY-II.NFO,05/08/2024,09:25:07,24413,24412.3,150,24413.8,225,100,1048850
NIFTY-II.NFO,05/08/2024,09:25:08,24413.85,24412.3,150,24413.8,250,175,1048850
NIFTY-II.NFO,05/08/2024,09:25:10,24413.85,24413,25,24413.85,175,550,1048850
NIFTY-II.NFO,05/08/2024,09:25:10,24411.1,24413,25,24413.85,175,0,1048850
NIFTY-II.NFO,05/08/2024,09:25:12,24413.8,24413,25,24414.9,150,25,1048850
NIFTY-II.NFO,05/08/2024,09:25:13,24413.95,24414,175,24415.4,150,425,1048850
NIFTY-II.NFO,05/08/2024,09:25:15,24413.95,24413.05,325,24416.9,200,0,1048850
NIFTY-II.NFO,05/08/2024,09:25:17,24411.6,24411.05,325,24412.6,75,425,1048850
NIFTY-II.NFO,05/08/2024,09:25:18,24413.25,24411.8,75,24415.4,150,150,1048850
NIFTY-II.NFO,05/08/2024,09:25:20,24415.45,24411,225,24412.6,25,75,1048850
NIFTY-II.NFO,05/08/2024,09:25:22,24412.05,24412.05,525,24415,25,75,1048850
NIFTY-II.NFO,05/08/2024,09:25:23,24412.05,24413.1,275,24415,25,0,1048850
NIFTY-II.NFO,05/08/2024,09:25:25,24414.55,24415.25,325,24418.8,50,225,1048850
NIFTY-II.NFO,05/08/2024,09:25:27,24416.1,24415.75,225,24416.15,150,325,1048850
NIFTY-II.NFO,05/08/2024,09:25:28,24418.8,24415.15,300,24418.75,175,100,1048850
NIFTY-II.NFO,05/08/2024,09:25:30,24417.5,24415,50,24417.6,150,225,1048850
NIFTY-II.NFO,05/08/2024,09:25:32,24416,24415,25,24416,100,100,1048850
NIFTY-II.NFO,05/08/2024,09:25:33,24414.55,24412.2,275,24414.6,150,425,1048850
NIFTY-II.NFO,05/08/2024,09:25:35,24413.9,24412.2,75,24413.85,50,225,1048850
NIFTY-II.NFO,05/08/2024,09:25:37,24407.9,24402.45,200,24407.7,150,2825,1048850
NIFTY-II.NFO,05/08/2024,09:25:37,24403.8,24402.45,200,24407.7,150,0,1048850
NIFTY-II.NFO,05/08/2024,09:25:38,24402.25,24402.75,250,24407.9,50,100,1048850
NIFTY-II.NFO,05/08/2024,09:25:38,24402.25,24402.75,250,24407.9,50,0,1048850
NIFTY-II.NFO,05/08/2024,09:25:40,24402.2,24402.15,50,24406.7,75,150,1048850
NIFTY-II.NFO,05/08/2024,09:25:40,24402.2,24402.15,50,24406.7,75,0,1048850
NIFTY-II.NFO,05/08/2024,09:25:42,24402.35,24402.75,200,24407.55,50,25,1048850
NIFTY-II.NFO,05/08/2024,09:25:43,24407.7,24402.2,200,24407.65,25,675,1048850
NIFTY-II.NFO,05/08/2024,09:25:45,24403.7,24402.8,200,24406.95,25,175,1048850
NIFTY-II.NFO,05/08/2024,09:25:47,24403.5,24405.05,200,24409.3,50,600,1048850
NIFTY-II.NFO,05/08/2024,09:25:49,24402.2,24402.15,50,24403.85,50,150,1048850
NIFTY-II.NFO,05/08/2024,09:25:50,24403.9,24403.65,25,24404,50,850,1048850
NIFTY-II.NFO,05/08/2024,09:25:50,24400.95,24403.65,25,24404,50,0,1048850
NIFTY-II.NFO,05/08/2024,09:25:52,24404,24404,25,24404.15,150,125,1048850
NIFTY-II.NFO,05/08/2024,09:25:54,24406.9,24403.65,25,24407.25,200,250,1048850
NIFTY-II.NFO,05/08/2024,09:25:55,24404,24404,25,24404.3,150,100,1048850
NIFTY-II.NFO,05/08/2024,09:25:57,24404.55,24404,25,24404.35,200,75,1048850
NIFTY-II.NFO,05/08/2024,09:25:59,24403.9,24403.7,400,24404.4,150,125,1048850
NIFTY-II.NFO,05/08/2024,09:26:00,24404.4,24403.7,400,24404.5,150,25,1048850
NIFTY-II.NFO,05/08/2024,09:26:02,24403.7,24403.7,300,24404.6,150,100,1048850
NIFTY-II.NFO,05/08/2024,09:26:04,24401,24400.8,75,24402.25,275,575,1048850
NIFTY-II.NFO,05/08/2024,09:26:05,24400.05,24400,4925,24403.8,25,275,1048850
NIFTY-II.NFO,05/08/2024,09:26:05,24400.05,24400,4925,24403.8,25,0,1048850
NIFTY-II.NFO,05/08/2024,09:26:07,24405.45,24400.05,200,24404.65,25,350,1048850
NIFTY-II.NFO,05/08/2024,09:26:09,24406.85,24401.9,275,24404.65,150,125,1048850
NIFTY-II.NFO,05/08/2024,09:26:10,24406.05,24404.15,75,24407.95,25,150,1048850
NIFTY-II.NFO,05/08/2024,09:26:12,24407.35,24407.1,125,24409,50,1050,1048850
NIFTY-II.NFO,05/08/2024,09:26:14,24408.2,24407.8,75,24409,50,350,1048850
NIFTY-II.NFO,05/08/2024,09:26:15,24408.85,24406.7,200,24408.9,150,100,1048850
NIFTY-II.NFO,05/08/2024,09:26:17,24411.35,24411.35,50,24413.05,150,400,1048850
NIFTY-II.NFO,05/08/2024,09:26:18,24411.4,24411.4,200,24413.8,50,200,1048850
NIFTY-II.NFO,05/08/2024,09:26:20,24413.05,24413.05,75,24415.5,150,225,1048850
NIFTY-II.NFO,05/08/2024,09:26:22,24414.75,24412.6,25,24415.65,50,350,1048850
NIFTY-II.NFO,05/08/2024,09:26:23,24413.75,24411.4,25,24412.75,500,150,1048850
NIFTY-II.NFO,05/08/2024,09:26:25,24411,24407.75,50,24412.4,25,125,1048850
NIFTY-II.NFO,05/08/2024,09:26:27,24405.5,24405.5,200,24410.5,325,125,1048850
NIFTY-II.NFO,05/08/2024,09:26:28,24409.2,24405.45,50,24409.05,25,150,1048850
NIFTY-II.NFO,05/08/2024,09:26:30,24409.05,24405.45,50,24409.05,25,100,1048850
NIFTY-II.NFO,05/08/2024,09:26:32,24405,24405,75,24407.75,75,150,1048850
NIFTY-II.NFO,05/08/2024,09:26:33,24407.7,24401.95,200,24406.45,25,1700,1048850
NIFTY-II.NFO,05/08/2024,09:26:35,24412.55,24410,175,24412.05,25,1675,1048850
NIFTY-II.NFO,05/08/2024,09:26:37,24412.65,24412,975,24413.2,25,750,1048850
NIFTY-II.NFO,05/08/2024,09:26:38,24412,24412.05,500,24412.8,50,100,1048850
NIFTY-II.NFO,05/08/2024,09:26:40,24411,24405.2,50,24409.75,350,1675,1048850
NIFTY-II.NFO,05/08/2024,09:26:42,24414,24407.7,275,24411.8,50,1525,1048850
NIFTY-II.NFO,05/08/2024,09:26:43,24411.8,24410.5,25,24413,25,100,1048850
NIFTY-II.NFO,05/08/2024,09:26:45,24412,24412,1500,24412.05,50,100,1048850
NIFTY-II.NFO,05/08/2024,09:26:47,24412,24412,1525,24413,25,150,1048850
NIFTY-II.NFO,05/08/2024,09:26:48,24414.7,24412,1400,24413.75,50,125,1048850
NIFTY-II.NFO,05/08/2024,09:26:50,24413.8,24412.05,25,24413.8,50,475,1048850
NIFTY-II.NFO,05/08/2024,09:26:52,24413.8,24412.05,100,24413.8,50,0,1048850
NIFTY-II.NFO,05/08/2024,09:26:53,24414.15,24412,575,24413.85,25,700,1048850
NIFTY-II.NFO,05/08/2024,09:26:55,24412.8,24412,650,24412.8,50,75,1048850
NIFTY-II.NFO,05/08/2024,09:26:57,24412,24412,750,24412.75,50,350,1048850
NIFTY-II.NFO,05/08/2024,09:26:58,24412,24412,500,24412.75,50,300,1048850
NIFTY-II.NFO,05/08/2024,09:27:00,24412.9,24412,325,24412.9,50,525,1048850
NIFTY-II.NFO,05/08/2024,09:27:02,24413.25,24409.8,200,24413.25,425,975,1048850
NIFTY-II.NFO,05/08/2024,09:27:03,24413.1,24412,125,24413.1,250,400,1048850
NIFTY-II.NFO,05/08/2024,09:27:05,24413.95,24412.75,200,24414.75,100,500,1048850
NIFTY-II.NFO,05/08/2024,09:27:07,24416,24414.75,325,24418.85,25,1925,1048850
NIFTY-II.NFO,05/08/2024,09:27:08,24417.75,24414.9,75,24417.85,150,75,1048850
NIFTY-II.NFO,05/08/2024,09:27:10,24417.8,24413.5,25,24417.65,25,50,1048850
NIFTY-II.NFO,05/08/2024,09:27:12,24417.75,24416,50,24417.8,50,50,1048850
NIFTY-II.NFO,05/08/2024,09:27:13,24414.05,24413.55,275,24417.5,25,100,1048850
NIFTY-II.NFO,05/08/2024,09:27:15,24418,24413.75,200,24416.8,50,1025,1048850
NIFTY-II.NFO,05/08/2024,09:27:17,24416.8,24415,25,24416,1800,150,1048850
NIFTY-II.NFO,05/08/2024,09:27:18,24414.75,24414.85,100,24416,1725,200,1048850
NIFTY-II.NFO,05/08/2024,09:27:20,24414.75,24413.1,150,24414.1,50,375,1048850
NIFTY-II.NFO,05/08/2024,09:27:21,24416,24413.1,75,24416,1500,125,1048850
NIFTY-II.NFO,05/08/2024,09:27:23,24413.1,24413.1,25,24414.6,25,75,1048850
NIFTY-II.NFO,05/08/2024,09:27:25,24413.65,24410,75,24413.6,375,475,1048850
NIFTY-II.NFO,05/08/2024,09:27:26,24409.75,24409.75,50,24412.75,50,225,1048850
NIFTY-II.NFO,05/08/2024,09:27:28,24413,24406.75,250,24413.05,250,175,1048850
NIFTY-II.NFO,05/08/2024,09:27:30,24410,24406.45,25,24410,1475,450,1048850
NIFTY-II.NFO,05/08/2024,09:27:31,24410,24406.45,25,24410,1475,0,1048850
NIFTY-II.NFO,05/08/2024,09:27:33,24405.2,24405.15,200,24409.7,100,350,1048850
NIFTY-II.NFO,05/08/2024,09:27:35,24410,24405.3,50,24409.7,50,250,1048850
NIFTY-II.NFO,05/08/2024,09:27:36,24405.5,24405.5,275,24410,1250,200,1048850
NIFTY-II.NFO,05/08/2024,09:27:38,24407.35,24406.65,50,24407.4,150,75,1056825
NIFTY-II.NFO,05/08/2024,09:27:40,24405.8,24405.05,200,24409.3,150,150,1056825
NIFTY-II.NFO,05/08/2024,09:27:41,24405.8,24405.05,25,24409.75,100,0,1056825
NIFTY-II.NFO,05/08/2024,09:27:43,24409.4,24407.5,75,24410,1225,375,1056825
NIFTY-II.NFO,05/08/2024,09:27:45,24410,24405.9,25,24410,1200,725,1056825
NIFTY-II.NFO,05/08/2024,09:27:46,24410,24405.9,25,24409.55,150,100,1056825
NIFTY-II.NFO,05/08/2024,09:27:48,24409.6,24406.1,50,24409.65,150,25,1056825
NIFTY-II.NFO,05/08/2024,09:27:50,24409.6,24407.4,75,24409.4,25,0,1056825
NIFTY-II.NFO,05/08/2024,09:27:51,24410,24406.7,25,24409.65,150,225,1056825
NIFTY-II.NFO,05/08/2024,09:27:53,24410,24409,25,24410,1275,0,1056825
NIFTY-II.NFO,05/08/2024,09:27:55,24409,24408,350,24409.75,150,300,1056825
NIFTY-II.NFO,05/08/2024,09:27:56,24408.15,24408.1,25,24410,1025,600,1056825
NIFTY-II.NFO,05/08/2024,09:27:58,24409.65,24408.1,25,24409.65,100,25,1056825
NIFTY-II.NFO,05/08/2024,09:28:00,24409.65,24408.1,100,24409.65,100,0,1056825
NIFTY-II.NFO,05/08/2024,09:28:02,24409.65,24408.15,25,24409.65,100,0,1056825
NIFTY-II.NFO,05/08/2024,09:28:03,24410,24411.35,125,24414,25,1125,1056825
NIFTY-II.NFO,05/08/2024,09:28:05,24415,24413.25,50,24415,25,175,1056825
NIFTY-II.NFO,05/08/2024,09:28:07,24416.8,24416.15,50,24418,50,75,1056825
NIFTY-II.NFO,05/08/2024,09:28:08,24418,24416.65,125,24419.1,175,75,1056825
NIFTY-II.NFO,05/08/2024,09:28:10,24415.45,24415,25,24417.35,150,900,1056825
NIFTY-II.NFO,05/08/2024,09:28:12,24418.35,24415.9,250,24419.1,25,50,1056825
NIFTY-II.NFO,05/08/2024,09:28:13,24418.85,24417.3,150,24418.85,75,150,1056825
NIFTY-II.NFO,05/08/2024,09:28:15,24418.9,24417.3,25,24419.1,150,300,1056825
NIFTY-II.NFO,05/08/2024,09:28:17,24415,24415,25,24415.35,125,200,1056825
NIFTY-II.NFO,05/08/2024,09:28:18,24410,24409.65,75,24410,25,75,1056825
NIFTY-II.NFO,05/08/2024,09:28:20,24415.35,24409.65,75,24413.2,75,1050,1056825
NIFTY-II.NFO,05/08/2024,09:28:22,24412.9,24409.65,75,24412.9,75,225,1056825
NIFTY-II.NFO,05/08/2024,09:28:23,24415,24410.5,50,24416.45,325,75,1056825
NIFTY-II.NFO,05/08/2024,09:28:25,24414.75,24410,50,24414.7,75,25,1056825
NIFTY-II.NFO,05/08/2024,09:28:27,24412.75,24410,150,24414,325,200,1056825
NIFTY-II.NFO,05/08/2024,09:28:28,24413.25,24412.9,25,24413.25,125,50,1056825
NIFTY-II.NFO,05/08/2024,09:28:30,24412.3,24408.75,50,24413.6,225,950,1056825
NIFTY-II.NFO,05/08/2024,09:28:32,24412.9,24410,75,24413.55,50,75,1056825
NIFTY-II.NFO,05/08/2024,09:28:33,24413.4,24410,100,24412.9,50,25,1056825
NIFTY-II.NFO,05/08/2024,09:28:35,24410.95,24408.15,200,24410.9,25,325,1056825
NIFTY-II.NFO,05/08/2024,09:28:37,24413.25,24409.85,275,24413.6,150,25,1056825
NIFTY-II.NFO,05/08/2024,09:28:38,24411.85,24410,25,24413.55,25,50,1056825
NIFTY-II.NFO,05/08/2024,09:28:40,24413.5,24409,50,24412.45,325,150,1056825
NIFTY-II.NFO,05/08/2024,09:28:42,24412.3,24409,50,24411.3,25,100,1056825
NIFTY-II.NFO,05/08/2024,09:28:43,24409,24409,25,24410.95,575,100,1056825
NIFTY-II.NFO,05/08/2024,09:28:45,24410.05,24408.1,25,24410.05,50,625,1056825
NIFTY-II.NFO,05/08/2024,09:28:47,24411.75,24408.1,25,24411.4,250,1000,1056825
NIFTY-II.NFO,05/08/2024,09:28:48,24409,24408.1,25,24410.45,150,25,1056825
NIFTY-II.NFO,05/08/2024,09:28:50,24409.55,24408.1,25,24409.6,25,125,1056825
NIFTY-II.NFO,05/08/2024,09:28:52,24410.75,24408.1,25,24410.85,150,275,1056825
NIFTY-II.NFO,05/08/2024,09:28:53,24412.35,24410,50,24412.6,25,300,1056825
NIFTY-II.NFO,05/08/2024,09:28:55,24410.05,24410.05,50,24411.85,150,50,1056825
NIFTY-II.NFO,05/08/2024,09:28:57,24411.65,24410.75,25,24411.8,150,75,1056825
NIFTY-II.NFO,05/08/2024,09:28:58,24413.1,24410.75,25,24413.75,250,400,1056825
NIFTY-II.NFO,05/08/2024,09:29:00,24410.15,24410.2,50,24413.05,150,225,1056825
NIFTY-II.NFO,05/08/2024,09:29:02,24410.8,24410.75,75,24413.95,150,25,1056825
NIFTY-II.NFO,05/08/2024,09:29:03,24410.8,24410.4,150,24412.95,150,0,1056825
NIFTY-II.NFO,05/08/2024,09:29:05,24414.15,24410.45,200,24414.9,500,150,1056825
NIFTY-II.NFO,05/08/2024,09:29:07,24414.15,24410.4,75,24413.9,25,0,1056825
NIFTY-II.NFO,05/08/2024,09:29:08,24412.4,24410.4,50,24412.1,275,175,1056825
NIFTY-II.NFO,05/08/2024,09:29:10,24408,24406,25,24410.15,550,600,1056825
NIFTY-II.NFO,05/08/2024,09:29:12,24410.1,24405.05,200,24410.1,100,250,1056825
NIFTY-II.NFO,05/08/2024,09:29:13,24410.8,24405.65,200,24410.8,50,825,1056825
NIFTY-II.NFO,05/08/2024,09:29:15,24405.4,24408,250,24410.75,75,100,1056825
NIFTY-II.NFO,05/08/2024,09:29:17,24405.2,24405.4,25,24410.4,225,500,1056825
NIFTY-II.NFO,05/08/2024,09:29:18,24409,24405.4,50,24409,50,150,1056825
NIFTY-II.NFO,05/08/2024,09:29:20,24409,24405.5,25,24408.3,150,225,1056825
NIFTY-II.NFO,05/08/2024,09:29:21,24408.5,24405.5,25,24408.5,75,100,1056825
NIFTY-II.NFO,05/08/2024,09:29:23,24408.95,24405,725,24406.4,25,675,1056825
NIFTY-II.NFO,05/08/2024,09:29:25,24409,24405,725,24409,150,125,1056825
NIFTY-II.NFO,05/08/2024,09:29:26,24405,24405,700,24408,250,200,1056825
NIFTY-II.NFO,05/08/2024,09:29:28,24408,24405.05,200,24408.7,50,25,1056825
NIFTY-II.NFO,05/08/2024,09:29:30,24405.05,24405,700,24409.5,175,825,1056825
NIFTY-II.NFO,05/08/2024,09:29:31,24407.75,24405,650,24407.3,300,100,1056825
NIFTY-II.NFO,05/08/2024,09:29:33,24407.35,24405,500,24407.4,250,275,1056825
NIFTY-II.NFO,05/08/2024,09:29:35,24407.35,24405.05,200,24408.6,50,0,1056825
NIFTY-II.NFO,05/08/2024,09:29:36,24407.4,24405,500,24408.95,50,75,1056825
NIFTY-II.NFO,05/08/2024,09:29:38,24405,24405.05,200,24408.95,50,225,1056825
NIFTY-II.NFO,05/08/2024,09:29:40,24408.1,24405,425,24408.95,50,25,1056825
NIFTY-II.NFO,05/08/2024,09:29:41,24406,24406,50,24408.95,250,100,1056825
NIFTY-II.NFO,05/08/2024,09:29:43,24405,24405,525,24408.45,250,125,1056825
NIFTY-II.NFO,05/08/2024,09:29:45,24405,24405,325,24406.1,150,200,1056825
NIFTY-II.NFO,05/08/2024,09:29:46,24407.95,24405,325,24407.75,100,175,1056825
NIFTY-II.NFO,05/08/2024,09:29:48,24407,24405,175,24407.1,25,275,1056825
NIFTY-II.NFO,05/08/2024,09:29:50,24405,24405,100,24407.45,25,150,1056825
NIFTY-II.NFO,05/08/2024,09:29:51,24406.55,24405,25,24406.8,50,225,1056825
NIFTY-II.NFO,05/08/2024,09:29:53,24404.5,24403,50,24407.55,50,100,1056825
NIFTY-II.NFO,05/08/2024,09:29:55,24405,24403,50,24406.9,500,400,1056825
NIFTY-II.NFO,05/08/2024,09:29:56,24404,24403,50,24406.45,125,75,1056825
NIFTY-II.NFO,05/08/2024,09:29:58,24405,24404.5,25,24404.7,50,300,1056825
NIFTY-II.NFO,05/08/2024,09:29:59,24405.8,24403,25,24405,300,75,1056825
NIFTY-II.NFO,05/08/2024,09:30:01,24402,24402,50,24403.6,50,150,1056825
NIFTY-II.NFO,05/08/2024,09:30:03,24405,24402.7,25,24405,275,100,1056825
NIFTY-II.NFO,05/08/2024,09:30:04,24405,24403.9,325,24405,125,175,1056825
NIFTY-II.NFO,05/08/2024,09:30:06,24405.1,24406.05,25,24409.65,25,875,1056825
NIFTY-II.NFO,05/08/2024,09:30:08,24409.3,24405,25,24408.05,175,25,1056825
NIFTY-II.NFO,05/08/2024,09:30:09,24405,24402.15,25,24405.6,250,100,1056825
NIFTY-II.NFO,05/08/2024,09:30:11,24401,24401,200,24402.75,25,550,1056825
NIFTY-II.NFO,05/08/2024,09:30:13,24401,24400.6,25,24401.4,250,225,1056825
NIFTY-II.NFO,05/08/2024,09:30:14,24400,24400,3625,24400.2,650,1575,1056825
NIFTY-II.NFO,05/08/2024,09:30:14,24400,24400,3625,24400.2,650,0,1056825
NIFTY-II.NFO,05/08/2024,09:30:16,24400.55,24400,2225,24400.5,375,1450,1056825
NIFTY-II.NFO,05/08/2024,09:30:18,24400,24400,1600,24400.45,50,725,1056825
NIFTY-II.NFO,05/08/2024,09:30:19,24400,24400,1550,24400.9,75,175,1056825
NIFTY-II.NFO,05/08/2024,09:30:21,24400,24400,1225,24400.65,275,600,1056825
NIFTY-II.NFO,05/08/2024,09:30:23,24400,24400,1575,24400.55,350,425,1056825
NIFTY-II.NFO,05/08/2024,09:30:24,24395.8,24395.8,25,24398.35,100,1875,1056825
NIFTY-II.NFO,05/08/2024,09:30:24,24395.8,24395.8,25,24398.35,100,0,1056825
NIFTY-II.NFO,05/08/2024,09:30:26,24399.35,24396.1,25,24398.1,100,25,1056825
NIFTY-II.NFO,05/08/2024,09:30:28,24396.15,24396.1,25,24398.8,100,25,1056825
NIFTY-II.NFO,05/08/2024,09:30:29,24395.5,24395.35,25,24398.05,25,200,1056825
NIFTY-II.NFO,05/08/2024,09:30:29,24395.5,24395.35,25,24398.05,25,0,1056825
NIFTY-II.NFO,05/08/2024,09:30:31,24394,24390.15,50,24393.65,25,375,1056825
NIFTY-II.NFO,05/08/2024,09:30:31,24390.2,24390.15,50,24393.65,25,0,1056825
NIFTY-II.NFO,05/08/2024,09:30:33,24389.8,24388,250,24389.75,25,1575,1056825
NIFTY-II.NFO,05/08/2024,09:30:33,24389.75,24388,250,24389.75,25,0,1056825
NIFTY-II.NFO,05/08/2024,09:30:34,24389.9,24387.05,200,24391.7,25,400,1056825
NIFTY-II.NFO,05/08/2024,09:30:34,24385.8,24387.05,200,24391.7,25,0,1056825
NIFTY-II.NFO,05/08/2024,09:30:36,24390.05,24390.65,25,24393.85,25,350,1056825
NIFTY-II.NFO,05/08/2024,09:30:38,24391.25,24391.3,25,24391.75,150,1550,1056825
NIFTY-II.NFO,05/08/2024,09:30:39,24388.3,24388.25,50,24389.7,75,225,1060725
NIFTY-II.NFO,05/08/2024,09:30:41,24388.3,24388.25,50,24391.4,50,50,1060725
NIFTY-II.NFO,05/08/2024,09:30:43,24385.95,24387.6,50,24390.55,200,400,1060725
NIFTY-II.NFO,05/08/2024,09:30:44,24389.65,24389.65,275,24390.5,125,200,1060725
NIFTY-II.NFO,05/08/2024,09:30:46,24389.65,24387.4,25,24390,500,300,1060725
NIFTY-II.NFO,05/08/2024,09:30:48,24388.3,24386.6,50,24387.3,100,200,1060725
NIFTY-II.NFO,05/08/2024,09:30:49,24389.4,24386.85,50,24389.45,25,150,1060725
NIFTY-II.NFO,05/08/2024,09:30:51,24388.75,24386.05,200,24390,325,250,1060725
NIFTY-II.NFO,05/08/2024,09:30:53,24387.9,24386.8,200,24390,275,500,1060725
NIFTY-II.NFO,05/08/2024,09:30:54,24390,24387.15,300,24390,250,250,1060725
NIFTY-II.NFO,05/08/2024,09:30:56,24388.1,24386.15,175,24388.1,75,100,1060725
NIFTY-II.NFO,05/08/2024,09:30:58,24390.5,24389.05,100,24390.65,150,450,1060725
NIFTY-II.NFO,05/08/2024,09:30:59,24390.65,24389.45,100,24391.6,150,50,1060725
NIFTY-II.NFO,05/08/2024,09:31:01,24390.5,24390.5,75,24391.8,150,50,1060725
NIFTY-II.NFO,05/08/2024,09:31:03,24390.55,24390.5,75,24390.75,150,75,1060725
NIFTY-II.NFO,05/08/2024,09:31:04,24390.5,24390.5,25,24390.75,150,50,1060725
NIFTY-II.NFO,05/08/2024,09:31:06,24390,24389.6,25,24390.55,775,225,1060725
NIFTY-II.NFO,05/08/2024,09:31:08,24391.85,24390.45,50,24392.25,150,975,1060725
NIFTY-II.NFO,05/08/2024,09:31:09,24390.75,24390.75,25,24394.6,50,75,1060725
NIFTY-II.NFO,05/08/2024,09:31:11,24392.4,24390.15,75,24394.6,50,475,1060725
NIFTY-II.NFO,05/08/2024,09:31:13,24392.4,24390,50,24394.6,175,0,1060725
NIFTY-II.NFO,05/08/2024,09:31:14,24394.55,24390.25,100,24394.55,275,275,1060725
NIFTY-II.NFO,05/08/2024,09:31:16,24391.85,24390,75,24390.1,50,150,1060725
NIFTY-II.NFO,05/08/2024,09:31:18,24390,24389,25,24390.05,75,100,1060725
NIFTY-II.NFO,05/08/2024,09:31:20,24390.05,24389,25,24391.7,200,25,1060725
NIFTY-II.NFO,05/08/2024,09:31:21,24391.7,24389,25,24390.5,150,25,1060725
NIFTY-II.NFO,05/08/2024,09:31:23,24390.5,24389,25,24390.5,175,50,1060725
NIFTY-II.NFO,05/08/2024,09:31:25,24389.75,24387,25,24389.8,75,225,1060725
NIFTY-II.NFO,05/08/2024,09:31:26,24390.05,24390,475,24390.5,75,50,1060725
NIFTY-II.NFO,05/08/2024,09:31:28,24390,24390.05,25,24390.5,75,125,1060725
NIFTY-II.NFO,05/08/2024,09:31:30,24390,24390,25,24390.45,150,400,1060725
NIFTY-II.NFO,05/08/2024,09:31:31,24389.75,24387,25,24388.95,25,50,1060725
NIFTY-II.NFO,05/08/2024,09:31:33,24390.1,24389,50,24390.5,50,100,1060725
NIFTY-II.NFO,05/08/2024,09:31:35,24392.4,24389.8,50,24392.4,50,75,1060725
NIFTY-II.NFO,05/08/2024,09:31:36,24390.05,24388.95,50,24391.85,150,25,1060725
NIFTY-II.NFO,05/08/2024,09:31:38,24390.1,24390.1,50,24392.4,50,100,1060725
NIFTY-II.NFO,05/08/2024,09:31:40,24394.6,24392.4,100,24394.6,25,150,1060725
NIFTY-II.NFO,05/08/2024,09:31:41,24391.4,24390.95,75,24394.55,25,225,1060725
NIFTY-II.NFO,05/08/2024,09:31:43,24391.4,24391.9,50,24394.6,50,0,1060725
NIFTY-II.NFO,05/08/2024,09:31:45,24391.6,24391.6,75,24394.65,50,75,1060725
NIFTY-II.NFO,05/08/2024,09:31:46,24391.6,24391.6,75,24394.65,50,0,1060725
NIFTY-II.NFO,05/08/2024,09:31:48,24391.75,24391.9,75,24394.65,50,25,1060725
NIFTY-II.NFO,05/08/2024,09:31:50,24394.65,24391.9,25,24394.65,25,75,1060725
NIFTY-II.NFO,05/08/2024,09:31:51,24394.65,24393,50,24394.75,50,225,1060725
NIFTY-II.NFO,05/08/2024,09:31:53,24395.95,24394.45,50,24396.8,25,375,1060725
NIFTY-II.NFO,05/08/2024,09:31:55,24394.45,24394.45,200,24396.65,50,50,1060725
NIFTY-II.NFO,05/08/2024,09:31:56,24396.65,24395.25,50,24399.95,200,50,1060725
NIFTY-II.NFO,05/08/2024,09:31:58,24397.1,24397.1,100,24400,50,125,1060725
NIFTY-II.NFO,05/08/2024,09:32:00,24397.1,24397.1,125,24399.65,25,225,1060725
NIFTY-II.NFO,05/08/2024,09:32:01,24395.05,24394.35,50,24399.75,200,1725,1060725
NIFTY-II.NFO,05/08/2024,09:32:03,24400.6,24397.05,25,24401.65,325,225,1060725
NIFTY-II.NFO,05/08/2024,09:32:05,24403.3,24398.4,75,24403.3,200,100,1060725
NIFTY-II.NFO,05/08/2024,09:32:06,24404.5,24400,25,24401.75,250,550,1060725
NIFTY-II.NFO,05/08/2024,09:32:08,24400,24397.85,200,24402.5,175,350,1060725
NIFTY-II.NFO,05/08/2024,09:32:10,24406.4,24399.35,200,24406.35,25,1050,1060725
NIFTY-II.NFO,05/08/2024,09:32:11,24408.85,24404.05,25,24409.55,300,775,1060725
NIFTY-II.NFO,05/08/2024,09:32:13,24408.85,24406.35,200,24409.55,150,0,1060725
NIFTY-II.NFO,05/08/2024,09:32:15,24411,24412.35,50,24413.65,75,175,1060725
NIFTY-II.NFO,05/08/2024,09:32:16,24419,24415.4,325,24419.45,225,650,1060725
NIFTY-II.NFO,05/08/2024,09:32:18,24418.45,24417.4,200,24419.4,100,350,1060725
NIFTY-II.NFO,05/08/2024,09:32:19,24418.45,24417.25,25,24418.75,25,0,1060725
NIFTY-II.NFO,05/08/2024,09:32:21,24417.25,24412.75,200,24417.25,25,550,1060725
NIFTY-II.NFO,05/08/2024,09:32:23,24420,24414.45,125,24420,25,200,1060725
NIFTY-II.NFO,05/08/2024,09:32:24,24420,24411.7,275,24418.05,50,0,1060725
NIFTY-II.NFO,05/08/2024,09:32:26,24414.5,24409.55,50,24415.25,75,275,1060725
NIFTY-II.NFO,05/08/2024,09:32:28,24416.9,24410.6,200,24416.55,200,50,1060725
NIFTY-II.NFO,05/08/2024,09:32:29,24420.6,24415.1,50,24420,325,550,1060725
NIFTY-II.NFO,05/08/2024,09:32:31,24414.85,24414.35,275,24419.8,25,175,1060725
NIFTY-II.NFO,05/08/2024,09:32:33,24420.95,24416.2,125,24420.5,125,575,1060725
NIFTY-II.NFO,05/08/2024,09:32:35,24416.4,24416.35,50,24420.05,25,150,1060725
NIFTY-II.NFO,05/08/2024,09:32:36,24419.15,24416,25,24419.15,25,175,1060725
NIFTY-II.NFO,05/08/2024,09:32:38,24419.4,24416,100,24419.35,125,125,1060725
NIFTY-II.NFO,05/08/2024,09:32:40,24415.85,24415.25,125,24420.65,250,75,1060725
NIFTY-II.NFO,05/08/2024,09:32:41,24419.9,24417.05,25,24419.1,25,50,1060725
NIFTY-II.NFO,05/08/2024,09:32:43,24420,24416.9,25,24419.7,250,25,1060725
NIFTY-II.NFO,05/08/2024,09:32:45,24420,24417.1,50,24421.5,125,0,1060725
NIFTY-II.NFO,05/08/2024,09:32:46,24421.3,24420.2,25,24420.75,100,100,1060725
NIFTY-II.NFO,05/08/2024,09:32:48,24420,24416.9,25,24420.2,25,375,1060725
NIFTY-II.NFO,05/08/2024,09:32:50,24420.15,24416.55,200,24420.2,25,175,1060725
NIFTY-II.NFO,05/08/2024,09:32:51,24420.2,24418.05,275,24423.35,25,150,1060725
NIFTY-II.NFO,05/08/2024,09:32:53,24420.2,24420.65,50,24425,225,800,1060725
NIFTY-II.NFO,05/08/2024,09:32:55,24424.4,24421,175,24424.6,125,50,1060725
NIFTY-II.NFO,05/08/2024,09:32:56,24423.2,24420,125,24423.45,125,250,1060725
NIFTY-II.NFO,05/08/2024,09:32:58,24422.65,24420.2,25,24423.55,75,125,1060725
NIFTY-II.NFO,05/08/2024,09:33:00,24423.35,24422.75,25,24424,50,100,1060725
NIFTY-II.NFO,05/08/2024,09:33:01,24424.15,24420.2,25,24424.35,25,200,1060725
NIFTY-II.NFO,05/08/2024,09:33:03,24424.8,24421,25,24424.45,25,125,1060725
NIFTY-II.NFO,05/08/2024,09:33:05,24423.55,24421.75,75,24424.7,25,325,1060725
NIFTY-II.NFO,05/08/2024,09:33:06,24425,24424.1,275,24425,25,275,1060725
NIFTY-II.NFO,05/08/2024,09:33:08,24424.65,24423.25,250,24429.2,25,200,1060725
NIFTY-II.NFO,05/08/2024,09:33:10,24429.95,24425.5,50,24429.95,50,75,1060725
NIFTY-II.NFO,05/08/2024,09:33:11,24430,24427.05,100,24430,300,75,1060725
NIFTY-II.NFO,05/08/2024,09:33:13,24429.95,24430.9,50,24433,50,375,1060725
NIFTY-II.NFO,05/08/2024,09:33:15,24428.8,24429.35,250,24433,50,50,1060725
NIFTY-II.NFO,05/08/2024,09:33:16,24435,24431.65,250,24434.8,25,175,1060725
NIFTY-II.NFO,05/08/2024,09:33:18,24434.65,24431.9,200,24434.6,25,50,1060725
NIFTY-II.NFO,05/08/2024,09:33:19,24432.7,24434.15,200,24437.8,25,50,1060725
NIFTY-II.NFO,05/08/2024,09:33:21,24437.15,24437.55,100,24442.45,250,300,1060725
NIFTY-II.NFO,05/08/2024,09:33:23,24453,24453,200,24454.65,25,775,1060725
NIFTY-II.NFO,05/08/2024,09:33:24,24454.35,24450.05,25,24454.45,200,550,1060725
NIFTY-II.NFO,05/08/2024,09:33:26,24447.35,24447.05,25,24449.6,25,75,1060725
NIFTY-II.NFO,05/08/2024,09:33:28,24447,24446.05,25,24447,25,125,1060725
NIFTY-II.NFO,05/08/2024,09:33:29,24446.05,24448.95,50,24454.35,25,1100,1060725
NIFTY-II.NFO,05/08/2024,09:33:31,24454.05,24453.05,25,24455.25,750,100,1060725
NIFTY-II.NFO,05/08/2024,09:33:33,24450.05,24446.2,125,24451.35,125,75,1060725
NIFTY-II.NFO,05/08/2024,09:33:34,24450,24448.05,25,24451.85,50,100,1060725
NIFTY-II.NFO,05/08/2024,09:33:36,24453.05,24452.05,25,24455.6,325,100,1060725
NIFTY-II.NFO,05/08/2024,09:33:38,24451.2,24450,25,24452.4,250,75,1060725
NIFTY-II.NFO,05/08/2024,09:33:39,24451,24450,25,24451.15,125,150,1063700
NIFTY-II.NFO,05/08/2024,09:33:41,24452.65,24449.05,25,24452.5,275,150,1063700
NIFTY-II.NFO,05/08/2024,09:33:43,24452.65,24445.05,25,24448.7,50,0,1063700
NIFTY-II.NFO,05/08/2024,09:33:44,24454.15,24450.05,25,24452.3,175,200,1063700
NIFTY-II.NFO,05/08/2024,09:33:46,24451,24451,50,24452.1,150,150,1063700
NIFTY-II.NFO,05/08/2024,09:33:48,24450,24448.7,125,24450.05,125,850,1063700
NIFTY-II.NFO,05/08/2024,09:33:49,24446.05,24445.05,25,24449.75,250,300,1063700
NIFTY-II.NFO,05/08/2024,09:33:51,24449.15,24446.05,25,24450,175,150,1063700
NIFTY-II.NFO,05/08/2024,09:33:53,24446.05,24446.05,25,24449.5,75,50,1063700
NIFTY-II.NFO,05/08/2024,09:33:54,24449.85,24446.1,25,24449.55,25,50,1063700
NIFTY-II.NFO,05/08/2024,09:33:56,24446.95,24445,50,24447.25,75,275,1063700
NIFTY-II.NFO,05/08/2024,09:33:58,24448.1,24446.05,25,24450,100,275,1063700
NIFTY-II.NFO,05/08/2024,09:33:59,24450,24448.65,50,24450.55,25,125,1063700
NIFTY-II.NFO,05/08/2024,09:34:01,24450.85,24450.9,50,24453,25,175,1063700
NIFTY-II.NFO,05/08/2024,09:34:03,24453,24450.05,75,24454,25,25,1063700
NIFTY-II.NFO,05/08/2024,09:34:04,24450,24449.6,25,24449.8,25,150,1063700
NIFTY-II.NFO,05/08/2024,09:34:06,24449.6,24448.1,225,24449.45,50,100,1063700
NIFTY-II.NFO,05/08/2024,09:34:08,24450,24448.1,225,24452.6,100,100,1063700
NIFTY-II.NFO,05/08/2024,09:34:09,24448.1,24449.05,25,24452.45,125,200,1063700
NIFTY-II.NFO,05/08/2024,09:34:11,24449.95,24448.15,200,24450,75,75,1063700
NIFTY-II.NFO,05/08/2024,09:34:13,24448.05,24450.05,300,24453,25,275,1063700
NIFTY-II.NFO,05/08/2024,09:34:14,24448.05,24450.05,25,24453,25,0,1063700
NIFTY-II.NFO,05/08/2024,09:34:16,24456.95,24452.05,150,24456.05,25,1025,1063700
NIFTY-II.NFO,05/08/2024,09:34:18,24453.8,24450,550,24453.5,25,25,1063700
NIFTY-II.NFO,05/08/2024,09:34:19,24448,24446.1,200,24450.75,50,700,1063700
NIFTY-II.NFO,05/08/2024,09:34:21,24451.25,24447.05,25,24452.6,75,175,1063700
NIFTY-II.NFO,05/08/2024,09:34:23,24452.85,24449.05,25,24452.9,250,50,1063700
NIFTY-II.NFO,05/08/2024,09:34:24,24453.6,24449.05,25,24453.3,25,450,1063700
NIFTY-II.NFO,05/08/2024,09:34:26,24452.35,24449.05,25,24452.75,25,100,1063700
NIFTY-II.NFO,05/08/2024,09:34:28,24452.35,24448,350,24452.8,250,25,1063700
NIFTY-II.NFO,05/08/2024,09:34:29,24452.35,24448,350,24449.7,50,0,1063700
NIFTY-II.NFO,05/08/2024,09:34:31,24449,24446.05,75,24448.65,75,475,1063700
NIFTY-II.NFO,05/08/2024,09:34:33,24448.9,24446.05,75,24448.4,75,125,1063700
NIFTY-II.NFO,05/08/2024,09:34:34,24446.55,24443.75,25,24446.6,50,175,1063700
NIFTY-II.NFO,05/08/2024,09:34:36,24447.4,24443.75,25,24447.45,25,150,1063700
NIFTY-II.NFO,05/08/2024,09:34:38,24447.7,24444.25,25,24447.75,25,175,1063700
NIFTY-II.NFO,05/08/2024,09:34:40,24447.45,24444.25,25,24446.65,25,125,1063700
NIFTY-II.NFO,05/08/2024,09:34:41,24444.5,24440,100,24443.6,75,500,1063700
NIFTY-II.NFO,05/08/2024,09:34:43,24443.85,24440.1,275,24444,25,50,1063700
NIFTY-II.NFO,05/08/2024,09:34:45,24440,24440,75,24443.1,25,1875,1063700
NIFTY-II.NFO,05/08/2024,09:34:46,24440.75,24436.9,25,24441.35,25,125,1063700
NIFTY-II.NFO,05/08/2024,09:34:48,24440,24437.1,200,24440.85,50,50,1063700
NIFTY-II.NFO,05/08/2024,09:34:50,24440,24436.85,25,24439.25,50,0,1063700
NIFTY-II.NFO,05/08/2024,09:34:51,24440,24440,400,24440.7,50,250,1063700
NIFTY-II.NFO,05/08/2024,09:34:53,24436.85,24435.1,200,24440.65,50,450,1063700
NIFTY-II.NFO,05/08/2024,09:34:55,24440,24436.05,100,24439.85,25,75,1063700
NIFTY-II.NFO,05/08/2024,09:34:56,24439.15,24435.35,275,24439.95,250,25,1063700
NIFTY-II.NFO,05/08/2024,09:34:58,24437.85,24435.15,25,24438.65,25,200,1063700
NIFTY-II.NFO,05/08/2024,09:35:00,24438.65,24435.15,100,24438.65,50,25,1063700
NIFTY-II.NFO,05/08/2024,09:35:01,24434.15,24430,175,24434.1,50,50,1063700
NIFTY-II.NFO,05/08/2024,09:35:03,24432.85,24430,75,24432.65,25,200,1063700
NIFTY-II.NFO,05/08/2024,09:35:05,24431.05,24431.2,200,24435.35,50,25,1063700
NIFTY-II.NFO,05/08/2024,09:35:06,24436.25,24433.8,325,24436.25,25,125,1063700
NIFTY-II.NFO,05/08/2024,09:35:08,24437.75,24435.95,325,24437.8,25,75,1063700
NIFTY-II.NFO,05/08/2024,09:35:10,24436.15,24436.15,50,24437.05,25,175,1063700
NIFTY-II.NFO,05/08/2024,09:35:11,24437.05,24436.1,200,24440,75,50,1063700
NIFTY-II.NFO,05/08/2024,09:35:13,24437.05,24436.8,325,24440,75,0,1063700
NIFTY-II.NFO,05/08/2024,09:35:15,24440.2,24440.2,50,24440.85,50,150,1063700
NIFTY-II.NFO,05/08/2024,09:35:16,24440.2,24439.95,50,24440.85,50,0,1063700
NIFTY-II.NFO,05/08/2024,09:35:18,24439.85,24439.85,100,24440.8,50,25,1063700
NIFTY-II.NFO,05/08/2024,09:35:20,24444.55,24442.85,325,24444.65,100,75,1063700
NIFTY-II.NFO,05/08/2024,09:35:21,24447.9,24440.3,200,24443.3,50,225,1063700
NIFTY-II.NFO,05/08/2024,09:35:23,24447.9,24437,25,24441.1,125,0,1063700
NIFTY-II.NFO,05/08/2024,09:35:25,24436.4,24436.4,275,24441.25,50,100,1063700
NIFTY-II.NFO,05/08/2024,09:35:26,24436.4,24438.7,275,24442.05,100,0,1063700
NIFTY-II.NFO,05/08/2024,09:35:28,24441.9,24436.8,200,24441.65,75,25,1063700
NIFTY-II.NFO,05/08/2024,09:35:30,24441.55,24436.7,200,24441.5,50,150,1063700
NIFTY-II.NFO,05/08/2024,09:35:31,24441.55,24436.65,25,24440.15,50,0,1063700
NIFTY-II.NFO,05/08/2024,09:35:33,24436.85,24433,25,24436.75,225,175,1063700
NIFTY-II.NFO,05/08/2024,09:35:35,24433,24432.65,25,24434.3,50,25,1063700
NIFTY-II.NFO,05/08/2024,09:35:36,24430.05,24430.25,200,24435.2,75,50,1063700
NIFTY-II.NFO,05/08/2024,09:35:38,24434.65,24430.55,200,24434.65,25,75,1063700
NIFTY-II.NFO,05/08/2024,09:35:40,24434.65,24430.2,25,24433,200,0,1063700
NIFTY-II.NFO,05/08/2024,09:35:41,24427.85,24428.05,75,24432.75,50,325,1063700
NIFTY-II.NFO,05/08/2024,09:35:43,24426.05,24426.05,25,24431.2,250,50,1063700
NIFTY-II.NFO,05/08/2024,09:35:45,24426,24426.05,25,24430.5,50,250,1063700
NIFTY-II.NFO,05/08/2024,09:35:46,24433.35,24429.05,25,24433.5,50,1200,1063700
NIFTY-II.NFO,05/08/2024,09:35:48,24434.8,24431.9,125,24434.7,100,325,1063700
NIFTY-II.NFO,05/08/2024,09:35:50,24434.65,24431.3,125,24436.35,100,25,1063700
NIFTY-II.NFO,05/08/2024,09:35:51,24433.35,24433.35,7700,24436.3,25,350,1063700
NIFTY-II.NFO,05/08/2024,09:35:53,24433.35,24433.35,7225,24434.65,50,475,1063700
NIFTY-II.NFO,05/08/2024,09:35:55,24433.35,24433.35,6925,24434.65,50,300,1063700
NIFTY-II.NFO,05/08/2024,09:35:56,24435.8,24433.4,125,24436.5,250,100,1063700
NIFTY-II.NFO,05/08/2024,09:35:58,24433.35,24433.35,6875,24435.15,50,25,1063700
NIFTY-II.NFO,05/08/2024,09:36:00,24433.35,24433.7,325,24436.65,50,0,1063700
NIFTY-II.NFO,05/08/2024,09:36:01,24433.4,24433.35,6875,24434.85,250,325,1063700
NIFTY-II.NFO,05/08/2024,09:36:03,24433.35,24433.35,6050,24434.85,250,825,1063700
NIFTY-II.NFO,05/08/2024,09:36:05,24433.35,24433.35,3425,24434.5,250,2750,1063700
NIFTY-II.NFO,05/08/2024,09:36:06,24433,24430,125,24433.75,50,3575,1063700
NIFTY-II.NFO,05/08/2024,09:36:08,24428.05,24427.1,200,24432.75,100,150,1063700
NIFTY-II.NFO,05/08/2024,09:36:10,24428.05,24429.2,275,24433.35,25,0,1063700
NIFTY-II.NFO,05/08/2024,09:36:11,24428.05,24430.25,325,24433.35,25,0,1063700
NIFTY-II.NFO,05/08/2024,09:36:13,24433.75,24428.95,275,24434.4,50,50,1063700
NIFTY-II.NFO,05/08/2024,09:36:15,24433.75,24431.05,100,24435.25,50,0,1063700
NIFTY-II.NFO,05/08/2024,09:36:16,24431.6,24431.2,275,24435.75,75,100,1063700
NIFTY-II.NFO,05/08/2024,09:36:18,24431.6,24430,25,24431.35,25,0,1063700
NIFTY-II.NFO,05/08/2024,09:36:20,24430,24427.3,25,24431.8,75,75,1063700
NIFTY-II.NFO,05/08/2024,09:36:21,24431.6,24427.3,25,24432.55,175,200,1063700
NIFTY-II.NFO,05/08/2024,09:36:23,24427.35,24427.35,200,24432.5,200,25,1063700
NIFTY-II.NFO,05/08/2024,09:36:25,24427.35,24427.35,500,24431.65,200,0,1063700
NIFTY-II.NFO,05/08/2024,09:36:26,24427.35,24427.35,125,24429.05,175,400,1063700
NIFTY-II.NFO,05/08/2024,09:36:28,24425,24425,150,24427.35,75,2000,1063700
NIFTY-II.NFO,05/08/2024,09:36:30,24427.2,24425,50,24427.45,50,150,1063700
NIFTY-II.NFO,05/08/2024,09:36:31,24425,24423.55,25,24426.25,100,150,1063700
NIFTY-II.NFO,05/08/2024,09:36:33,24426.3,24421.25,25,24426.05,100,75,1063700
NIFTY-II.NFO,05/08/2024,09:36:35,24426.4,24423.1,75,24428.05,200,325,1063700
NIFTY-II.NFO,05/08/2024,09:36:36,24422.1,24422.55,50,24425.2,50,1850,1063700
NIFTY-II.NFO,05/08/2024,09:36:38,24425.2,24423.35,275,24427.9,50,75,1063700
NIFTY-II.NFO,05/08/2024,09:36:40,24427.1,24427.7,125,24431.1,25,1325,1063850
NIFTY-II.NFO,05/08/2024,09:36:41,24431.1,24429.05,100,24433.25,25,50,1063850
NIFTY-II.NFO,05/08/2024,09:36:43,24434.05,24430.75,75,24434.05,25,175,1063850
NIFTY-II.NFO,05/08/2024,09:36:45,24430.25,24430.25,75,24434.3,50,425,1063850
NIFTY-II.NFO,05/08/2024,09:36:46,24425.2,24423,25,24426,100,225,1063850
NIFTY-II.NFO,05/08/2024,09:36:48,24421,24421,25,24425.75,50,175,1063850
NIFTY-II.NFO,05/08/2024,09:36:50,24420,24420,125,24420.95,50,175,1063850
NIFTY-II.NFO,05/08/2024,09:36:52,24420.95,24420.1,125,24425.55,25,50,1063850
NIFTY-II.NFO,05/08/2024,09:36:53,24420.9,24420,125,24425.3,200,50,1063850
NIFTY-II.NFO,05/08/2024,09:36:55,24420.9,24420,125,24423.45,200,0,1063850
NIFTY-II.NFO,05/08/2024,09:36:57,24419.8,24414.5,125,24420.65,200,425,1063850
NIFTY-II.NFO,05/08/2024,09:36:58,24421.3,24416.4,25,24420.9,50,25,1063850
NIFTY-II.NFO,05/08/2024,09:37:00,24417.15,24417.3,125,24420.95,100,100,1063850
NIFTY-II.NFO,05/08/2024,09:37:02,24416.1,24416,25,24417,50,125,1063850
NIFTY-II.NFO,05/08/2024,09:37:03,24417,24416,25,24418.7,50,50,1063850
NIFTY-II.NFO,05/08/2024,09:37:05,24415,24409.6,75,24414.8,200,50,1063850
NIFTY-II.NFO,05/08/2024,09:37:07,24411.55,24411.3,175,24413.65,100,1450,1063850
NIFTY-II.NFO,05/08/2024,09:37:08,24416.35,24411.3,25,24414.65,200,25,1063850
NIFTY-II.NFO,05/08/2024,09:37:10,24411.25,24411,25,24415.65,200,50,1063850
NIFTY-II.NFO,05/08/2024,09:37:12,24411.05,24412.2,50,24413.5,25,25,1063850
NIFTY-II.NFO,05/08/2024,09:37:13,24412.45,24412.2,125,24417.25,200,200,1063850
NIFTY-II.NFO,05/08/2024,09:37:15,24412.2,24411,25,24415.05,200,175,1063850
NIFTY-II.NFO,05/08/2024,09:37:17,24410.45,24413.5,25,24416.65,200,125,1063850
NIFTY-II.NFO,05/08/2024,09:37:18,24413.25,24413.35,75,24418.4,200,75,1063850
NIFTY-II.NFO,05/08/2024,09:37:20,24414.95,24416.7,125,24418.9,50,75,1063850
NIFTY-II.NFO,05/08/2024,09:37:21,24414.95,24416.05,150,24418.9,50,0,1063850
NIFTY-II.NFO,05/08/2024,09:37:23,24417.1,24416.75,200,24418.85,25,475,1063850
NIFTY-II.NFO,05/08/2024,09:37:25,24423.05,24418.55,100,24423.05,75,100,1063850
NIFTY-II.NFO,05/08/2024,09:37:26,24416.3,24415.85,50,24420.5,50,150,1063850
NIFTY-II.NFO,05/08/2024,09:37:28,24418.25,24413.1,50,24418.05,275,575,1063850
NIFTY-II.NFO,05/08/2024,09:37:30,24416.1,24412.45,25,24415.05,275,25,1063850
NIFTY-II.NFO,05/08/2024,09:37:31,24412.45,24411.35,25,24414.55,50,25,1063850
NIFTY-II.NFO,05/08/2024,09:37:33,24414.15,24410.55,25,24414.2,225,125,1063850
NIFTY-II.NFO,05/08/2024,09:37:35,24410.55,24411,25,24413.65,100,25,1063850
NIFTY-II.NFO,05/08/2024,09:37:36,24413.65,24411.45,200,24412.8,50,300,1063850
NIFTY-II.NFO,05/08/2024,09:37:38,24413.65,24413.5,50,24417.95,150,0,1063850
NIFTY-II.NFO,05/08/2024,09:37:40,24413.65,24411.55,50,24417.4,425,0,1063850
NIFTY-II.NFO,05/08/2024,09:37:41,24411.5,24412.1,200,24417.25,150,100,1063850
NIFTY-II.NFO,05/08/2024,09:37:43,24411.1,24411.95,125,24414.7,50,350,1063850
NIFTY-II.NFO,05/08/2024,09:37:45,24414.65,24411.4,50,24414.7,50,450,1063850
NIFTY-II.NFO,05/08/2024,09:37:46,24414.65,24412.9,50,24417.95,200,0,1063850
NIFTY-II.NFO,05/08/2024,09:37:48,24414.65,24412.05,25,24416.2,275,0,1063850
NIFTY-II.NFO,05/08/2024,09:37:50,24410.45,24410,300,24414.5,200,250,1063850
NIFTY-II.NFO,05/08/2024,09:37:51,24410.45,24410,325,24412.85,25,0,1063850
NIFTY-II.NFO,05/08/2024,09:37:53,24410.45,24410,325,24412.65,100,0,1063850
NIFTY-II.NFO,05/08/2024,09:37:55,24412.65,24410.5,50,24412.65,25,75,1063850
NIFTY-II.NFO,05/08/2024,09:37:56,24411.35,24412.7,50,24415,50,75,1063850
NIFTY-II.NFO,05/08/2024,09:37:58,24415,24412.1,125,24415,25,50,1063850
NIFTY-II.NFO,05/08/2024,09:38:00,24414.65,24410.7,50,24414.65,75,25,1063850
NIFTY-II.NFO,05/08/2024,09:38:01,24414.65,24410.5,125,24413.55,50,0,1063850
NIFTY-II.NFO,05/08/2024,09:38:03,24414.75,24412.65,125,24415,25,150,1063850
NIFTY-II.NFO,05/08/2024,09:38:05,24417.95,24413.65,50,24417.95,200,150,1063850
NIFTY-II.NFO,05/08/2024,09:38:06,24417.95,24415.05,125,24418,25,0,1063850
NIFTY-II.NFO,05/08/2024,09:38:08,24418,24415.25,200,24419.65,300,25,1063850
NIFTY-II.NFO,05/08/2024,09:38:10,24419.6,24414.9,150,24419.65,50,25,1063850
NIFTY-II.NFO,05/08/2024,09:38:11,24419.6,24416.5,125,24421.55,200,0,1063850
NIFTY-II.NFO,05/08/2024,09:38:13,24419.6,24418.3,125,24422.5,200,0,1063850
NIFTY-II.NFO,05/08/2024,09:38:15,24422.45,24416.65,125,24422.05,50,1475,1063850
NIFTY-II.NFO,05/08/2024,09:38:16,24418.5,24419.25,125,24423.55,50,50,1063850
NIFTY-II.NFO,05/08/2024,09:38:18,24419.3,24419.6,50,24422.45,50,75,1063850
NIFTY-II.NFO,05/08/2024,09:38:20,24420.45,24420.05,100,24424.5,200,525,1063850
NIFTY-II.NFO,05/08/2024,09:38:21,24420.45,24420.05,25,24424.45,200,0,1063850
NIFTY-II.NFO,05/08/2024,09:38:23,24421.65,24419.6,200,24421.65,25,150,1063850
NIFTY-II.NFO,05/08/2024,09:38:25,24421.65,24420.6,50,24424.95,200,0,1063850
NIFTY-II.NFO,05/08/2024,09:38:26,24425,24422.3,125,24425,25,25,1063850
NIFTY-II.NFO,05/08/2024,09:38:28,24425,24424,75,24425,25,0,1063850
NIFTY-II.NFO,05/08/2024,09:38:30,24425,24424,75,24426,100,25,1063850
NIFTY-II.NFO,05/08/2024,09:38:31,24423.05,24420,125,24423,50,275,1063850
NIFTY-II.NFO,05/08/2024,09:38:33,24423.05,24421,300,24423.6,50,0,1063850
NIFTY-II.NFO,05/08/2024,09:38:35,24421,24420,125,24421.85,25,325,1063850
NIFTY-II.NFO,05/08/2024,09:38:36,24421,24420.2,25,24424.15,25,0,1063850
NIFTY-II.NFO,05/08/2024,09:38:38,24421,24421,50,24423.9,25,0,1063850
NIFTY-II.NFO,05/08/2024,09:38:40,24421,24421,75,24423.65,25,0,1063850
NIFTY-II.NFO,05/08/2024,09:38:41,24421,24421,75,24424.95,25,0,1063850
NIFTY-II.NFO,05/08/2024,09:38:43,24425,24421,75,24424.75,25,25,1063850
NIFTY-II.NFO,05/08/2024,09:38:45,24421,24420.55,200,24425.85,25,75,1063850
NIFTY-II.NFO,05/08/2024,09:38:46,24420.25,24420.2,25,24424.75,75,50,1063850
NIFTY-II.NFO,05/08/2024,09:38:48,24420.25,24420.2,25,24424.75,75,0,1063850
NIFTY-II.NFO,05/08/2024,09:38:50,24420.2,24420,150,24423.2,100,50,1063850
NIFTY-II.NFO,05/08/2024,09:38:51,24420,24420,100,24421.85,50,50,1063850
NIFTY-II.NFO,05/08/2024,09:38:53,24420,24418,50,24419.25,50,150,1063850
NIFTY-II.NFO,05/08/2024,09:38:55,24418,24412.05,200,24417.05,50,300,1063850
NIFTY-II.NFO,05/08/2024,09:38:56,24418,24412.7,200,24417.7,50,0,1063850
NIFTY-II.NFO,05/08/2024,09:38:58,24418,24414.35,275,24419.5,50,50,1063850
NIFTY-II.NFO,05/08/2024,09:39:00,24416.65,24412.05,200,24416.65,25,100,1063850
NIFTY-II.NFO,05/08/2024,09:39:01,24416.65,24412.05,200,24415.35,25,0,1063850
NIFTY-II.NFO,05/08/2024,09:39:03,24415.3,24416.65,25,24418.25,25,25,1063850
NIFTY-II.NFO,05/08/2024,09:39:05,24418.25,24413.65,200,24418.65,25,50,1063850
NIFTY-II.NFO,05/08/2024,09:39:06,24418.25,24412.7,200,24417.9,50,0,1063850
NIFTY-II.NFO,05/08/2024,09:39:08,24418.25,24416.4,275,24420,50,0,1063850
NIFTY-II.NFO,05/08/2024,09:39:10,24420,24418.45,200,24420.15,50,50,1063850
NIFTY-II.NFO,05/08/2024,09:39:12,24424.5,24419.35,50,24424.4,50,125,1063850
NIFTY-II.NFO,05/08/2024,09:39:13,24424.5,24417.25,325,24422.3,50,0,1063850
NIFTY-II.NFO,05/08/2024,09:39:15,24416.65,24416.65,1450,24420.4,50,75,1063850
NIFTY-II.NFO,05/08/2024,09:39:17,24419.9,24416.65,1450,24421,50,50,1063850
NIFTY-II.NFO,05/08/2024,09:39:18,24421,24416.7,200,24421.75,100,100,1063850
NIFTY-II.NFO,05/08/2024,09:39:20,24421.7,24417.45,200,24421.9,50,50,1063850
NIFTY-II.NFO,05/08/2024,09:39:22,24423.55,24416.7,275,24422.3,100,50,1063850
NIFTY-II.NFO,05/08/2024,09:39:23,24423.55,24418.05,200,24421.85,50,0,1063850
NIFTY-II.NFO,05/08/2024,09:39:25,24423.55,24418.25,250,24423.25,25,0,1063850
NIFTY-II.NFO,05/08/2024,09:39:27,24424.5,24420.45,50,24424.7,125,150,1063850
NIFTY-II.NFO,05/08/2024,09:39:28,24424.5,24423,1450,24424.7,50,0,1063850
NIFTY-II.NFO,05/08/2024,09:39:30,24423,24423,1200,24425.2,125,1275,1063850
NIFTY-II.NFO,05/08/2024,09:39:32,24425.2,24423,1275,24425.1,150,25,1063850
NIFTY-II.NFO,05/08/2024,09:39:33,24423,24423,725,24423.9,25,600,1063850
NIFTY-II.NFO,05/08/2024,09:39:35,24423,24423,575,24425.3,25,175,1063850
NIFTY-II.NFO,05/08/2024,09:39:37,24423,24423,475,24425.8,50,100,1063850
NIFTY-II.NFO,05/08/2024,09:39:38,24423,24423,350,24425.15,100,200,1063850
NIFTY-II.NFO,05/08/2024,09:39:40,24423,24420,125,24424.4,50,450,1064200
NIFTY-II.NFO,05/08/2024,09:39:42,24420,24420,100,24422.1,50,25,1064200
NIFTY-II.NFO,05/08/2024,09:39:43,24423,24420,25,24423.3,50,125,1064200
NIFTY-II.NFO,05/08/2024,09:39:45,24420,24420,25,24421.85,50,50,1064200
NIFTY-II.NFO,05/08/2024,09:39:47,24420,24420,100,24422.75,50,100,1064200
NIFTY-II.NFO,05/08/2024,09:39:48,24420,24420,25,24422.4,50,75,1064200
NIFTY-II.NFO,05/08/2024,09:39:50,24420,24418,25,24420.6,75,25,1064200
NIFTY-II.NFO,05/08/2024,09:39:52,24418,24416.3,200,24420,25,25,1064200
NIFTY-II.NFO,05/08/2024,09:39:53,24419.75,24416.1,200,24419.75,75,50,1064200
NIFTY-II.NFO,05/08/2024,09:39:55,24415.8,24415,25,24419.25,50,25,1064200
NIFTY-II.NFO,05/08/2024,09:39:57,24415.8,24415,25,24418.25,75,0,1064200
NIFTY-II.NFO,05/08/2024,09:39:58,24415,24412.7,200,24418.1,100,75,1064200
NIFTY-II.NFO,05/08/2024,09:40:00,24412.7,24412.7,200,24416.6,50,25,1064200
NIFTY-II.NFO,05/08/2024,09:40:02,24412.7,24412.8,200,24417.1,75,0,1064200
NIFTY-II.NFO,05/08/2024,09:40:03,24417.3,24414.9,200,24418.2,50,25,1064200
NIFTY-II.NFO,05/08/2024,09:40:05,24412.7,24412.7,200,24417.25,50,50,1064200
NIFTY-II.NFO,05/08/2024,09:40:07,24415,24412.65,50,24415.25,50,175,1064200
NIFTY-II.NFO,05/08/2024,09:40:08,24415,24412.65,50,24416.4,50,0,1064200
NIFTY-II.NFO,05/08/2024,09:40:10,24415,24415,200,24417,75,0,1064200
NIFTY-II.NFO,05/08/2024,09:40:11,24411,24411.05,200,24412.9,25,350,1064200
NIFTY-II.NFO,05/08/2024,09:40:13,24411.05,24411.05,200,24415,25,25,1064200
NIFTY-II.NFO,05/08/2024,09:40:15,24411.05,24412.3,200,24415,25,75,1064200
NIFTY-II.NFO,05/08/2024,09:40:16,24412.05,24411.55,275,24415,50,50,1064200
NIFTY-II.NFO,05/08/2024,09:40:18,24415,24413.25,250,24417.55,100,75,1064200
NIFTY-II.NFO,05/08/2024,09:40:20,24415,24412.35,200,24417.5,50,0,1064200
NIFTY-II.NFO,05/08/2024,09:40:22,24415,24412,275,24417.25,100,0,1064200
NIFTY-II.NFO,05/08/2024,09:40:23,24415,24412.65,275,24418,200,0,1064200
NIFTY-II.NFO,05/08/2024,09:40:25,24412.75,24413.65,175,24418.95,300,25,1064200
NIFTY-II.NFO,05/08/2024,09:40:27,24418.75,24415.25,275,24418.6,100,25,1064200
NIFTY-II.NFO,05/08/2024,09:40:28,24418.75,24415.15,200,24418.6,100,0,1064200
NIFTY-II.NFO,05/08/2024,09:40:30,24418.6,24415,75,24417.85,50,25,1064200
NIFTY-II.NFO,05/08/2024,09:40:32,24415,24415,50,24417.3,300,25,1064200
NIFTY-II.NFO,05/08/2024,09:40:33,24415,24412.4,200,24417.4,150,100,1064200
NIFTY-II.NFO,05/08/2024,09:40:35,24415,24413.1,200,24417.5,625,0,1064200
NIFTY-II.NFO,05/08/2024,09:40:37,24414.8,24413.6,200,24418.45,150,75,1064200
NIFTY-II.NFO,05/08/2024,09:40:38,24414.8,24411.9,200,24416.7,200,0,1064200
NIFTY-II.NFO,05/08/2024,09:40:40,24415,24411.85,200,24415,25,25,1064200
NIFTY-II.NFO,05/08/2024,09:40:42,24415,24411.05,250,24414.95,50,0,1064200
NIFTY-II.NFO,05/08/2024,09:40:43,24414.8,24411.05,50,24414.9,100,50,1064200
NIFTY-II.NFO,05/08/2024,09:40:45,24412,24411.1,200,24415,25,50,1064200
NIFTY-II.NFO,05/08/2024,09:40:47,24412.75,24410.45,100,24411,50,125,1064200
NIFTY-II.NFO,05/08/2024,09:40:48,24412.7,24410.45,50,24412.65,50,100,1064200
NIFTY-II.NFO,05/08/2024,09:40:50,24412.7,24410.5,200,24412.7,25,75,1064200
NIFTY-II.NFO,05/08/2024,09:40:52,24413.15,24412.25,50,24415,25,25,1064200
NIFTY-II.NFO,05/08/2024,09:40:53,24415,24414.15,125,24417.2,75,25,1064200
NIFTY-II.NFO,05/08/2024,09:40:55,24415.55,24415.55,150,24418.05,50,50,1064200
NIFTY-II.NFO,05/08/2024,09:40:57,24415.55,24415.15,125,24418.05,50,0,1064200
NIFTY-II.NFO,05/08/2024,09:40:58,24418.05,24418.05,25,24418.75,25,50,1064200
NIFTY-II.NFO,05/08/2024,09:41:00,24418.05,24414.25,275,24418.7,175,25,1064200
NIFTY-II.NFO,05/08/2024,09:41:02,24418.05,24411,25,24414.95,225,0,1064200
NIFTY-II.NFO,05/08/2024,09:41:03,24416.3,24411.15,275,24416.25,50,125,1064200
NIFTY-II.NFO,05/08/2024,09:41:05,24417.25,24413.8,275,24417.3,25,25,1064200
NIFTY-II.NFO,05/08/2024,09:41:07,24415.1,24414.4,100,24418.55,100,125,1064200
NIFTY-II.NFO,05/08/2024,09:41:08,24412.6,24414,25,24417.3,200,25,1064200
NIFTY-II.NFO,05/08/2024,09:41:10,24412.6,24414,25,24415,50,0,1064200
NIFTY-II.NFO,05/08/2024,09:41:12,24412,24411,25,24414.8,25,75,1064200
NIFTY-II.NFO,05/08/2024,09:41:13,24411.55,24411.6,25,24415.35,200,100,1064200
NIFTY-II.NFO,05/08/2024,09:41:15,24414.85,24411.6,25,24412,25,25,1064200
NIFTY-II.NFO,05/08/2024,09:41:17,24414.85,24411.6,25,24412,25,0,1064200
NIFTY-II.NFO,05/08/2024,09:41:18,24412,24411.9,175,24416.65,25,25,1064200
NIFTY-II.NFO,05/08/2024,09:41:20,24412,24411.6,125,24416.3,200,0,1064200
NIFTY-II.NFO,05/08/2024,09:41:22,24412,24411.55,25,24413.75,75,0,1064200
NIFTY-II.NFO,05/08/2024,09:41:23,24411.45,24410.45,50,24413.35,25,150,1064200
NIFTY-II.NFO,05/08/2024,09:41:25,24410,24410.7,50,24412,25,125,1064200
NIFTY-II.NFO,05/08/2024,09:41:27,24414.15,24410.85,225,24413.65,25,75,1064200
NIFTY-II.NFO,05/08/2024,09:41:28,24417,24411,200,24415.5,25,825,1064200
NIFTY-II.NFO,05/08/2024,09:41:30,24417,24410.75,200,24414.65,25,0,1064200
NIFTY-II.NFO,05/08/2024,09:41:32,24416.6,24410.7,50,24415.55,100,225,1064200
NIFTY-II.NFO,05/08/2024,09:41:33,24413.9,24410,975,24413.8,300,50,1064200
NIFTY-II.NFO,05/08/2024,09:41:35,24410.05,24410.05,200,24413.95,25,700,1064200
NIFTY-II.NFO,05/08/2024,09:41:37,24410.05,24410.05,200,24414.8,75,0,1064200
NIFTY-II.NFO,05/08/2024,09:41:38,24414.2,24410.15,200,24414.2,25,75,1064200
NIFTY-II.NFO,05/08/2024,09:41:40,24415.45,24411.25,50,24415.75,25,125,1064200
NIFTY-II.NFO,05/08/2024,09:41:42,24412.65,24412.4,125,24417.05,25,200,1064200
NIFTY-II.NFO,05/08/2024,09:41:43,24417.7,24413.8,125,24417.65,75,75,1064200
NIFTY-II.NFO,05/08/2024,09:41:45,24418.75,24414.4,50,24418.95,25,75,1064200
NIFTY-II.NFO,05/08/2024,09:41:47,24415,24415.05,100,24418.6,25,150,1064200
NIFTY-II.NFO,05/08/2024,09:41:48,24417.05,24415,350,24418.55,25,75,1064200
NIFTY-II.NFO,05/08/2024,09:41:50,24414.9,24411.95,200,24414.9,25,425,1064200
NIFTY-II.NFO,05/08/2024,09:41:52,24411.95,24411,25,24414.95,125,25,1064200
NIFTY-II.NFO,05/08/2024,09:41:53,24411.95,24412.55,25,24414.95,125,0,1064200
NIFTY-II.NFO,05/08/2024,09:41:55,24415,24412.55,25,24416.05,50,75,1064200
NIFTY-II.NFO,05/08/2024,09:41:57,24416,24412.55,25,24415.75,75,50,1064200
NIFTY-II.NFO,05/08/2024,09:41:58,24412.55,24411.05,275,24412.55,50,50,1064200
NIFTY-II.NFO,05/08/2024,09:42:00,24418.6,24414.8,275,24418.95,25,100,1064200
NIFTY-II.NFO,05/08/2024,09:42:02,24416.55,24417.25,275,24421.95,50,200,1064200
NIFTY-II.NFO,05/08/2024,09:42:03,24416.55,24418.65,275,24422,50,0,1064200
NIFTY-II.NFO,05/08/2024,09:42:05,24416.55,24419.75,275,24422,50,0,1064200
NIFTY-II.NFO,05/08/2024,09:42:07,24425.7,24422.1,275,24425.75,75,75,1064200
NIFTY-II.NFO,05/08/2024,09:42:08,24425.7,24425,50,24426,100,0,1064200
NIFTY-II.NFO,05/08/2024,09:42:10,24425.7,24424.4,200,24426,100,0,1064200
NIFTY-II.NFO,05/08/2024,09:42:12,24422.75,24422.8,225,24426,100,550,1064200
NIFTY-II.NFO,05/08/2024,09:42:13,24426,24424.85,150,24426,50,50,1064200
NIFTY-II.NFO,05/08/2024,09:42:15,24428,24428.5,150,24430,25,100,1064200
NIFTY-II.NFO,05/08/2024,09:42:17,24428,24424.9,225,24430,25,0,1064200
NIFTY-II.NFO,05/08/2024,09:42:18,24430,24428.15,225,24430.65,50,50,1064200
NIFTY-II.NFO,05/08/2024,09:42:20,24430.65,24428.5,150,24430.65,25,25,1064200
NIFTY-II.NFO,05/08/2024,09:42:22,24430.65,24428.05,150,24430.65,25,0,1064200
NIFTY-II.NFO,05/08/2024,09:42:23,24430.65,24428.35,150,24430.65,25,0,1064200
NIFTY-II.NFO,05/08/2024,09:42:25,24430.65,24430,25,24430.65,75,0,1064200
NIFTY-II.NFO,05/08/2024,09:42:27,24430,24428.05,150,24433.15,200,25,1064200
NIFTY-II.NFO,05/08/2024,09:42:28,24430,24430,25,24433.3,25,0,1064200
NIFTY-II.NFO,05/08/2024,09:42:30,24433.3,24430.85,150,24433.75,25,25,1064200
NIFTY-II.NFO,05/08/2024,09:42:32,24432.6,24430.65,75,24432.95,25,100,1064200
NIFTY-II.NFO,05/08/2024,09:42:33,24432.6,24430.65,75,24434.45,325,0,1064200
NIFTY-II.NFO,05/08/2024,09:42:35,24430,24430,50,24433.85,125,500,1064200
NIFTY-II.NFO,05/08/2024,09:42:37,24428,24428,75,24432.35,25,175,1064200
NIFTY-II.NFO,05/08/2024,09:42:38,24431.6,24428.3,25,24431.5,125,25,1064200
NIFTY-II.NFO,05/08/2024,09:42:40,24431.4,24428.3,25,24432.35,100,100,1064025
NIFTY-II.NFO,05/08/2024,09:42:42,24433.9,24429.35,125,24434.75,200,100,1064025
NIFTY-II.NFO,05/08/2024,09:42:43,24433.9,24431.1,50,24435.85,200,0,1064025
NIFTY-II.NFO,05/08/2024,09:42:45,24433.9,24433.1,50,24435.9,50,0,1064025
NIFTY-II.NFO,05/08/2024,09:42:47,24435.9,24432.6,25,24434,50,25,1064025
NIFTY-II.NFO,05/08/2024,09:42:48,24434,24434,25,24435.9,25,50,1064025
NIFTY-II.NFO,05/08/2024,09:42:50,24434,24434,25,24435.9,25,0,1064025
NIFTY-II.NFO,05/08/2024,09:42:53,24434.05,24435,25,24437.85,200,25,1064025
NIFTY-II.NFO,05/08/2024,09:42:55,24434.05,24435,25,24436.4,200,0,1064025
NIFTY-II.NFO,05/08/2024,09:42:57,24434,24434,25,24435.95,100,75,1064025
NIFTY-II.NFO,05/08/2024,09:42:58,24434,24436.3,150,24439.2,200,0,1064025
NIFTY-II.NFO,05/08/2024,09:43:00,24434.7,24435.65,50,24439.25,50,250,1064025
NIFTY-II.NFO,05/08/2024,09:43:02,24435.8,24433.65,25,24436.65,25,150,1064025
NIFTY-II.NFO,05/08/2024,09:43:03,24436.75,24433.65,25,24437.7,200,25,1064025
NIFTY-II.NFO,05/08/2024,09:43:05,24438.2,24433.65,25,24437.05,200,25,1064025
NIFTY-II.NFO,05/08/2024,09:43:07,24438.2,24433.4,25,24435.95,300,0,1064025
NIFTY-II.NFO,05/08/2024,09:43:08,24434.65,24432.75,25,24435.1,250,25,1064025
NIFTY-II.NFO,05/08/2024,09:43:10,24433.9,24432,25,24434.2,325,150,1064025
NIFTY-II.NFO,05/08/2024,09:43:12,24433.9,24432,25,24432.95,275,0,1064025
NIFTY-II.NFO,05/08/2024,09:43:13,24432.8,24428,50,24431.9,175,575,1064025
NIFTY-II.NFO,05/08/2024,09:43:15,24431.6,24428.25,275,24432.95,100,200,1064025
NIFTY-II.NFO,05/08/2024,09:43:17,24433,24429.9,325,24434.95,125,50,1064025
NIFTY-II.NFO,05/08/2024,09:43:18,24433,24429.2,200,24433.9,100,0,1064025
NIFTY-II.NFO,05/08/2024,09:43:20,24432.95,24428.1,25,24430.95,25,150,1064025
NIFTY-II.NFO,05/08/2024,09:43:22,24430.95,24429.5,50,24434.3,50,25,1064025
NIFTY-II.NFO,05/08/2024,09:43:23,24435,24431.25,50,24435,25,25,1064025
NIFTY-II.NFO,05/08/2024,09:43:25,24435,24432.8,50,24435,25,0,1064025
NIFTY-II.NFO,05/08/2024,09:43:27,24432.65,24432.85,50,24435,25,150,1064025
NIFTY-II.NFO,05/08/2024,09:43:28,24435,24432.85,50,24435.95,25,25,1064025
NIFTY-II.NFO,05/08/2024,09:43:30,24438.3,24432.95,200,24438.2,25,350,1064025
NIFTY-II.NFO,05/08/2024,09:43:32,24433.55,24435,50,24436.9,50,300,1064025
NIFTY-II.NFO,05/08/2024,09:43:33,24438.75,24435,50,24438.75,25,25,1064025
NIFTY-II.NFO,05/08/2024,09:43:35,24438.75,24435,50,24437.9,25,0,1064025
NIFTY-II.NFO,05/08/2024,09:43:37,24438.75,24435.15,100,24439.2,25,0,1064025
NIFTY-II.NFO,05/08/2024,09:43:38,24435.2,24435.15,25,24439.05,75,50,1064025
NIFTY-II.NFO,05/08/2024,09:43:40,24435,24435,25,24438.3,75,25,1064025
NIFTY-II.NFO,05/08/2024,09:43:42,24435.6,24437.9,25,24439.1,25,25,1064025
NIFTY-II.NFO,05/08/2024,09:43:43,24435.6,24438.65,25,24439.1,25,0,1064025
NIFTY-II.NFO,05/08/2024,09:43:45,24440,24438.65,25,24440,250,50,1064025
NIFTY-II.NFO,05/08/2024,09:43:47,24443.8,24440.3,50,24444.9,100,275,1064025
NIFTY-II.NFO,05/08/2024,09:43:48,24440.9,24441.95,50,24444.95,25,100,1064025
NIFTY-II.NFO,05/08/2024,09:43:50,24440.6,24442.65,200,24444.95,25,25,1064025
NIFTY-II.NFO,05/08/2024,09:43:52,24441.75,24441.75,200,24444.95,25,25,1064025
NIFTY-II.NFO,05/08/2024,09:43:53,24442,24441,200,24444.95,50,25,1064025
NIFTY-II.NFO,05/08/2024,09:43:55,24442,24442.05,200,24444.95,25,0,1064025
NIFTY-II.NFO,05/08/2024,09:43:57,24444.7,24442.65,200,24444.8,25,75,1064025
NIFTY-II.NFO,05/08/2024,09:43:58,24444.4,24444.4,200,24445.8,25,125,1064025
NIFTY-II.NFO,05/08/2024,09:44:00,24443.1,24443.1,25,24446.8,200,75,1064025
NIFTY-II.NFO,05/08/2024,09:44:02,24443,24443,25,24445.55,200,50,1064025
NIFTY-II.NFO,05/08/2024,09:44:03,24447.5,24444,100,24445.7,25,25,1064025
NIFTY-II.NFO,05/08/2024,09:44:05,24447.5,24444,150,24446.4,175,0,1064025
NIFTY-II.NFO,05/08/2024,09:44:07,24444,24444.95,50,24448.1,25,25,1064025
NIFTY-II.NFO,05/08/2024,09:44:08,24444.4,24444.6,50,24448.1,25,25,1064025
NIFTY-II.NFO,05/08/2024,09:44:10,24448.1,24446.4,50,24449.05,50,25,1064025
NIFTY-II.NFO,05/08/2024,09:44:12,24449.05,24446.1,50,24449.05,25,25,1064025
NIFTY-II.NFO,05/08/2024,09:44:13,24445.55,24446.05,25,24449.05,25,100,1064025
NIFTY-II.NFO,05/08/2024,09:44:15,24445.55,24448.1,25,24449.05,25,0,1064025
NIFTY-II.NFO,05/08/2024,09:44:18,24446.2,24447.6,25,24449.45,25,125,1064025
NIFTY-II.NFO,05/08/2024,09:44:20,24446.2,24447.6,25,24449.45,25,0,1064025
NIFTY-II.NFO,05/08/2024,09:44:22,24450,24450,200,24451,25,600,1064025
NIFTY-II.NFO,05/08/2024,09:44:23,24448.05,24448.05,25,24451.55,25,275,1064025
NIFTY-II.NFO,05/08/2024,09:44:25,24448.05,24450.4,50,24453.5,25,0,1064025
NIFTY-II.NFO,05/08/2024,09:44:27,24448.05,24451.4,50,24454.45,25,0,1064025
NIFTY-II.NFO,05/08/2024,09:44:28,24452,24451.7,125,24452,400,300,1064025
NIFTY-II.NFO,05/08/2024,09:44:30,24454.65,24452.65,50,24454.75,25,450,1064025
NIFTY-II.NFO,05/08/2024,09:44:32,24450.8,24450.75,50,24454.95,75,25,1064025
NIFTY-II.NFO,05/08/2024,09:44:33,24450.8,24450.7,25,24453.65,125,0,1064025
NIFTY-II.NFO,05/08/2024,09:44:35,24453.65,24450,25,24452.85,25,25,1064025
NIFTY-II.NFO,05/08/2024,09:44:37,24452.1,24450,125,24452.5,25,325,1064025
NIFTY-II.NFO,05/08/2024,09:44:38,24450,24450,25,24452.75,25,100,1064025
NIFTY-II.NFO,05/08/2024,09:44:40,24453.5,24450.7,200,24453.4,25,25,1064025
NIFTY-II.NFO,05/08/2024,09:44:42,24454.55,24450.35,25,24452.65,25,200,1064025
NIFTY-II.NFO,05/08/2024,09:44:43,24450.4,24450.4,25,24453,25,250,1064025
NIFTY-II.NFO,05/08/2024,09:44:45,24453,24450.45,25,24452.2,100,25,1064025
NIFTY-II.NFO,05/08/2024,09:44:47,24452.05,24450.5,25,24452.6,100,25,1064025
NIFTY-II.NFO,05/08/2024,09:44:48,24453.7,24450.5,25,24452.8,25,375,1064025
NIFTY-II.NFO,05/08/2024,09:44:50,24450.05,24450,100,24453.2,25,150,1064025
NIFTY-II.NFO,05/08/2024,09:44:52,24450.05,24450,50,24451.55,25,75,1064025
NIFTY-II.NFO,05/08/2024,09:44:53,24450.05,24450,50,24450.5,25,0,1064025
NIFTY-II.NFO,05/08/2024,09:44:55,24450.5,24450.05,25,24451.7,275,25,1064025
NIFTY-II.NFO,05/08/2024,09:44:57,24450,24448.9,25,24452.35,100,75,1064025
NIFTY-II.NFO,05/08/2024,09:44:58,24448.95,24448.9,25,24450.05,50,25,1064025
NIFTY-II.NFO,05/08/2024,09:45:00,24448.95,24448.95,25,24450.05,50,0,1064025
NIFTY-II.NFO,05/08/2024,09:45:02,24450.05,24447.85,25,24450,25,50,1064025
NIFTY-II.NFO,05/08/2024,09:45:03,24453,24450,25,24452.15,25,125,1064025
NIFTY-II.NFO,05/08/2024,09:45:05,24450,24448.9,275,24450,175,175,1064025
NIFTY-II.NFO,05/08/2024,09:45:07,24450,24448.25,200,24450,175,0,1064025
NIFTY-II.NFO,05/08/2024,09:45:08,24450,24447.85,25,24450,150,25,1064025
NIFTY-II.NFO,05/08/2024,09:45:10,24450,24448.6,25,24450,150,0,1064025
NIFTY-II.NFO,05/08/2024,09:45:12,24448.05,24447.7,25,24449.9,25,150,1064025
NIFTY-II.NFO,05/08/2024,09:45:13,24449.1,24447.05,25,24449.05,25,25,1064025
NIFTY-II.NFO,05/08/2024,09:45:15,24446.7,24446.4,25,24447.5,25,150,1064025
NIFTY-II.NFO,05/08/2024,09:45:17,24446.7,24446.2,175,24447.5,25,0,1064025
NIFTY-II.NFO,05/08/2024,09:45:18,24446,24445.5,25,24447.05,25,200,1064025
NIFTY-II.NFO,05/08/2024,09:45:20,24446.7,24445.55,25,24447,25,325,1064025
NIFTY-II.NFO,05/08/2024,09:45:22,24446.7,24445.55,25,24447.85,25,0,1064025
NIFTY-II.NFO,05/08/2024,09:45:23,24446.65,24445.35,25,24446.8,175,200,1064025
NIFTY-II.NFO,05/08/2024,09:45:25,24444.8,24441.75,25,24443.6,25,225,1064025
NIFTY-II.NFO,05/08/2024,09:45:27,24443.05,24441.8,25,24444.4,25,100,1064025
NIFTY-II.NFO,05/08/2024,09:45:28,24444.4,24443.35,25,24443.5,50,25,1064025
NIFTY-II.NFO,05/08/2024,09:45:30,24444.15,24441.9,25,24444.75,25,50,1064025
NIFTY-II.NFO,05/08/2024,09:45:32,24443.95,24443.95,200,24445.5,25,25,1064025
NIFTY-II.NFO,05/08/2024,09:45:33,24445.5,24444.25,200,24447.9,25,25,1064025
NIFTY-II.NFO,05/08/2024,09:45:35,24446.1,24444,25,24445,25,50,1064025
NIFTY-II.NFO,05/08/2024,09:45:37,24444,24441.55,25,24443.4,25,75,1064025
NIFTY-II.NFO,05/08/2024,09:45:38,24444.7,24440.9,25,24444.25,25,25,1064025
NIFTY-II.NFO,05/08/2024,09:45:40,24442.75,24440.8,50,24442.75,50,25,1064025
NIFTY-II.NFO,05/08/2024,09:45:42,24442.75,24440,1325,24441.45,25,0,1066125
NIFTY-II.NFO,05/08/2024,09:45:43,24440,24435.35,200,24438.9,25,1525,1066125
NIFTY-II.NFO,05/08/2024,09:45:45,24439.6,24436.35,25,24440.85,50,50,1066125
NIFTY-II.NFO,05/08/2024,09:45:47,24437.85,24437.35,25,24438.65,50,175,1066125
NIFTY-II.NFO,05/08/2024,09:45:48,24438.6,24434.8,200,24438.65,75,425,1066125
NIFTY-II.NFO,05/08/2024,09:45:50,24438.1,24436,25,24438.8,25,625,1066125
NIFTY-II.NFO,05/08/2024,09:45:52,24437.85,24435.9,25,24438.8,25,125,1066125
NIFTY-II.NFO,05/08/2024,09:45:53,24438,24437.95,25,24440.55,250,1125,1066125
NIFTY-II.NFO,05/08/2024,09:45:55,24438,24438.95,25,24441,25,125,1066125
NIFTY-II.NFO,05/08/2024,09:45:57,24437.55,24437.6,25,24438.8,25,200,1066125
NIFTY-II.NFO,05/08/2024,09:45:58,24441.05,24438.8,25,24439.75,200,525,1066125
NIFTY-II.NFO,05/08/2024,09:46:00,24438.2,24438.45,25,24439.9,25,75,1066125
NIFTY-II.NFO,05/08/2024,09:46:02,24436.95,24436.55,25,24439.55,25,175,1066125
NIFTY-II.NFO,05/08/2024,09:46:03,24438.1,24436.55,25,24439.3,125,50,1066125
NIFTY-II.NFO,05/08/2024,09:46:05,24438.95,24436.8,25,24436.95,25,50,1066125
NIFTY-II.NFO,05/08/2024,09:46:07,24435.1,24434.5,25,24435.95,25,350,1066125
NIFTY-II.NFO,05/08/2024,09:46:08,24435.1,24434.5,25,24436.35,25,0,1066125
NIFTY-II.NFO,05/08/2024,09:46:10,24435.25,24435.2,25,24436.4,50,125,1066125
NIFTY-II.NFO,05/08/2024,09:46:12,24436.05,24434.2,25,24436.45,125,275,1066125
NIFTY-II.NFO,05/08/2024,09:46:13,24434.25,24434.15,50,24436.9,50,50,1066125
NIFTY-II.NFO,05/08/2024,09:46:15,24434.25,24434.1,25,24434.5,1800,0,1066125
NIFTY-II.NFO,05/08/2024,09:46:17,24433.85,24433.85,25,24434.5,1750,150,1066125
NIFTY-II.NFO,05/08/2024,09:46:18,24433.9,24431.05,25,24434.5,1775,225,1066125
NIFTY-II.NFO,05/08/2024,09:46:20,24433.9,24432.6,250,24434.5,1750,0,1066125
NIFTY-II.NFO,05/08/2024,09:46:22,24434.5,24433.3,275,24434.5,1625,125,1066125
NIFTY-II.NFO,05/08/2024,09:46:23,24435.2,24436.9,25,24438.1,125,1650,1066125
NIFTY-II.NFO,05/08/2024,09:46:25,24440,24439.55,200,24443.4,50,150,1066125
NIFTY-II.NFO,05/08/2024,09:46:27,24440.1,24441.55,275,24443.4,50,150,1066125
NIFTY-II.NFO,05/08/2024,09:46:28,24442.65,24442.05,25,24443.4,25,50,1066125
NIFTY-II.NFO,05/08/2024,09:46:30,24444.95,24442.2,200,24445,150,100,1066125
NIFTY-II.NFO,05/08/2024,09:46:32,24442.7,24440.1,25,24442.05,50,25,1066125
NIFTY-II.NFO,05/08/2024,09:46:33,24440,24440.65,325,24445,150,75,1066125
NIFTY-II.NFO,05/08/2024,09:46:35,24440,24443.45,275,24445,150,0,1066125
NIFTY-II.NFO,05/08/2024,09:46:37,24443.15,24443.15,275,24444.85,25,275,1066125
NIFTY-II.NFO,05/08/2024,09:46:38,24443.05,24443.05,100,24444.8,25,600,1066125
NIFTY-II.NFO,05/08/2024,09:46:40,24448.95,24444.4,50,24448.5,25,450,1066125
NIFTY-II.NFO,05/08/2024,09:46:42,24448.1,24444.7,25,24446.85,200,50,1066125
NIFTY-II.NFO,05/08/2024,09:46:43,24448.1,24442.65,25,24446.5,25,0,1066125
NIFTY-II.NFO,05/08/2024,09:46:45,24444.8,24442.65,25,24445.55,200,75,1066125
NIFTY-II.NFO,05/08/2024,09:46:47,24445.95,24440.3,25,24445.3,175,325,1066125
NIFTY-II.NFO,05/08/2024,09:46:48,24445.95,24442.35,100,24446.8,25,0,1066125
NIFTY-II.NFO,05/08/2024,09:46:50,24445.35,24445.3,25,24447.7,25,100,1066125
NIFTY-II.NFO,05/08/2024,09:46:52,24445.35,24446.55,25,24450,50,0,1066125
NIFTY-II.NFO,05/08/2024,09:46:53,24445.35,24446.55,25,24450,25,0,1066125
NIFTY-II.NFO,05/08/2024,09:46:55,24450,24447.4,50,24450.2,25,25,1066125
NIFTY-II.NFO,05/08/2024,09:46:57,24450,24448.7,25,24450.2,25,0,1066125
NIFTY-II.NFO,05/08/2024,09:47:00,24450,24447.6,50,24450.2,25,0,1066125
NIFTY-II.NFO,05/08/2024,09:47:02,24450,24447.4,25,24450.2,25,25,1066125
NIFTY-II.NFO,05/08/2024,09:47:03,24450,24447,50,24449.95,200,25,1066125
NIFTY-II.NFO,05/08/2024,09:47:05,24450,24447.55,50,24450,25,50,1066125
NIFTY-II.NFO,05/08/2024,09:47:07,24450.2,24447.7,25,24451.4,200,50,1066125
NIFTY-II.NFO,05/08/2024,09:47:08,24450,24448.4,50,24453,200,50,1066125
NIFTY-II.NFO,05/08/2024,09:47:10,24448.35,24451,50,24451.65,125,25,1066125
NIFTY-II.NFO,05/08/2024,09:47:12,24451.65,24449.2,125,24453.85,200,75,1066125
NIFTY-II.NFO,05/08/2024,09:47:13,24453.15,24451.25,25,24453.8,100,100,1066125
NIFTY-II.NFO,05/08/2024,09:47:15,24452,24452.15,25,24454,25,125,1066125
NIFTY-II.NFO,05/08/2024,09:47:17,24451.6,24452.15,25,24454.05,150,175,1066125
NIFTY-II.NFO,05/08/2024,09:47:18,24458.1,24457.55,50,24459.9,50,350,1066125
NIFTY-II.NFO,05/08/2024,09:47:20,24461.9,24460.05,25,24463,200,75,1066125
NIFTY-II.NFO,05/08/2024,09:47:22,24461.9,24460,25,24463,50,0,1066125
NIFTY-II.NFO,05/08/2024,09:47:23,24460,24458.05,25,24461.4,50,50,1066125
NIFTY-II.NFO,05/08/2024,09:47:25,24458.1,24455.6,25,24459.9,50,25,1066125
NIFTY-II.NFO,05/08/2024,09:47:27,24459.2,24454.65,50,24459.35,50,100,1066125
NIFTY-II.NFO,05/08/2024,09:47:28,24456.05,24455.25,50,24460.25,50,175,1066125
NIFTY-II.NFO,05/08/2024,09:47:30,24456.1,24455.65,25,24458.25,50,50,1066125
NIFTY-II.NFO,05/08/2024,09:47:32,24457.95,24454.8,25,24457.9,275,100,1066125
NIFTY-II.NFO,05/08/2024,09:47:33,24455.6,24455.25,25,24457.8,50,75,1066125
NIFTY-II.NFO,05/08/2024,09:47:35,24454.85,24455.05,25,24457.85,200,125,1066125
NIFTY-II.NFO,05/08/2024,09:47:37,24454.2,24454.25,25,24456.25,200,300,1066125
NIFTY-II.NFO,05/08/2024,09:47:38,24453.45,24453.4,25,24457,25,325,1066125
NIFTY-II.NFO,05/08/2024,09:47:40,24454,24451.55,25,24454.65,125,25,1066125
NIFTY-II.NFO,05/08/2024,09:47:41,24454,24450.45,25,24454.1,125,0,1066125
NIFTY-II.NFO,05/08/2024,09:47:43,24453.55,24450.4,25,24453.1,75,325,1066125
NIFTY-II.NFO,05/08/2024,09:47:45,24450.4,24450.45,25,24453.2,25,225,1066125
NIFTY-II.NFO,05/08/2024,09:47:46,24450,24445.9,25,24449.9,125,275,1066125
NIFTY-II.NFO,05/08/2024,09:47:48,24450.3,24446.55,25,24450.5,125,125,1066125
NIFTY-II.NFO,05/08/2024,09:47:50,24446.55,24445.8,25,24448.85,50,75,1066125
NIFTY-II.NFO,05/08/2024,09:47:51,24443.75,24442.8,25,24446,125,225,1066125
NIFTY-II.NFO,05/08/2024,09:47:53,24445.7,24442.85,25,24445.85,25,75,1066125
NIFTY-II.NFO,05/08/2024,09:47:54,24441.55,24441,25,24443.85,125,100,1066125
NIFTY-II.NFO,05/08/2024,09:47:56,24443.9,24441.05,25,24443.95,25,150,1066125
NIFTY-II.NFO,05/08/2024,09:47:58,24440.7,24440.05,25,24440.9,25,75,1066125
NIFTY-II.NFO,05/08/2024,09:47:59,24443.25,24440.15,25,24441.8,25,400,1066125
NIFTY-II.NFO,05/08/2024,09:48:01,24443.25,24440.05,225,24441.75,25,0,1066125
NIFTY-II.NFO,05/08/2024,09:48:03,24440.15,24441.55,25,24442.05,50,200,1066125
NIFTY-II.NFO,05/08/2024,09:48:04,24439.05,24439.75,25,24441.7,25,325,1066125
NIFTY-II.NFO,05/08/2024,09:48:06,24439.05,24439.35,150,24442.5,25,0,1066125
NIFTY-II.NFO,05/08/2024,09:48:08,24439.3,24440.25,25,24442,25,25,1066125
NIFTY-II.NFO,05/08/2024,09:48:09,24439.05,24439.8,25,24441,50,75,1066125
NIFTY-II.NFO,05/08/2024,09:48:11,24439.05,24439,25,24440.95,25,125,1066125
NIFTY-II.NFO,05/08/2024,09:48:13,24437,24436.95,25,24440,25,625,1066125
NIFTY-II.NFO,05/08/2024,09:48:14,24438.55,24437.35,75,24439.3,25,50,1066125
NIFTY-II.NFO,05/08/2024,09:48:16,24441.6,24438.3,100,24440.8,25,225,1066125
NIFTY-II.NFO,05/08/2024,09:48:18,24440.05,24438.2,50,24440.75,25,150,1066125
NIFTY-II.NFO,05/08/2024,09:48:19,24440.75,24438.2,125,24440.7,25,25,1066125
NIFTY-II.NFO,05/08/2024,09:48:21,24438.15,24438.5,25,24440,25,125,1066125
NIFTY-II.NFO,05/08/2024,09:48:22,24437.95,24437.9,25,24440,50,25,1066125
NIFTY-II.NFO,05/08/2024,09:48:24,24438.2,24437.2,25,24439.55,25,50,1066125
NIFTY-II.NFO,05/08/2024,09:48:26,24436.65,24436.45,25,24439.05,25,25,1066125
NIFTY-II.NFO,05/08/2024,09:48:27,24439.05,24435.8,25,24439.5,25,150,1066125
NIFTY-II.NFO,05/08/2024,09:48:29,24439.5,24438.4,50,24439.6,25,225,1066125
NIFTY-II.NFO,05/08/2024,09:48:31,24440.7,24441.1,125,24444.9,50,150,1066125
NIFTY-II.NFO,05/08/2024,09:48:32,24440.7,24442.45,125,24445,25,0,1066125
NIFTY-II.NFO,05/08/2024,09:48:34,24443.15,24443.55,25,24444.95,25,75,1066125
NIFTY-II.NFO,05/08/2024,09:48:36,24442.45,24442.4,50,24444.45,25,175,1066125
NIFTY-II.NFO,05/08/2024,09:48:37,24441.65,24439.35,25,24443.25,25,500,1066125
NIFTY-II.NFO,05/08/2024,09:48:39,24445,24440.3,75,24445.1,25,425,1066125
NIFTY-II.NFO,05/08/2024,09:48:41,24441.6,24440.65,25,24444.95,200,75,1074275
NIFTY-II.NFO,05/08/2024,09:48:42,24440,24441.65,25,24444.4,25,1800,1074275
NIFTY-II.NFO,05/08/2024,09:48:44,24441.65,24440.25,25,24443.15,25,25,1074275
NIFTY-II.NFO,05/08/2024,09:48:46,24440.25,24439.75,50,24443.1,25,225,1074275
NIFTY-II.NFO,05/08/2024,09:48:47,24443.1,24441.9,50,24444.65,25,50,1074275
NIFTY-II.NFO,05/08/2024,09:48:49,24443.1,24440.6,125,24445,25,0,1074275
NIFTY-II.NFO,05/08/2024,09:48:51,24443.1,24440.7,125,24445,25,0,1074275
NIFTY-II.NFO,05/08/2024,09:48:52,24443.1,24440.9,125,24445,50,0,1074275
NIFTY-II.NFO,05/08/2024,09:48:54,24443.1,24442.15,25,24445,25,0,1074275
NIFTY-II.NFO,05/08/2024,09:48:56,24443.5,24443.5,25,24444.95,25,75,1074275
NIFTY-II.NFO,05/08/2024,09:48:57,24442.8,24442.8,50,24447,25,75,1074275
NIFTY-II.NFO,05/08/2024,09:48:59,24442.8,24442.15,25,24445.95,100,0,1074275
NIFTY-II.NFO,05/08/2024,09:49:01,24445.9,24441.9,25,24444.2,25,650,1074275
NIFTY-II.NFO,05/08/2024,09:49:02,24442.65,24442.15,25,24445.8,200,200,1074275
NIFTY-II.NFO,05/08/2024,09:49:04,24442.65,24442.2,175,24445.5,50,75,1074275
NIFTY-II.NFO,05/08/2024,09:49:06,24447.3,24442.8,175,24447.55,25,125,1074275
NIFTY-II.NFO,05/08/2024,09:49:07,24447.3,24444.4,175,24449.25,25,0,1074275
NIFTY-II.NFO,05/08/2024,09:49:09,24449.6,24444.15,200,24449.15,25,25,1074275
NIFTY-II.NFO,05/08/2024,09:49:11,24445.6,24442.95,125,24445.1,25,50,1074275
NIFTY-II.NFO,05/08/2024,09:49:12,24445.6,24444.95,25,24448.7,25,50,1074275
NIFTY-II.NFO,05/08/2024,09:49:14,24448.7,24446.75,125,24449.35,25,25,1074275
NIFTY-II.NFO,05/08/2024,09:49:16,24448.95,24446.1,25,24449.45,200,75,1074275
NIFTY-II.NFO,05/08/2024,09:49:17,24445.95,24445.6,25,24448.3,200,100,1074275
NIFTY-II.NFO,05/08/2024,09:49:19,24444.9,24444.9,25,24446.55,200,250,1074275
NIFTY-II.NFO,05/08/2024,09:49:21,24446.5,24444.85,25,24446.9,200,300,1074275
NIFTY-II.NFO,05/08/2024,09:49:22,24446.5,24445,25,24446.25,200,0,1074275
NIFTY-II.NFO,05/08/2024,09:49:24,24445.75,24442,25,24445.95,25,150,1074275
NIFTY-II.NFO,05/08/2024,09:49:26,24445.75,24442,25,24444.55,50,0,1074275
NIFTY-II.NFO,05/08/2024,09:49:27,24446.45,24442.05,25,24445.85,200,25,1074275
NIFTY-II.NFO,05/08/2024,09:49:29,24446.45,24442.5,750,24446.8,200,0,1074275
NIFTY-II.NFO,05/08/2024,09:49:31,24446.45,24442.05,25,24445.7,200,0,1074275
NIFTY-II.NFO,05/08/2024,09:49:32,24446.45,24443.15,150,24447,25,0,1074275
NIFTY-II.NFO,05/08/2024,09:49:34,24443.1,24443,825,24448.1,225,200,1074275
NIFTY-II.NFO,05/08/2024,09:49:36,24443.1,24442.05,25,24445.6,25,0,1074275
NIFTY-II.NFO,05/08/2024,09:49:37,24446.7,24443.95,50,24448.15,25,225,1074275
NIFTY-II.NFO,05/08/2024,09:49:39,24446.7,24445.65,25,24447,25,0,1074275
NIFTY-II.NFO,05/08/2024,09:49:41,24446.7,24445.65,100,24447,25,0,1074275
NIFTY-II.NFO,05/08/2024,09:49:42,24446.7,24445.85,75,24447,25,0,1074275
NIFTY-II.NFO,05/08/2024,09:49:44,24446.7,24446.45,100,24447,25,0,1074275
NIFTY-II.NFO,05/08/2024,09:49:46,24446.45,24446.7,25,24449,100,50,1074275
NIFTY-II.NFO,05/08/2024,09:49:47,24446.45,24446.7,150,24449,100,0,1074275
NIFTY-II.NFO,05/08/2024,09:49:49,24449,24446.7,75,24449.85,200,100,1074275
NIFTY-II.NFO,05/08/2024,09:49:51,24446.7,24446.7,25,24449.95,75,25,1074275
NIFTY-II.NFO,05/08/2024,09:49:52,24446.7,24446.7,25,24449.5,25,0,1074275
NIFTY-II.NFO,05/08/2024,09:49:54,24446.7,24446.85,75,24450,450,0,1074275
NIFTY-II.NFO,05/08/2024,09:49:56,24446.7,24447.05,100,24450,450,0,1074275
NIFTY-II.NFO,05/08/2024,09:49:57,24446.7,24446.75,25,24450,450,0,1074275
NIFTY-II.NFO,05/08/2024,09:49:59,24450,24446.75,25,24450,300,150,1074275
NIFTY-II.NFO,05/08/2024,09:50:01,24443.45,24446,25,24449.55,175,1825,1074275
NIFTY-II.NFO,05/08/2024,09:50:02,24444.05,24445.95,25,24449.65,325,200,1074275
NIFTY-II.NFO,05/08/2024,09:50:04,24444.05,24444.95,25,24447.9,50,0,1074275
NIFTY-II.NFO,05/08/2024,09:50:06,24444.05,24444.95,25,24448.7,125,0,1074275
NIFTY-II.NFO,05/08/2024,09:50:07,24444.05,24444.95,25,24447.4,125,0,1074275
NIFTY-II.NFO,05/08/2024,09:50:09,24447.3,24443.65,25,24445.9,50,25,1074275
NIFTY-II.NFO,05/08/2024,09:50:11,24443.65,24443.5,25,24447.7,275,25,1074275
NIFTY-II.NFO,05/08/2024,09:50:13,24443.5,24445.1,50,24450,350,100,1074275
NIFTY-II.NFO,05/08/2024,09:50:14,24443.5,24443.05,25,24447.95,125,0,1074275
NIFTY-II.NFO,05/08/2024,09:50:16,24446.15,24443.05,25,24447.4,50,75,1074275
NIFTY-II.NFO,05/08/2024,09:50:18,24444.05,24445.05,25,24449.9,200,250,1074275
NIFTY-II.NFO,05/08/2024,09:50:19,24444.05,24444.05,25,24448.65,25,0,1074275
NIFTY-II.NFO,05/08/2024,09:50:21,24444.05,24442.95,25,24447.3,275,0,1074275
NIFTY-II.NFO,05/08/2024,09:50:23,24444.05,24444.1,100,24449.4,275,0,1074275
NIFTY-II.NFO,05/08/2024,09:50:24,24449.1,24444.2,25,24449.1,100,925,1074275
NIFTY-II.NFO,05/08/2024,09:50:26,24448.9,24444.05,75,24448.9,50,675,1074275
NIFTY-II.NFO,05/08/2024,09:50:28,24450,24445.4,50,24450,350,550,1074275
NIFTY-II.NFO,05/08/2024,09:50:29,24450.7,24445.75,125,24450.75,125,425,1074275
NIFTY-II.NFO,05/08/2024,09:50:31,24450,24447.15,25,24450.55,50,25,1074275
NIFTY-II.NFO,05/08/2024,09:50:33,24447.65,24445.7,25,24449.3,25,75,1074275
NIFTY-II.NFO,05/08/2024,09:50:34,24445.45,24446.3,125,24451.25,25,25,1074275
NIFTY-II.NFO,05/08/2024,09:50:36,24445.45,24448.3,125,24452.95,25,0,1074275
NIFTY-II.NFO,05/08/2024,09:50:38,24445.45,24449.4,125,24452.95,25,0,1074275
NIFTY-II.NFO,05/08/2024,09:50:39,24449.25,24449.25,100,24452.95,25,50,1074275
NIFTY-II.NFO,05/08/2024,09:50:41,24449.25,24450.45,125,24454.4,25,0,1074275
NIFTY-II.NFO,05/08/2024,09:50:43,24457.1,24452.05,25,24454.9,25,1000,1074275
NIFTY-II.NFO,05/08/2024,09:50:44,24457.1,24451,50,24453.8,25,0,1074275
NIFTY-II.NFO,05/08/2024,09:50:46,24457.1,24452.35,125,24456.7,25,0,1074275
NIFTY-II.NFO,05/08/2024,09:50:48,24455.7,24450.3,25,24453.95,25,25,1074275
NIFTY-II.NFO,05/08/2024,09:50:49,24453.95,24452,125,24456.75,25,25,1074275
NIFTY-II.NFO,05/08/2024,09:50:51,24453.95,24453.15,125,24456.75,25,0,1074275
NIFTY-II.NFO,05/08/2024,09:50:53,24452.4,24452.4,75,24456.7,25,50,1074275
NIFTY-II.NFO,05/08/2024,09:50:54,24452.4,24450.4,25,24454.3,25,0,1074275
NIFTY-II.NFO,05/08/2024,09:50:56,24453.95,24449.25,325,24453.35,25,25,1074275
NIFTY-II.NFO,05/08/2024,09:50:58,24451.25,24449.25,300,24451.3,50,50,1074275
NIFTY-II.NFO,05/08/2024,09:50:59,24451.25,24449.25,300,24452.85,25,0,1074275
NIFTY-II.NFO,05/08/2024,09:51:01,24449.3,24449.4,275,24452.85,25,225,1074275
NIFTY-II.NFO,05/08/2024,09:51:03,24449.3,24450.4,275,24453.95,25,0,1074275
NIFTY-II.NFO,05/08/2024,09:51:04,24449.3,24450.5,275,24453.95,25,0,1074275
NIFTY-II.NFO,05/08/2024,09:51:06,24454,24452.1,275,24455.9,25,25,1074275
NIFTY-II.NFO,05/08/2024,09:51:08,24452.55,24452.55,200,24456.85,25,100,1074275
NIFTY-II.NFO,05/08/2024,09:51:09,24457.85,24453.15,275,24457,25,150,1074275
NIFTY-II.NFO,05/08/2024,09:51:11,24457.85,24454.25,200,24458,50,0,1074275
NIFTY-II.NFO,05/08/2024,09:51:13,24454.55,24456.35,275,24458,25,100,1074275
NIFTY-II.NFO,05/08/2024,09:51:14,24460.1,24460.05,300,24463,25,75,1074275
NIFTY-II.NFO,05/08/2024,09:51:16,24464,24462.2,275,24464,25,225,1074275
NIFTY-II.NFO,05/08/2024,09:51:18,24466.8,24461.35,275,24465.95,100,250,1074275
NIFTY-II.NFO,05/08/2024,09:51:19,24465.4,24460.45,275,24464.55,25,75,1074275
NIFTY-II.NFO,05/08/2024,09:51:21,24463.55,24460.45,200,24463.5,25,25,1074275
NIFTY-II.NFO,05/08/2024,09:51:22,24463.55,24460.45,200,24463.45,25,0,1074275
NIFTY-II.NFO,05/08/2024,09:51:24,24464.55,24460.2,200,24463.65,25,50,1074275
NIFTY-II.NFO,05/08/2024,09:51:26,24457.25,24457.85,275,24462,25,125,1074275
NIFTY-II.NFO,05/08/2024,09:51:27,24460.35,24460.05,25,24464.15,25,25,1074275
NIFTY-II.NFO,05/08/2024,09:51:29,24464.15,24461.6,200,24466.8,150,25,1074275
NIFTY-II.NFO,05/08/2024,09:51:31,24461.65,24461.15,200,24465.95,150,75,1074275
NIFTY-II.NFO,05/08/2024,09:51:32,24465,24461.1,275,24465.55,25,375,1074275
NIFTY-II.NFO,05/08/2024,09:51:34,24465,24460.35,25,24464.75,50,0,1074275
NIFTY-II.NFO,05/08/2024,09:51:36,24464.85,24460.35,25,24464.85,25,25,1074275
NIFTY-II.NFO,05/08/2024,09:51:37,24460.4,24460.7,275,24465.25,50,25,1074275
NIFTY-II.NFO,05/08/2024,09:51:39,24465.25,24461.05,25,24465,75,225,1074275
NIFTY-II.NFO,05/08/2024,09:51:41,24465.25,24460.7,25,24463.75,25,0,1074275
NIFTY-II.NFO,05/08/2024,09:51:42,24463.75,24460.2,200,24464.85,50,25,1076950
NIFTY-II.NFO,05/08/2024,09:51:44,24460.1,24460.7,275,24464.85,25,50,1076950
NIFTY-II.NFO,05/08/2024,09:51:46,24460.1,24460.35,25,24464.55,125,0,1076950
NIFTY-II.NFO,05/08/2024,09:51:47,24460.1,24460.4,200,24464.55,25,0,1076950
NIFTY-II.NFO,05/08/2024,09:51:49,24460.1,24460.5,275,24464.85,25,0,1076950
NIFTY-II.NFO,05/08/2024,09:51:51,24466.65,24462.05,25,24466.55,350,525,1076950
NIFTY-II.NFO,05/08/2024,09:51:52,24462.05,24462.15,125,24465.2,25,50,1076950
NIFTY-II.NFO,05/08/2024,09:51:54,24464.65,24460.4,300,24463.2,50,25,1076950
NIFTY-II.NFO,05/08/2024,09:51:56,24461.45,24463.85,275,24465.25,50,100,1076950
NIFTY-II.NFO,05/08/2024,09:51:57,24465.85,24465.85,200,24466.85,100,200,1076950
NIFTY-II.NFO,05/08/2024,09:51:59,24465.85,24462.55,275,24466.85,100,0,1076950
NIFTY-II.NFO,05/08/2024,09:52:01,24465.8,24462.5,25,24465.6,175,25,1076950
NIFTY-II.NFO,05/08/2024,09:52:02,24465.85,24463.05,25,24466.3,200,350,1076950
NIFTY-II.NFO,05/08/2024,09:52:04,24465.85,24462.05,50,24464.95,25,0,1076950
NIFTY-II.NFO,05/08/2024,09:52:06,24463.25,24461.65,100,24465.15,25,50,1076950
NIFTY-II.NFO,05/08/2024,09:52:07,24463.25,24463.55,100,24466.85,100,0,1076950
NIFTY-II.NFO,05/08/2024,09:52:09,24463.25,24463.3,100,24465.85,25,0,1076950
NIFTY-II.NFO,05/08/2024,09:52:11,24465.7,24464.05,25,24466.85,100,200,1076950
NIFTY-II.NFO,05/08/2024,09:52:12,24465.7,24464.65,25,24466.85,100,0,1076950
NIFTY-II.NFO,05/08/2024,09:52:14,24463.25,24460.15,100,24464.2,25,100,1076950
NIFTY-II.NFO,05/08/2024,09:52:16,24460.95,24460.1,100,24465.65,100,200,1076950
NIFTY-II.NFO,05/08/2024,09:52:17,24460.1,24463.25,25,24465.65,25,75,1076950
NIFTY-II.NFO,05/08/2024,09:52:19,24460.65,24460,125,24463.75,50,50,1076950
NIFTY-II.NFO,05/08/2024,09:52:21,24462.65,24458.95,25,24462.55,125,175,1076950
NIFTY-II.NFO,05/08/2024,09:52:22,24458.4,24455.05,50,24461.25,275,75,1076950
NIFTY-II.NFO,05/08/2024,09:52:24,24458.2,24458.25,50,24462.4,50,75,1076950
NIFTY-II.NFO,05/08/2024,09:52:26,24457.05,24457.25,25,24458.55,225,375,1076950
NIFTY-II.NFO,05/08/2024,09:52:27,24457.35,24456.65,50,24458.55,175,100,1076950
NIFTY-II.NFO,05/08/2024,09:52:29,24458.55,24457.05,25,24459.95,25,200,1076950
NIFTY-II.NFO,05/08/2024,09:52:31,24457.05,24456.15,50,24459.25,25,25,1076950
NIFTY-II.NFO,05/08/2024,09:52:33,24457.05,24456.15,50,24459.25,25,0,1076950
NIFTY-II.NFO,05/08/2024,09:52:34,24459.25,24457.1,50,24459.95,25,25,1076950
NIFTY-II.NFO,05/08/2024,09:52:36,24456.4,24456.35,50,24459.7,25,75,1076950
NIFTY-II.NFO,05/08/2024,09:52:38,24456.35,24456.45,50,24460.2,175,1075,1076950
NIFTY-II.NFO,05/08/2024,09:52:39,24459.95,24456.3,25,24459.95,75,225,1076950
NIFTY-II.NFO,05/08/2024,09:52:41,24456.35,24454.65,275,24458.55,25,175,1076950
NIFTY-II.NFO,05/08/2024,09:52:43,24456.35,24454.35,25,24457.45,25,0,1076950
NIFTY-II.NFO,05/08/2024,09:52:44,24455.75,24453.25,50,24455.7,25,75,1076950
NIFTY-II.NFO,05/08/2024,09:52:46,24454.05,24454.3,250,24457.35,25,200,1076950
NIFTY-II.NFO,05/08/2024,09:52:48,24457.2,24453.05,25,24457.25,25,275,1076950
NIFTY-II.NFO,05/08/2024,09:52:49,24455.95,24455,25,24455.95,25,50,1076950
NIFTY-II.NFO,05/08/2024,09:52:51,24458.5,24455.15,150,24459.95,225,350,1076950
NIFTY-II.NFO,05/08/2024,09:52:53,24455,24455.45,25,24458.25,25,175,1076950
NIFTY-II.NFO,05/08/2024,09:52:54,24454.85,24453.9,25,24457.3,25,325,1076950
NIFTY-II.NFO,05/08/2024,09:52:56,24453.9,24453.45,25,24455.8,25,200,1076950
NIFTY-II.NFO,05/08/2024,09:52:58,24455,24453.8,25,24455.8,25,25,1076950
NIFTY-II.NFO,05/08/2024,09:52:59,24455.75,24453.6,25,24455.7,25,100,1076950
NIFTY-II.NFO,05/08/2024,09:53:01,24453.35,24453,125,24455.45,50,50,1076950
NIFTY-II.NFO,05/08/2024,09:53:03,24451.6,24451.45,125,24455.75,50,850,1076950
NIFTY-II.NFO,05/08/2024,09:53:04,24455.75,24455.75,225,24455.8,25,175,1076950
NIFTY-II.NFO,05/08/2024,09:53:06,24456.6,24456.6,100,24459,25,250,1076950
NIFTY-II.NFO,05/08/2024,09:53:08,24456.6,24457.6,50,24459.9,50,750,1076950
NIFTY-II.NFO,05/08/2024,09:53:09,24456.6,24458.7,50,24459.9,50,0,1076950
NIFTY-II.NFO,05/08/2024,09:53:11,24456.6,24456.6,25,24459.9,50,50,1076950
NIFTY-II.NFO,05/08/2024,09:53:13,24456.6,24455.8,25,24459.55,200,25,1076950
NIFTY-II.NFO,05/08/2024,09:53:14,24456.6,24455.8,25,24459.6,100,0,1076950
NIFTY-II.NFO,05/08/2024,09:53:16,24456.6,24455.8,100,24459.6,100,0,1076950
NIFTY-II.NFO,05/08/2024,09:53:18,24459.5,24456.8,125,24459.6,100,25,1076950
NIFTY-II.NFO,05/08/2024,09:53:19,24459.6,24459.1,25,24459.6,75,25,1076950
NIFTY-II.NFO,05/08/2024,09:53:21,24459.6,24457.2,125,24459.6,25,50,1076950
NIFTY-II.NFO,05/08/2024,09:53:22,24459.9,24457.3,125,24459.9,25,50,1076950
NIFTY-II.NFO,05/08/2024,09:53:24,24459.9,24456.5,25,24459.85,200,0,1076950
NIFTY-II.NFO,05/08/2024,09:53:26,24459.9,24455.7,25,24459.5,25,0,1076950
NIFTY-II.NFO,05/08/2024,09:53:27,24459.1,24456.95,125,24459.9,25,25,1076950
NIFTY-II.NFO,05/08/2024,09:53:29,24459.9,24456.15,50,24459.9,200,50,1076950
NIFTY-II.NFO,05/08/2024,09:53:31,24459.05,24457.15,125,24460,275,150,1076950
NIFTY-II.NFO,05/08/2024,09:53:32,24459.9,24457.25,125,24459.9,50,50,1076950
NIFTY-II.NFO,05/08/2024,09:53:34,24457.7,24456.7,325,24459.9,50,100,1076950
NIFTY-II.NFO,05/08/2024,09:53:36,24460,24458.6,125,24460,275,100,1076950
NIFTY-II.NFO,05/08/2024,09:53:37,24460,24458.65,50,24460,275,0,1076950
NIFTY-II.NFO,05/08/2024,09:53:39,24464.9,24461.9,50,24465.1,25,700,1076950
NIFTY-II.NFO,05/08/2024,09:53:41,24464.9,24462.65,125,24465.1,25,0,1076950
NIFTY-II.NFO,05/08/2024,09:53:42,24462.95,24462.35,25,24466.45,25,375,1076950
NIFTY-II.NFO,05/08/2024,09:53:44,24462.95,24462.75,100,24466.4,25,0,1076950
NIFTY-II.NFO,05/08/2024,09:53:46,24462.95,24463.5,75,24466.35,25,0,1076950
NIFTY-II.NFO,05/08/2024,09:53:47,24463.5,24463.5,50,24464.25,25,25,1076950
NIFTY-II.NFO,05/08/2024,09:53:49,24463.5,24463.15,125,24463.5,50,550,1076950
NIFTY-II.NFO,05/08/2024,09:53:51,24463.8,24463.1,125,24463.8,50,600,1076950
NIFTY-II.NFO,05/08/2024,09:53:52,24463.05,24463,75,24463.85,50,175,1076950
NIFTY-II.NFO,05/08/2024,09:53:54,24462.4,24460,50,24463.65,200,375,1076950
NIFTY-II.NFO,05/08/2024,09:53:56,24462.4,24460,50,24461.55,50,0,1076950
NIFTY-II.NFO,05/08/2024,09:53:57,24462.4,24460,50,24463.5,175,425,1076950
NIFTY-II.NFO,05/08/2024,09:53:59,24460.65,24460.65,175,24463.05,25,200,1076950
NIFTY-II.NFO,05/08/2024,09:54:01,24463.05,24460.5,125,24463.05,25,50,1076950
NIFTY-II.NFO,05/08/2024,09:54:02,24463.85,24459.75,50,24462.95,25,200,1076950
NIFTY-II.NFO,05/08/2024,09:54:04,24458.1,24458.2,125,24462.6,25,75,1076950
NIFTY-II.NFO,05/08/2024,09:54:06,24461,24458,100,24461.8,25,25,1076950
NIFTY-II.NFO,05/08/2024,09:54:07,24458,24458,25,24460.9,25,75,1076950
NIFTY-II.NFO,05/08/2024,09:54:09,24460.05,24459.7,325,24464.3,25,225,1076950
NIFTY-II.NFO,05/08/2024,09:54:11,24460.05,24461.1,275,24465,50,0,1076950
NIFTY-II.NFO,05/08/2024,09:54:12,24465,24463.6,50,24465.9,25,125,1076950
NIFTY-II.NFO,05/08/2024,09:54:14,24464.5,24464.45,125,24467,25,75,1076950
NIFTY-II.NFO,05/08/2024,09:54:16,24469.9,24463.4,125,24468.3,125,300,1076950
NIFTY-II.NFO,05/08/2024,09:54:17,24469.9,24464.5,125,24468.4,125,0,1076950
NIFTY-II.NFO,05/08/2024,09:54:19,24464.7,24464.3,125,24469.3,125,25,1076950
NIFTY-II.NFO,05/08/2024,09:54:21,24470,24467.5,50,24470,50,325,1076950
NIFTY-II.NFO,05/08/2024,09:54:22,24467.5,24467.5,50,24470,50,25,1076950
NIFTY-II.NFO,05/08/2024,09:54:24,24467.5,24466.05,250,24470,50,0,1076950
NIFTY-II.NFO,05/08/2024,09:54:26,24470.95,24467.5,50,24469.15,175,100,1076950
NIFTY-II.NFO,05/08/2024,09:54:27,24470,24467.5,50,24469.2,25,100,1076950
NIFTY-II.NFO,05/08/2024,09:54:29,24464.15,24466.15,250,24470,25,200,1076950
NIFTY-II.NFO,05/08/2024,09:54:31,24464.15,24467.2,50,24469.9,25,0,1076950
NIFTY-II.NFO,05/08/2024,09:54:32,24466.3,24467.3,75,24469.9,25,200,1076950
NIFTY-II.NFO,05/08/2024,09:54:34,24466.55,24466.75,75,24469.65,250,100,1076950
NIFTY-II.NFO,05/08/2024,09:54:36,24466.55,24466.75,75,24469.85,250,0,1076950
NIFTY-II.NFO,05/08/2024,09:54:37,24466.55,24466.75,75,24470,75,0,1076950
NIFTY-II.NFO,05/08/2024,09:54:39,24471,24468.15,25,24472,25,100,1076950
NIFTY-II.NFO,05/08/2024,09:54:41,24471,24467,25,24471.5,200,0,1076950
NIFTY-II.NFO,05/08/2024,09:54:42,24471,24466.8,25,24471,50,0,1076950
NIFTY-II.NFO,05/08/2024,09:54:44,24471,24466.75,75,24470.95,200,0,1076950
NIFTY-II.NFO,05/08/2024,09:54:46,24471,24466,50,24469.25,275,0,1076950
NIFTY-II.NFO,05/08/2024,09:54:48,24471,24466,50,24469.6,50,0,1076950
NIFTY-II.NFO,05/08/2024,09:54:49,24471,24466.05,25,24468.9,25,0,1076950
NIFTY-II.NFO,05/08/2024,09:54:51,24466.05,24466,50,24469.8,25,25,1082025
NIFTY-II.NFO,05/08/2024,09:54:53,24469.8,24466,50,24469.45,200,50,1082025
NIFTY-II.NFO,05/08/2024,09:54:54,24469.9,24466,50,24470.75,200,25,1082025
NIFTY-II.NFO,05/08/2024,09:54:56,24469.9,24466,50,24469.8,25,0,1082025
NIFTY-II.NFO,05/08/2024,09:54:58,24469.05,24466,50,24469.05,100,25,1082025
NIFTY-II.NFO,05/08/2024,09:54:59,24469.05,24466,50,24468.15,50,0,1082025
NIFTY-II.NFO,05/08/2024,09:55:01,24470,24469.05,125,24471,75,150,1082025
NIFTY-II.NFO,05/08/2024,09:55:03,24473.25,24469.25,100,24473.2,25,200,1082025
NIFTY-II.NFO,05/08/2024,09:55:04,24470,24468.1,175,24472.7,50,125,1082025
NIFTY-II.NFO,05/08/2024,09:55:06,24474,24469.65,75,24474.85,250,150,1082025
NIFTY-II.NFO,05/08/2024,09:55:08,24469.75,24469.8,50,24474,25,25,1082025
NIFTY-II.NFO,05/08/2024,09:55:09,24469.75,24472.2,50,24474,50,0,1082025
NIFTY-II.NFO,05/08/2024,09:55:11,24474,24472.2,50,24474,25,25,1082025
NIFTY-II.NFO,05/08/2024,09:55:13,24472.2,24472.3,50,24474,50,75,1082025
NIFTY-II.NFO,05/08/2024,09:55:14,24474,24472.3,50,24474,25,300,1082025
NIFTY-II.NFO,05/08/2024,09:55:16,24475,24472.3,125,24475,225,25,1082025
NIFTY-II.NFO,05/08/2024,09:55:18,24480.45,24475,275,24477,25,2075,1082025
NIFTY-II.NFO,05/08/2024,09:55:19,24477.3,24475.95,50,24478.9,25,1050,1082025
NIFTY-II.NFO,05/08/2024,09:55:21,24477.05,24477.05,25,24478.95,25,125,1082025
NIFTY-II.NFO,05/08/2024,09:55:22,24477.05,24477.05,25,24478.9,25,0,1082025
NIFTY-II.NFO,05/08/2024,09:55:24,24481.65,24477.05,25,24479.55,25,225,1082025
NIFTY-II.NFO,05/08/2024,09:55:26,24477.15,24477.15,50,24480.9,50,100,1082025
NIFTY-II.NFO,05/08/2024,09:55:27,24477.2,24478.25,275,24480.95,25,25,1082025
NIFTY-II.NFO,05/08/2024,09:55:29,24480,24477.4,25,24480,25,25,1082025
NIFTY-II.NFO,05/08/2024,09:55:31,24477.25,24477.05,100,24478,25,150,1082025
NIFTY-II.NFO,05/08/2024,09:55:32,24477.95,24477.35,275,24481,25,225,1082025
NIFTY-II.NFO,05/08/2024,09:55:34,24481.4,24477.45,275,24481.95,25,25,1082025
NIFTY-II.NFO,05/08/2024,09:55:36,24481.4,24477.3,275,24481.5,25,0,1082025
NIFTY-II.NFO,05/08/2024,09:55:37,24481.4,24479.7,275,24481.45,25,0,1082025
NIFTY-II.NFO,05/08/2024,09:55:39,24481.4,24480.5,75,24483,50,75,1082025
NIFTY-II.NFO,05/08/2024,09:55:40,24480,24479.4,275,24480,25,75,1082025
NIFTY-II.NFO,05/08/2024,09:55:42,24481.35,24481.55,250,24482.9,25,50,1082025
NIFTY-II.NFO,05/08/2024,09:55:44,24485,24481.35,50,24483,25,125,1082025
NIFTY-II.NFO,05/08/2024,09:55:45,24482.15,24480.2,200,24482.95,25,250,1082025
NIFTY-II.NFO,05/08/2024,09:55:47,24480.55,24481.05,275,24482.9,25,75,1082025
NIFTY-II.NFO,05/08/2024,09:55:49,24480.55,24480.5,275,24482.85,50,0,1082025
NIFTY-II.NFO,05/08/2024,09:55:50,24480.55,24481.2,200,24482.85,50,0,1082025
NIFTY-II.NFO,05/08/2024,09:55:52,24482.85,24481.2,275,24482.9,25,75,1082025
NIFTY-II.NFO,05/08/2024,09:55:53,24482.85,24481.15,150,24482.9,25,0,1082025
NIFTY-II.NFO,05/08/2024,09:55:55,24482.9,24483.25,25,24485,75,25,1082025
NIFTY-II.NFO,05/08/2024,09:55:57,24486,24483.25,25,24485.95,200,125,1082025
NIFTY-II.NFO,05/08/2024,09:55:58,24486,24483.25,25,24485.85,200,0,1082025
NIFTY-II.NFO,05/08/2024,09:56:00,24480.4,24481.3,25,24485.05,200,350,1082025
NIFTY-II.NFO,05/08/2024,09:56:02,24483.15,24480.15,25,24482.75,200,75,1082025
NIFTY-II.NFO,05/08/2024,09:56:03,24481.55,24480,275,24481.55,25,25,1082025
NIFTY-II.NFO,05/08/2024,09:56:05,24480,24477.05,75,24479.3,200,275,1082025
NIFTY-II.NFO,05/08/2024,09:56:07,24477.05,24477.05,25,24479.55,200,150,1082025
NIFTY-II.NFO,05/08/2024,09:56:08,24474.25,24475.85,25,24479.1,50,250,1082025
NIFTY-II.NFO,05/08/2024,09:56:10,24479,24473.85,25,24476.85,50,25,1082025
NIFTY-II.NFO,05/08/2024,09:56:12,24476.95,24473.85,25,24476.85,200,50,1082025
NIFTY-II.NFO,05/08/2024,09:56:13,24476.5,24474.1,100,24476.5,25,100,1082025
NIFTY-II.NFO,05/08/2024,09:56:15,24476.5,24475,100,24476.5,25,100,1082025
NIFTY-II.NFO,05/08/2024,09:56:17,24481.25,24476.1,200,24481.05,200,250,1082025
NIFTY-II.NFO,05/08/2024,09:56:18,24478.7,24475.55,175,24478.7,25,125,1082025
NIFTY-II.NFO,05/08/2024,09:56:20,24480,24478.8,175,24481.55,25,25,1082025
NIFTY-II.NFO,05/08/2024,09:56:22,24483,24482.9,175,24486,75,50,1082025
NIFTY-II.NFO,05/08/2024,09:56:23,24486,24483.9,275,24487.35,50,175,1082025
NIFTY-II.NFO,05/08/2024,09:56:25,24488.5,24485,175,24489,50,50,1082025
NIFTY-II.NFO,05/08/2024,09:56:27,24489.75,24486.55,75,24490,250,125,1082025
NIFTY-II.NFO,05/08/2024,09:56:28,24486.05,24487.55,25,24490,550,425,1082025
NIFTY-II.NFO,05/08/2024,09:56:30,24490,24487.6,100,24490,150,125,1082025
NIFTY-II.NFO,05/08/2024,09:56:32,24490.25,24490.9,125,24492,25,525,1082025
NIFTY-II.NFO,05/08/2024,09:56:33,24495,24494.15,50,24497,25,175,1082025
NIFTY-II.NFO,05/08/2024,09:56:35,24503.05,24502,25,24504,50,1000,1082025
NIFTY-II.NFO,05/08/2024,09:56:37,24499.9,24498.65,125,24500,100,75,1082025
NIFTY-II.NFO,05/08/2024,09:56:38,24505.9,24500.8,75,24505.45,50,300,1082025
NIFTY-II.NFO,05/08/2024,09:56:40,24505.3,24499.65,275,24504.85,50,275,1082025
NIFTY-II.NFO,05/08/2024,09:56:42,24505.05,24500.9,200,24503.95,25,50,1082025
NIFTY-II.NFO,05/08/2024,09:56:43,24505.6,24500.65,275,24505.6,25,150,1082025
NIFTY-II.NFO,05/08/2024,09:56:45,24504.7,24501,200,24504.75,50,425,1082025
NIFTY-II.NFO,05/08/2024,09:56:47,24502.6,24501.15,200,24506.35,150,100,1082025
NIFTY-II.NFO,05/08/2024,09:56:48,24504.85,24501.35,25,24504.35,50,25,1082025
NIFTY-II.NFO,05/08/2024,09:56:50,24503.6,24501.35,25,24502.8,50,75,1082025
NIFTY-II.NFO,05/08/2024,09:56:52,24501.35,24500,50,24503.25,50,175,1082025
NIFTY-II.NFO,05/08/2024,09:56:53,24501.35,24500.05,200,24502.8,25,0,1082025
NIFTY-II.NFO,05/08/2024,09:56:55,24499.4,24495.6,200,24499.4,75,175,1082025
NIFTY-II.NFO,05/08/2024,09:56:57,24500,24500,1100,24501.9,75,350,1082025
NIFTY-II.NFO,05/08/2024,09:56:58,24495.4,24494.55,200,24499.4,100,1275,1082025
NIFTY-II.NFO,05/08/2024,09:57:00,24499.3,24496,25,24498.2,275,50,1082025
NIFTY-II.NFO,05/08/2024,09:57:02,24504.6,24499.45,275,24504.95,200,150,1082025
NIFTY-II.NFO,05/08/2024,09:57:03,24504.6,24499.9,275,24504.85,200,0,1082025
NIFTY-II.NFO,05/08/2024,09:57:05,24500.9,24499.6,200,24504,150,25,1082025
NIFTY-II.NFO,05/08/2024,09:57:07,24501,24500.55,50,24501,275,750,1082025
NIFTY-II.NFO,05/08/2024,09:57:08,24501,24501.4,50,24504,100,275,1082025
NIFTY-II.NFO,05/08/2024,09:57:10,24504.6,24501.3,50,24505,75,275,1082025
NIFTY-II.NFO,05/08/2024,09:57:12,24507,24504,75,24506.95,25,150,1082025
NIFTY-II.NFO,05/08/2024,09:57:13,24504,24501.7,50,24504,25,100,1082025
NIFTY-II.NFO,05/08/2024,09:57:15,24504,24502.9,50,24506.9,25,25,1082025
NIFTY-II.NFO,05/08/2024,09:57:17,24507.75,24501.6,75,24506.65,250,25,1082025
NIFTY-II.NFO,05/08/2024,09:57:18,24507.75,24507,25,24508.3,200,0,1082025
NIFTY-II.NFO,05/08/2024,09:57:20,24507,24504.6,75,24508.35,25,25,1082025
NIFTY-II.NFO,05/08/2024,09:57:22,24507.95,24507.95,100,24509.95,50,50,1082025
NIFTY-II.NFO,05/08/2024,09:57:23,24507.25,24504.2,25,24507.85,50,350,1082025
NIFTY-II.NFO,05/08/2024,09:57:25,24504.25,24506,75,24507.75,25,225,1082025
NIFTY-II.NFO,05/08/2024,09:57:27,24509.9,24507,125,24510,50,50,1082025
NIFTY-II.NFO,05/08/2024,09:57:28,24507.85,24507.85,100,24509.5,200,100,1082025
NIFTY-II.NFO,05/08/2024,09:57:30,24509.85,24506.85,25,24509.8,100,850,1082025
NIFTY-II.NFO,05/08/2024,09:57:32,24507,24507,125,24508.9,100,25,1082025
NIFTY-II.NFO,05/08/2024,09:57:33,24506,24504.2,25,24507,25,225,1082025
NIFTY-II.NFO,05/08/2024,09:57:35,24508.7,24503.55,25,24507,25,700,1082025
NIFTY-II.NFO,05/08/2024,09:57:37,24506.9,24502.75,25,24506.7,50,50,1082025
NIFTY-II.NFO,05/08/2024,09:57:38,24504.75,24502.6,25,24506.3,25,75,1082025
NIFTY-II.NFO,05/08/2024,09:57:40,24504.75,24502.65,275,24506.95,25,0,1082025
NIFTY-II.NFO,05/08/2024,09:57:42,24506.95,24502.6,25,24504.3,25,25,1082025
NIFTY-II.NFO,05/08/2024,09:57:43,24505.4,24507.55,100,24510,125,700,1085775
NIFTY-II.NFO,05/08/2024,09:57:45,24510,24505.75,175,24509.85,200,75,1085775
NIFTY-II.NFO,05/08/2024,09:57:47,24504.6,24503.35,75,24508.75,200,25,1085775
NIFTY-II.NFO,05/08/2024,09:57:48,24505.4,24504.75,75,24509.4,50,25,1085775
NIFTY-II.NFO,05/08/2024,09:57:50,24502.8,24503.75,25,24507.65,25,375,1085775
NIFTY-II.NFO,05/08/2024,09:57:52,24502.8,24502.05,250,24506.1,25,0,1085775
NIFTY-II.NFO,05/08/2024,09:57:53,24510,24504.9,50,24510,375,100,1085775
NIFTY-II.NFO,05/08/2024,09:57:55,24510,24506.3,325,24510,375,0,1085775
NIFTY-II.NFO,05/08/2024,09:57:57,24510,24505,250,24510,375,0,1085775
NIFTY-II.NFO,05/08/2024,09:57:58,24506.55,24506.25,75,24510,550,100,1085775
NIFTY-II.NFO,05/08/2024,09:58:00,24506.55,24505.2,25,24509.95,325,0,1085775
NIFTY-II.NFO,05/08/2024,09:58:02,24503.8,24503.8,25,24508.6,125,125,1085775
NIFTY-II.NFO,05/08/2024,09:58:03,24503.8,24508.3,175,24510,575,0,1085775
NIFTY-II.NFO,05/08/2024,09:58:05,24510,24508.15,175,24510,600,25,1085775
NIFTY-II.NFO,05/08/2024,09:58:07,24514.05,24507.05,275,24511.95,50,1975,1085775
NIFTY-II.NFO,05/08/2024,09:58:08,24508.2,24508.2,250,24512,50,225,1085775
NIFTY-II.NFO,05/08/2024,09:58:10,24508.45,24508.6,175,24512,50,150,1085775
NIFTY-II.NFO,05/08/2024,09:58:12,24511,24511.85,50,24514.05,25,200,1085775
NIFTY-II.NFO,05/08/2024,09:58:13,24515,24514.3,50,24515.55,25,150,1085775
NIFTY-II.NFO,05/08/2024,09:58:15,24512.15,24512.05,125,24515.55,25,425,1085775
NIFTY-II.NFO,05/08/2024,09:58:17,24512.15,24510.75,25,24514.35,50,0,1085775
NIFTY-II.NFO,05/08/2024,09:58:18,24513.35,24508.65,200,24514.3,200,675,1085775
NIFTY-II.NFO,05/08/2024,09:58:20,24513.35,24513.75,200,24515.55,25,0,1085775
NIFTY-II.NFO,05/08/2024,09:58:22,24513.35,24513.95,200,24515.55,25,0,1085775
NIFTY-II.NFO,05/08/2024,09:58:23,24516.5,24514.1,225,24517,25,75,1085775
NIFTY-II.NFO,05/08/2024,09:58:25,24515.05,24514.9,200,24517,25,100,1085775
NIFTY-II.NFO,05/08/2024,09:58:27,24517,24514.15,175,24517.9,25,25,1085775
NIFTY-II.NFO,05/08/2024,09:58:28,24515.7,24516.55,125,24518,25,25,1085775
NIFTY-II.NFO,05/08/2024,09:58:30,24520,24519,125,24520,225,125,1085775
NIFTY-II.NFO,05/08/2024,09:58:32,24518.75,24518.9,50,24520,175,100,1085775
NIFTY-II.NFO,05/08/2024,09:58:33,24519.4,24518.85,150,24520,175,25,1085775
NIFTY-II.NFO,05/08/2024,09:58:35,24520,24519.9,50,24522,375,225,1085775
NIFTY-II.NFO,05/08/2024,09:58:37,24518.45,24518.45,125,24520,25,25,1085775
NIFTY-II.NFO,05/08/2024,09:58:38,24515.8,24515,25,24517.75,375,50,1085775
NIFTY-II.NFO,05/08/2024,09:58:40,24517.5,24515,25,24518.45,25,350,1085775
NIFTY-II.NFO,05/08/2024,09:58:42,24514.8,24511.8,125,24516.75,200,75,1085775
NIFTY-II.NFO,05/08/2024,09:58:43,24514.5,24514.5,25,24516.85,25,100,1085775
NIFTY-II.NFO,05/08/2024,09:58:45,24512.8,24512.1,50,24515.8,100,25,1085775
NIFTY-II.NFO,05/08/2024,09:58:47,24516.65,24512.35,50,24516.7,100,350,1085775
NIFTY-II.NFO,05/08/2024,09:58:48,24516.65,24513.5,125,24516.7,100,0,1085775
NIFTY-II.NFO,05/08/2024,09:58:50,24516.7,24515.05,50,24516.7,50,75,1085775
NIFTY-II.NFO,05/08/2024,09:58:52,24516.7,24517.4,50,24518.45,25,225,1085775
NIFTY-II.NFO,05/08/2024,09:58:53,24518.45,24517.4,50,24520,175,25,1085775
NIFTY-II.NFO,05/08/2024,09:58:55,24518.45,24517.4,50,24519.95,50,0,1085775
NIFTY-II.NFO,05/08/2024,09:58:57,24518.1,24518.05,50,24520.45,125,575,1085775
NIFTY-II.NFO,05/08/2024,09:58:58,24520.45,24515,200,24520.6,175,25,1085775
NIFTY-II.NFO,05/08/2024,09:59:00,24520.6,24515,200,24519.95,175,50,1085775
NIFTY-II.NFO,05/08/2024,09:59:02,24515,24515,175,24518.1,100,25,1085775
NIFTY-II.NFO,05/08/2024,09:59:03,24517.5,24515,150,24517.55,175,75,1085775
NIFTY-II.NFO,05/08/2024,09:59:05,24517.5,24515,150,24517.7,100,0,1085775
NIFTY-II.NFO,05/08/2024,09:59:07,24517.5,24516,600,24517.95,125,0,1085775
NIFTY-II.NFO,05/08/2024,09:59:08,24515,24512.8,25,24514.25,400,950,1085775
NIFTY-II.NFO,05/08/2024,09:59:10,24510.05,24511.3,275,24516.2,75,350,1085775
NIFTY-II.NFO,05/08/2024,09:59:12,24511.4,24512.25,275,24517.45,50,125,1085775
NIFTY-II.NFO,05/08/2024,09:59:13,24513,24514.55,50,24518.1,75,550,1085775
NIFTY-II.NFO,05/08/2024,09:59:15,24517.05,24517.2,200,24519.9,25,275,1085775
NIFTY-II.NFO,05/08/2024,09:59:17,24520.1,24517.25,50,24521.95,50,175,1085775
NIFTY-II.NFO,05/08/2024,09:59:18,24517.65,24515,200,24519.75,125,25,1085775
NIFTY-II.NFO,05/08/2024,09:59:20,24518.55,24515,200,24518.55,25,25,1085775
NIFTY-II.NFO,05/08/2024,09:59:22,24516.55,24516.4,200,24518.45,25,50,1085775
NIFTY-II.NFO,05/08/2024,09:59:23,24517.15,24515.5,200,24518.35,25,25,1085775
NIFTY-II.NFO,05/08/2024,09:59:25,24517.5,24515,200,24517.45,25,125,1085775
NIFTY-II.NFO,05/08/2024,09:59:27,24515,24515,100,24516.95,50,100,1085775
NIFTY-II.NFO,05/08/2024,09:59:28,24515,24515,50,24516.45,25,50,1085775
NIFTY-II.NFO,05/08/2024,09:59:30,24515,24512.8,200,24516.7,50,50,1085775
NIFTY-II.NFO,05/08/2024,09:59:32,24516.5,24512.05,450,24516.95,50,50,1085775
NIFTY-II.NFO,05/08/2024,09:59:33,24514.25,24513.05,175,24516.5,25,550,1085775
NIFTY-II.NFO,05/08/2024,09:59:35,24516.85,24510.9,175,24516.1,125,50,1085775
NIFTY-II.NFO,05/08/2024,09:59:37,24516.65,24514.2,250,24516.95,25,50,1085775
NIFTY-II.NFO,05/08/2024,09:59:38,24516.65,24511.4,175,24516.7,275,0,1085775
NIFTY-II.NFO,05/08/2024,09:59:40,24516.65,24512.4,175,24516.65,25,0,1085775
NIFTY-II.NFO,05/08/2024,09:59:42,24516.8,24511.35,25,24516.7,250,425,1085775
NIFTY-II.NFO,05/08/2024,09:59:43,24510.9,24511.7,25,24516.3,25,125,1085775
NIFTY-II.NFO,05/08/2024,09:59:45,24510.9,24511.05,25,24516.25,325,0,1085775
NIFTY-II.NFO,05/08/2024,09:59:47,24511.05,24510,575,24514.35,175,25,1085775
NIFTY-II.NFO,05/08/2024,09:59:48,24510,24510,525,24514.4,275,50,1085775
NIFTY-II.NFO,05/08/2024,09:59:50,24510,24510,475,24510.9,25,75,1085775
NIFTY-II.NFO,05/08/2024,09:59:52,24510.9,24510,475,24511.05,1000,25,1085775
NIFTY-II.NFO,05/08/2024,09:59:53,24510.85,24510,450,24511.05,1000,75,1085775
NIFTY-II.NFO,05/08/2024,09:59:55,24510,24510,500,24511.05,1000,50,1085775
NIFTY-II.NFO,05/08/2024,09:59:57,24510.9,24510.9,25,24511.05,1000,125,1085775
NIFTY-II.NFO,05/08/2024,09:59:58,24510.9,24510,400,24511.05,1000,25,1085775
NIFTY-II.NFO,05/08/2024,10:00:00,24510,24510,375,24510.85,200,25,1085775
NIFTY-II.NFO,05/08/2024,10:00:02,24510,24510,200,24510.85,200,225,1085775
NIFTY-II.NFO,05/08/2024,10:00:03,24506.75,24505.1,50,24509.95,200,225,1085775
NIFTY-II.NFO,05/08/2024,10:00:05,24509.95,24505.35,25,24510,50,1025,1085775
NIFTY-II.NFO,05/08/2024,10:00:07,24510,24508.35,50,24510,50,50,1085775
NIFTY-II.NFO,05/08/2024,10:00:08,24510,24506.4,25,24510,25,75,1085775
NIFTY-II.NFO,05/08/2024,10:00:10,24506.75,24506.6,50,24509.95,50,50,1085775
NIFTY-II.NFO,05/08/2024,10:00:12,24504.45,24504.45,25,24509.85,125,100,1085775
NIFTY-II.NFO,05/08/2024,10:00:13,24504.8,24505.75,25,24509.9,50,200,1085775
NIFTY-II.NFO,05/08/2024,10:00:15,24504.8,24506.9,50,24509.95,25,0,1085775
NIFTY-II.NFO,05/08/2024,10:00:17,24510.55,24509.25,50,24510.85,25,100,1085775
NIFTY-II.NFO,05/08/2024,10:00:18,24510.9,24508.05,50,24510.9,250,50,1085775
NIFTY-II.NFO,05/08/2024,10:00:20,24510.9,24506.55,25,24510.75,50,25,1085775
NIFTY-II.NFO,05/08/2024,10:00:22,24510.9,24505.6,25,24509.7,200,0,1085775
NIFTY-II.NFO,05/08/2024,10:00:23,24509.85,24505.6,25,24509.85,125,75,1085775
NIFTY-II.NFO,05/08/2024,10:00:25,24509.85,24506.65,25,24510.9,250,0,1085775
NIFTY-II.NFO,05/08/2024,10:00:27,24509.85,24506.4,25,24510.9,250,0,1085775
NIFTY-II.NFO,05/08/2024,10:00:28,24505.05,24504.6,175,24510.15,200,1050,1085775
NIFTY-II.NFO,05/08/2024,10:00:30,24510.45,24506.15,25,24508.55,25,25,1085775
NIFTY-II.NFO,05/08/2024,10:00:32,24510.45,24506.2,200,24508.55,25,0,1085775
NIFTY-II.NFO,05/08/2024,10:00:33,24510.45,24506.15,25,24508.55,25,0,1085775
NIFTY-II.NFO,05/08/2024,10:00:35,24510.45,24504.6,25,24508.5,200,0,1085775
NIFTY-II.NFO,05/08/2024,10:00:36,24505.3,24500.95,200,24505.1,125,175,1085775
NIFTY-II.NFO,05/08/2024,10:00:38,24502.85,24500.9,25,24502.85,150,225,1085775
NIFTY-II.NFO,05/08/2024,10:00:40,24502.85,24500.9,25,24504.45,125,0,1085775
NIFTY-II.NFO,05/08/2024,10:00:41,24502.85,24500.9,25,24504.45,50,0,1085775
NIFTY-II.NFO,05/08/2024,10:00:43,24503,24500.9,25,24503.7,125,100,1088100
NIFTY-II.NFO,05/08/2024,10:00:45,24503,24500.9,25,24502.85,25,0,1088100
NIFTY-II.NFO,05/08/2024,10:00:46,24503,24501.6,50,24502.85,25,0,1088100
NIFTY-II.NFO,05/08/2024,10:00:48,24500.1,24500,525,24503.45,250,475,1088100
NIFTY-II.NFO,05/08/2024,10:00:50,24500.1,24500,525,24504.7,250,0,1088100
NIFTY-II.NFO,05/08/2024,10:00:51,24500,24500,500,24504.05,275,25,1088100
NIFTY-II.NFO,05/08/2024,10:00:53,24500,24500,475,24500.1,100,25,1088100
NIFTY-II.NFO,05/08/2024,10:00:54,24500,24500,400,24500.1,100,75,1088100
NIFTY-II.NFO,05/08/2024,10:00:56,24500.1,24500,350,24500.1,25,125,1088100
NIFTY-II.NFO,05/08/2024,10:00:58,24500,24500,425,24500.1,25,25,1088100
NIFTY-II.NFO,05/08/2024,10:00:59,24500,24500,425,24500.1,25,0,1088100
NIFTY-II.NFO,05/08/2024,10:01:01,24500,24500,325,24500.1,25,100,1088100
NIFTY-II.NFO,05/08/2024,10:01:03,24500,24500,275,24500.1,25,50,1088100
NIFTY-II.NFO,05/08/2024,10:01:04,24500,24500,275,24500.1,25,0,1088100
NIFTY-II.NFO,05/08/2024,10:01:06,24500,24500,275,24500.85,200,50,1088100
NIFTY-II.NFO,05/08/2024,10:01:08,24500,24495,25,24499.55,250,275,1088100
NIFTY-II.NFO,05/08/2024,10:01:09,24500,24495.25,275,24499.95,200,0,1088100
NIFTY-II.NFO,05/08/2024,10:01:11,24500,24495.6,50,24500,725,500,1088100
NIFTY-II.NFO,05/08/2024,10:01:12,24493.85,24494.15,200,24499.6,50,225,1088100
NIFTY-II.NFO,05/08/2024,10:01:14,24493.85,24496.95,200,24500,725,0,1088100
NIFTY-II.NFO,05/08/2024,10:01:16,24496.7,24495.75,25,24499.95,100,25,1088100
NIFTY-II.NFO,05/08/2024,10:01:17,24493.85,24494.2,275,24496.95,25,75,1088100
NIFTY-II.NFO,05/08/2024,10:01:19,24493.85,24494.45,25,24496.95,25,0,1088100
NIFTY-II.NFO,05/08/2024,10:01:22,24496.95,24496.55,250,24499.95,100,100,1088100
NIFTY-II.NFO,05/08/2024,10:01:24,24495.05,24493.7,100,24498.75,200,75,1088100
NIFTY-II.NFO,05/08/2024,10:01:26,24495.75,24495.75,100,24499.95,100,75,1088100
NIFTY-II.NFO,05/08/2024,10:01:27,24496.05,24496.1,50,24499.95,100,25,1088100
NIFTY-II.NFO,05/08/2024,10:01:29,24496.05,24496.85,125,24499.95,100,100,1088100
NIFTY-II.NFO,05/08/2024,10:01:31,24500.9,24498.9,50,24503,50,900,1088100
NIFTY-II.NFO,05/08/2024,10:01:33,24500.2,24500.85,125,24503,50,25,1088100
NIFTY-II.NFO,05/08/2024,10:01:34,24503,24500.35,50,24503,25,25,1088100
NIFTY-II.NFO,05/08/2024,10:01:36,24503,24502.05,125,24503,25,0,1088100
NIFTY-II.NFO,05/08/2024,10:01:38,24504,24500,125,24505.35,200,100,1088100
NIFTY-II.NFO,05/08/2024,10:01:39,24503,24499.95,50,24503.05,275,25,1088100
NIFTY-II.NFO,05/08/2024,10:01:41,24502.65,24499.95,50,24501.5,200,75,1088100
NIFTY-II.NFO,05/08/2024,10:01:43,24496.35,24495.45,200,24500.55,275,250,1088100
NIFTY-II.NFO,05/08/2024,10:01:44,24499.65,24494.55,200,24499.9,175,25,1088100
NIFTY-II.NFO,05/08/2024,10:01:46,24494.3,24495.8,275,24500.85,200,50,1088100
NIFTY-II.NFO,05/08/2024,10:01:48,24495.65,24497.85,175,24502.6,200,25,1088100
NIFTY-II.NFO,05/08/2024,10:01:49,24500,24498.75,175,24502.65,25,25,1088100
NIFTY-II.NFO,05/08/2024,10:01:51,24497.65,24497.35,50,24502.05,275,200,1088100
NIFTY-II.NFO,05/08/2024,10:01:53,24497.65,24496.1,25,24500.05,200,0,1088100
NIFTY-II.NFO,05/08/2024,10:01:54,24496.1,24495,25,24499.25,200,50,1088100
NIFTY-II.NFO,05/08/2024,10:01:56,24499.1,24495,50,24499.35,200,50,1088100
NIFTY-II.NFO,05/08/2024,10:01:58,24499.1,24495.05,125,24499.1,25,0,1088100
NIFTY-II.NFO,05/08/2024,10:01:59,24499.1,24497,200,24499.1,25,0,1088100
NIFTY-II.NFO,05/08/2024,10:02:01,24499.1,24496.6,200,24499.1,25,0,1088100
NIFTY-II.NFO,05/08/2024,10:02:03,24499.1,24495.9,125,24499.1,25,0,1088100
NIFTY-II.NFO,05/08/2024,10:02:04,24498.95,24495,75,24499.05,100,50,1088100
NIFTY-II.NFO,05/08/2024,10:02:06,24497.8,24495,75,24497.1,125,100,1088100
NIFTY-II.NFO,05/08/2024,10:02:08,24497.8,24495,75,24497.55,125,0,1088100
NIFTY-II.NFO,05/08/2024,10:02:09,24495,24496,175,24499.05,100,50,1088100
NIFTY-II.NFO,05/08/2024,10:02:11,24499.05,24497,175,24499.05,75,25,1088100
NIFTY-II.NFO,05/08/2024,10:02:13,24497.85,24497.2,100,24499.05,75,75,1088100
NIFTY-II.NFO,05/08/2024,10:02:14,24499.05,24498.15,100,24499.1,275,75,1088100
NIFTY-II.NFO,05/08/2024,10:02:16,24498.05,24498.05,25,24498.85,250,75,1088100
NIFTY-II.NFO,05/08/2024,10:02:18,24498.05,24498.05,25,24498.85,200,25,1088100
NIFTY-II.NFO,05/08/2024,10:02:19,24497,24495.7,25,24497,1550,400,1088100
NIFTY-II.NFO,05/08/2024,10:02:21,24497,24495,25,24497,1400,150,1088100
NIFTY-II.NFO,05/08/2024,10:02:22,24495,24493.8,25,24496.95,250,50,1088100
NIFTY-II.NFO,05/08/2024,10:02:24,24495.1,24490.4,200,24495.4,225,25,1088100
NIFTY-II.NFO,05/08/2024,10:02:26,24492.95,24490,275,24493.55,150,75,1088100
NIFTY-II.NFO,05/08/2024,10:02:27,24490,24490,175,24493.35,200,100,1088100
NIFTY-II.NFO,05/08/2024,10:02:29,24493.85,24490,150,24493.2,200,50,1088100
NIFTY-II.NFO,05/08/2024,10:02:31,24493.85,24490,150,24492.4,250,0,1088100
NIFTY-II.NFO,05/08/2024,10:02:32,24493.85,24490,150,24492.9,125,0,1088100
NIFTY-II.NFO,05/08/2024,10:02:34,24490,24490,150,24491.65,25,25,1088100
NIFTY-II.NFO,05/08/2024,10:02:36,24490,24490,125,24490.45,25,0,1088100
NIFTY-II.NFO,05/08/2024,10:02:37,24490,24487.8,25,24490.45,50,125,1088100
NIFTY-II.NFO,05/08/2024,10:02:39,24490,24487.8,100,24491.95,125,0,1088100
NIFTY-II.NFO,05/08/2024,10:02:41,24491.05,24487.15,200,24491.7,50,250,1088100
NIFTY-II.NFO,05/08/2024,10:02:42,24490.7,24489.6,25,24491,25,525,1088100
NIFTY-II.NFO,05/08/2024,10:02:44,24490.45,24490.55,25,24492.5,25,325,1088100
NIFTY-II.NFO,05/08/2024,10:02:46,24492.95,24490.55,25,24492.9,25,75,1088100
NIFTY-II.NFO,05/08/2024,10:02:47,24491.05,24491.7,25,24492.9,50,300,1088100
NIFTY-II.NFO,05/08/2024,10:02:49,24490.8,24490.85,25,24492.95,50,75,1088100
NIFTY-II.NFO,05/08/2024,10:02:51,24491.3,24491.25,25,24492.95,25,75,1088100
NIFTY-II.NFO,05/08/2024,10:02:52,24491.25,24490.3,25,24492.9,25,25,1088100
NIFTY-II.NFO,05/08/2024,10:02:54,24491.25,24490.35,75,24492.9,25,0,1088100
NIFTY-II.NFO,05/08/2024,10:02:56,24488.9,24490.8,25,24491,50,400,1088100
NIFTY-II.NFO,05/08/2024,10:02:57,24489.45,24489.8,125,24490.85,1800,100,1088100
NIFTY-II.NFO,05/08/2024,10:02:59,24489.45,24489.2,200,24490,25,0,1088100
NIFTY-II.NFO,05/08/2024,10:03:01,24490.85,24490.3,25,24490.85,1500,325,1088100
NIFTY-II.NFO,05/08/2024,10:03:02,24490.85,24490.75,250,24490.85,1450,50,1088100
NIFTY-II.NFO,05/08/2024,10:03:04,24491,24490.7,250,24493.5,25,1475,1088100
NIFTY-II.NFO,05/08/2024,10:03:06,24492.95,24490.65,500,24492.9,25,75,1088100
NIFTY-II.NFO,05/08/2024,10:03:07,24492.25,24492.05,25,24492.9,25,25,1088100
NIFTY-II.NFO,05/08/2024,10:03:09,24492.05,24491.95,25,24492.9,25,75,1088100
NIFTY-II.NFO,05/08/2024,10:03:11,24491.85,24491.8,25,24493.85,200,50,1088100
NIFTY-II.NFO,05/08/2024,10:03:12,24491.25,24491.85,25,24493.85,200,50,1088100
NIFTY-II.NFO,05/08/2024,10:03:14,24492.05,24492,125,24493.85,150,75,1088100
NIFTY-II.NFO,05/08/2024,10:03:16,24493.85,24491.9,50,24493.85,125,25,1088100
NIFTY-II.NFO,05/08/2024,10:03:17,24491.6,24491.95,25,24492.95,25,575,1088100
NIFTY-II.NFO,05/08/2024,10:03:19,24491.8,24491.8,25,24492.35,275,275,1088100
NIFTY-II.NFO,05/08/2024,10:03:21,24491.8,24490,100,24491.65,200,25,1088100
NIFTY-II.NFO,05/08/2024,10:03:22,24493.8,24490,100,24493.8,200,75,1088100
NIFTY-II.NFO,05/08/2024,10:03:24,24491.75,24490,75,24491.4,275,50,1088100
NIFTY-II.NFO,05/08/2024,10:03:26,24490,24485.05,100,24490.2,275,75,1088100
NIFTY-II.NFO,05/08/2024,10:03:27,24490,24484,75,24487.45,50,0,1088100
NIFTY-II.NFO,05/08/2024,10:03:29,24482.05,24480.5,25,24484.55,275,150,1088100
NIFTY-II.NFO,05/08/2024,10:03:31,24482.05,24480.5,25,24484.55,125,0,1088100
NIFTY-II.NFO,05/08/2024,10:03:32,24482.95,24480.5,25,24483.5,250,75,1088100
NIFTY-II.NFO,05/08/2024,10:03:34,24480.5,24480.35,25,24483.5,250,25,1088100
NIFTY-II.NFO,05/08/2024,10:03:36,24480.5,24480.5,25,24482.45,250,0,1088100
NIFTY-II.NFO,05/08/2024,10:03:37,24480,24478.95,25,24480,175,300,1088100
NIFTY-II.NFO,05/08/2024,10:03:39,24478.95,24475,150,24477.55,50,25,1088100
NIFTY-II.NFO,05/08/2024,10:03:41,24478.1,24475.05,50,24479.05,150,25,1088100
NIFTY-II.NFO,05/08/2024,10:03:42,24478.1,24475.05,50,24479.45,150,0,1088100
NIFTY-II.NFO,05/08/2024,10:03:44,24476.5,24475,150,24475.95,100,50,1090900
NIFTY-II.NFO,05/08/2024,10:03:46,24475.4,24475,50,24475.75,125,25,1090900
NIFTY-II.NFO,05/08/2024,10:03:48,24475,24471.75,50,24476,75,50,1090900
NIFTY-II.NFO,05/08/2024,10:03:49,24470.45,24470.05,200,24475.4,200,150,1090900
NIFTY-II.NFO,05/08/2024,10:03:51,24470.45,24470.15,200,24474.65,100,0,1090900
NIFTY-II.NFO,05/08/2024,10:03:53,24470.45,24470.05,225,24475.35,175,0,1090900
NIFTY-II.NFO,05/08/2024,10:03:54,24470.45,24471.35,50,24476.4,100,0,1090900
NIFTY-II.NFO,05/08/2024,10:03:56,24470.45,24470.95,50,24476,100,0,1090900
NIFTY-II.NFO,05/08/2024,10:03:58,24470.45,24471.35,200,24475,25,0,1090900
NIFTY-II.NFO,05/08/2024,10:03:59,24470.45,24470.3,75,24475.1,175,0,1090900
NIFTY-II.NFO,05/08/2024,10:04:01,24471.45,24473.05,25,24478,100,25,1090900
NIFTY-II.NFO,05/08/2024,10:04:03,24470.4,24470.55,175,24475.75,200,275,1090900
NIFTY-II.NFO,05/08/2024,10:04:04,24470.3,24470.05,175,24474.8,200,25,1090900
NIFTY-II.NFO,05/08/2024,10:04:06,24470.3,24471.25,175,24474.05,25,0,1090900
NIFTY-II.NFO,05/08/2024,10:04:08,24476.55,24471.7,50,24477.15,175,50,1090900
NIFTY-II.NFO,05/08/2024,10:04:09,24476.55,24470,175,24473.85,225,0,1090900
NIFTY-II.NFO,05/08/2024,10:04:11,24476.55,24470,175,24474.3,250,0,1090900
NIFTY-II.NFO,05/08/2024,10:04:13,24476.55,24470,175,24473.3,250,0,1090900
NIFTY-II.NFO,05/08/2024,10:04:14,24476.55,24470,175,24473.4,175,0,1090900
NIFTY-II.NFO,05/08/2024,10:04:16,24473.45,24470.55,200,24474.95,150,25,1090900
NIFTY-II.NFO,05/08/2024,10:04:18,24470.4,24471,125,24474.95,25,50,1090900
NIFTY-II.NFO,05/08/2024,10:04:19,24474.9,24470.35,50,24474.95,125,75,1090900
NIFTY-II.NFO,05/08/2024,10:04:21,24474.9,24470.3,25,24474.75,125,0,1090900
NIFTY-II.NFO,05/08/2024,10:04:22,24474.9,24471.3,250,24474.95,25,25,1090900
NIFTY-II.NFO,05/08/2024,10:04:24,24474.9,24471.3,250,24474.95,100,0,1090900
NIFTY-II.NFO,05/08/2024,10:04:26,24474.9,24470.8,125,24474.85,100,0,1090900
NIFTY-II.NFO,05/08/2024,10:04:27,24474.95,24470.4,250,24474.75,75,25,1090900
NIFTY-II.NFO,05/08/2024,10:04:29,24474.95,24471.15,250,24472,25,0,1090900
NIFTY-II.NFO,05/08/2024,10:04:31,24474.95,24470.3,25,24472,25,0,1090900
NIFTY-II.NFO,05/08/2024,10:04:32,24474.95,24470.3,25,24471.05,25,0,1090900
NIFTY-II.NFO,05/08/2024,10:04:36,24470.3,24470,200,24472.25,50,275,1090900
NIFTY-II.NFO,05/08/2024,10:04:37,24468.45,24463.4,50,24468,50,225,1090900
NIFTY-II.NFO,05/08/2024,10:04:39,24468.45,24462.3,125,24467.55,125,0,1090900
NIFTY-II.NFO,05/08/2024,10:04:41,24467.45,24464.1,250,24467.45,25,150,1090900
NIFTY-II.NFO,05/08/2024,10:04:42,24467.45,24464,125,24468.8,25,0,1090900
NIFTY-II.NFO,05/08/2024,10:04:44,24469.5,24465.4,125,24469.6,25,25,1090900
NIFTY-II.NFO,05/08/2024,10:04:46,24469.5,24466.6,125,24470.95,25,0,1090900
NIFTY-II.NFO,05/08/2024,10:04:47,24465.9,24465.1,125,24470.6,75,225,1090900
NIFTY-II.NFO,05/08/2024,10:04:49,24465.2,24463.45,125,24467,25,250,1090900
NIFTY-II.NFO,05/08/2024,10:04:51,24465.2,24464.1,125,24467,25,0,1090900
NIFTY-II.NFO,05/08/2024,10:04:52,24465.2,24465.2,125,24469.45,50,0,1090900
NIFTY-II.NFO,05/08/2024,10:04:54,24465.2,24465.95,125,24469.5,125,0,1090900
NIFTY-II.NFO,05/08/2024,10:04:56,24465.2,24467.65,125,24469.5,125,0,1090900
NIFTY-II.NFO,05/08/2024,10:04:57,24469.5,24467.75,125,24469.5,50,75,1090900
NIFTY-II.NFO,05/08/2024,10:04:59,24469.5,24466.4,125,24469.5,50,0,1090900
NIFTY-II.NFO,05/08/2024,10:05:01,24469.5,24465.7,125,24469.45,25,0,1090900
NIFTY-II.NFO,05/08/2024,10:05:02,24469.45,24467.25,50,24469.5,50,25,1090900
NIFTY-II.NFO,05/08/2024,10:05:04,24467,24465.2,25,24468.45,50,525,1090900
NIFTY-II.NFO,05/08/2024,10:05:06,24467,24465.2,25,24468.5,300,0,1090900
NIFTY-II.NFO,05/08/2024,10:05:07,24467,24465.2,25,24467.45,75,0,1090900
NIFTY-II.NFO,05/08/2024,10:05:09,24465.2,24465,25,24466,75,25,1090900
NIFTY-II.NFO,05/08/2024,10:05:11,24465,24462,25,24464.7,50,25,1090900
NIFTY-II.NFO,05/08/2024,10:05:12,24465,24462,25,24463,25,0,1090900
NIFTY-II.NFO,05/08/2024,10:05:14,24463,24460.45,25,24464,50,125,1090900
NIFTY-II.NFO,05/08/2024,10:05:16,24463,24460.45,25,24463,100,0,1090900
NIFTY-II.NFO,05/08/2024,10:05:17,24462.85,24458,25,24462,125,250,1090900
NIFTY-II.NFO,05/08/2024,10:05:19,24462,24458,25,24460.85,125,25,1090900
NIFTY-II.NFO,05/08/2024,10:05:21,24459.65,24458,25,24459.95,325,150,1090900
NIFTY-II.NFO,05/08/2024,10:05:22,24459.75,24456,25,24459.6,300,75,1090900
NIFTY-II.NFO,05/08/2024,10:05:24,24459.7,24456,25,24458,25,1100,1090900
NIFTY-II.NFO,05/08/2024,10:05:26,24459.7,24456,25,24458,25,0,1090900
NIFTY-II.NFO,05/08/2024,10:05:27,24457.65,24455,350,24457.1,50,125,1090900
NIFTY-II.NFO,05/08/2024,10:05:29,24456.35,24455,350,24456.3,75,50,1090900
NIFTY-II.NFO,05/08/2024,10:05:31,24455,24452.1,25,24456,1800,350,1090900
NIFTY-II.NFO,05/08/2024,10:05:32,24455,24452.1,100,24456,1800,0,1090900
NIFTY-II.NFO,05/08/2024,10:05:34,24454.7,24452.35,125,24455,25,50,1090900
NIFTY-II.NFO,05/08/2024,10:05:36,24456,24452.15,125,24456,1575,250,1090900
NIFTY-II.NFO,05/08/2024,10:05:37,24456,24452.1,25,24455,100,0,1090900
NIFTY-II.NFO,05/08/2024,10:05:39,24452,24451.95,25,24454.85,50,75,1090900
NIFTY-II.NFO,05/08/2024,10:05:41,24455,24451.7,50,24456,1575,300,1090900
NIFTY-II.NFO,05/08/2024,10:05:42,24455,24451.15,25,24455,50,0,1090900
NIFTY-II.NFO,05/08/2024,10:05:44,24455,24451.15,25,24454.7,50,0,1090900
NIFTY-II.NFO,05/08/2024,10:05:46,24451,24451,25,24452.1,125,75,1090900
NIFTY-II.NFO,05/08/2024,10:05:47,24451,24450,1075,24452.1,125,25,1090900
NIFTY-II.NFO,05/08/2024,10:05:49,24451,24451,25,24452.1,125,0,1090900
NIFTY-II.NFO,05/08/2024,10:05:51,24450,24450,800,24450.1,25,325,1090900
NIFTY-II.NFO,05/08/2024,10:05:52,24450,24450,600,24450.1,25,200,1090900
NIFTY-II.NFO,05/08/2024,10:05:54,24450,24450,600,24450.1,25,0,1090900
NIFTY-II.NFO,05/08/2024,10:05:56,24445,24442.05,325,24445,150,750,1090900
NIFTY-II.NFO,05/08/2024,10:05:57,24442,24442,50,24444.95,50,50,1090900
NIFTY-II.NFO,05/08/2024,10:05:59,24442,24442,25,24445.25,50,50,1090900
NIFTY-II.NFO,05/08/2024,10:06:01,24446.2,24443.75,200,24447.75,25,50,1090900
NIFTY-II.NFO,05/08/2024,10:06:03,24450,24444.35,275,24449.1,25,125,1090900
NIFTY-II.NFO,05/08/2024,10:06:04,24450,24446.95,125,24450,25,0,1090900
NIFTY-II.NFO,05/08/2024,10:06:06,24450.1,24447.1,50,24451,25,50,1090900
NIFTY-II.NFO,05/08/2024,10:06:08,24443.65,24443.55,75,24448.6,25,1925,1090900
NIFTY-II.NFO,05/08/2024,10:06:09,24443.65,24446.6,75,24451,50,0,1090900
NIFTY-II.NFO,05/08/2024,10:06:11,24443.65,24444.9,75,24450.3,200,0,1090900
NIFTY-II.NFO,05/08/2024,10:06:13,24445.4,24445.2,50,24450.45,200,200,1090900
NIFTY-II.NFO,05/08/2024,10:06:14,24445.4,24446.8,250,24450.95,25,0,1090900
NIFTY-II.NFO,05/08/2024,10:06:16,24445.4,24446.3,250,24450.95,200,0,1090900
NIFTY-II.NFO,05/08/2024,10:06:18,24446.1,24444.85,125,24449.65,200,50,1090900
NIFTY-II.NFO,05/08/2024,10:06:19,24446.1,24443.65,650,24447.75,275,0,1090900
NIFTY-II.NFO,05/08/2024,10:06:21,24443.65,24442,50,24443.6,125,725,1090900
NIFTY-II.NFO,05/08/2024,10:06:22,24441,24438.95,25,24440.75,50,325,1090900
NIFTY-II.NFO,05/08/2024,10:06:24,24438.95,24435.05,75,24439.3,75,225,1090900
NIFTY-II.NFO,05/08/2024,10:06:26,24440.9,24435.05,100,24439.25,75,50,1090900
NIFTY-II.NFO,05/08/2024,10:06:27,24440.9,24435.05,100,24439.8,200,0,1090900
NIFTY-II.NFO,05/08/2024,10:06:29,24440.25,24437.35,25,24442,25,200,1090900
NIFTY-II.NFO,05/08/2024,10:06:31,24441.3,24436.15,125,24441.7,200,25,1090900
NIFTY-II.NFO,05/08/2024,10:06:32,24436.05,24435.95,25,24441.3,275,25,1090900
NIFTY-II.NFO,05/08/2024,10:06:34,24442.3,24437.45,275,24442.05,25,250,1090900
NIFTY-II.NFO,05/08/2024,10:06:36,24440,24436.3,275,24440,25,25,1090900
NIFTY-II.NFO,05/08/2024,10:06:37,24440,24440,25,24441.45,25,25,1090900
NIFTY-II.NFO,05/08/2024,10:06:39,24440,24441.05,25,24442.9,25,0,1090900
NIFTY-II.NFO,05/08/2024,10:06:41,24439.75,24439.55,150,24444.3,200,125,1090900
NIFTY-II.NFO,05/08/2024,10:06:42,24439.75,24439.45,25,24443.9,200,0,1090900
NIFTY-II.NFO,05/08/2024,10:06:44,24439.75,24437,25,24440.15,200,0,1090900
NIFTY-II.NFO,05/08/2024,10:06:46,24437,24436.05,600,24436.3,200,25,1094075
NIFTY-II.NFO,05/08/2024,10:06:47,24435,24435,50,24435.3,150,750,1094075
NIFTY-II.NFO,05/08/2024,10:06:49,24435.05,24435,50,24438.35,50,150,1094075
NIFTY-II.NFO,05/08/2024,10:06:51,24435.05,24435,50,24437.45,50,25,1094075
NIFTY-II.NFO,05/08/2024,10:06:52,24435.05,24435,50,24436.2,50,0,1094075
NIFTY-II.NFO,05/08/2024,10:06:54,24433.85,24432,50,24434.2,125,75,1094075
NIFTY-II.NFO,05/08/2024,10:06:56,24432.55,24431,125,24432.7,25,525,1094075
NIFTY-II.NFO,05/08/2024,10:06:57,24432.55,24431,125,24432.6,25,0,1094075
NIFTY-II.NFO,05/08/2024,10:06:59,24432.55,24431,125,24432.4,125,0,1094075
NIFTY-II.NFO,05/08/2024,10:07:01,24425.25,24426.6,100,24430,25,450,1094075
NIFTY-II.NFO,05/08/2024,10:07:02,24434.95,24431.75,50,24435,1750,525,1094075
NIFTY-II.NFO,05/08/2024,10:07:04,24435,24437.35,50,24439.45,25,1750,1094075
NIFTY-II.NFO,05/08/2024,10:07:06,24440.05,24441.45,475,24445.45,1800,950,1094075
NIFTY-II.NFO,05/08/2024,10:07:07,24440.05,24441.05,125,24445.45,1800,0,1094075
NIFTY-II.NFO,05/08/2024,10:07:09,24445.45,24443.4,250,24445.45,1775,25,1094075
NIFTY-II.NFO,05/08/2024,10:07:11,24445.45,24439.85,250,24443.8,200,0,1094075
NIFTY-II.NFO,05/08/2024,10:07:12,24443.85,24439.75,250,24444.15,275,25,1094075
NIFTY-II.NFO,05/08/2024,10:07:14,24443.85,24437.8,250,24441.5,50,0,1094075
NIFTY-II.NFO,05/08/2024,10:07:16,24438.25,24435.4,25,24439.55,50,100,1094075
NIFTY-II.NFO,05/08/2024,10:07:17,24439.6,24435.3,25,24440.25,200,50,1094075
NIFTY-II.NFO,05/08/2024,10:07:19,24439.6,24436.85,25,24439.6,100,0,1094075
NIFTY-II.NFO,05/08/2024,10:07:21,24439.15,24435.85,50,24438.95,25,50,1094075
NIFTY-II.NFO,05/08/2024,10:07:22,24439.15,24435.85,50,24438.95,25,0,1094075
NIFTY-II.NFO,05/08/2024,10:07:24,24439.15,24436.75,425,24439.6,100,0,1094075
NIFTY-II.NFO,05/08/2024,10:07:26,24439.15,24438.85,250,24439.6,100,0,1094075
NIFTY-II.NFO,05/08/2024,10:07:27,24438.85,24438.65,250,24439.6,100,75,1094075
NIFTY-II.NFO,05/08/2024,10:07:29,24439.6,24439.15,175,24440,1775,100,1094075
NIFTY-II.NFO,05/08/2024,10:07:31,24438.35,24436.8,150,24439.4,75,100,1094075
NIFTY-II.NFO,05/08/2024,10:07:32,24438.35,24435.8,175,24439.45,200,0,1094075
NIFTY-II.NFO,05/08/2024,10:07:34,24438.35,24435.75,150,24438.8,200,0,1094075
NIFTY-II.NFO,05/08/2024,10:07:36,24440,24438,150,24440,1650,200,1094075
NIFTY-II.NFO,05/08/2024,10:07:37,24440,24438.25,250,24440,1650,0,1094075
NIFTY-II.NFO,05/08/2024,10:07:39,24440,24436.5,150,24439.35,200,0,1094075
NIFTY-II.NFO,05/08/2024,10:07:41,24434.85,24432.45,175,24435.8,275,25,1094075
NIFTY-II.NFO,05/08/2024,10:07:42,24434.6,24431,25,24433.95,25,25,1094075
NIFTY-II.NFO,05/08/2024,10:07:44,24433.15,24431.45,75,24436.3,275,50,1094075
NIFTY-II.NFO,05/08/2024,10:07:46,24433.15,24430.65,50,24433,50,0,1094075
NIFTY-II.NFO,05/08/2024,10:07:47,24433.15,24431.15,125,24433,25,0,1094075
NIFTY-II.NFO,05/08/2024,10:07:49,24433.15,24430,125,24433.9,275,0,1094075
NIFTY-II.NFO,05/08/2024,10:07:51,24433.15,24430,125,24434,50,0,1094075
NIFTY-II.NFO,05/08/2024,10:07:52,24432.6,24430,125,24433,25,25,1094075
NIFTY-II.NFO,05/08/2024,10:07:54,24430,24430,75,24433,25,75,1094075
NIFTY-II.NFO,05/08/2024,10:07:56,24433.95,24431.7,125,24435.05,25,25,1094075
NIFTY-II.NFO,05/08/2024,10:07:57,24433.95,24430,75,24433,200,0,1094075
NIFTY-II.NFO,05/08/2024,10:07:59,24433.8,24430,75,24433.9,275,50,1094075
NIFTY-II.NFO,05/08/2024,10:08:01,24433.8,24430.55,100,24436.45,250,0,1094075
NIFTY-II.NFO,05/08/2024,10:08:02,24430.55,24430.45,100,24433,1800,25,1094075
NIFTY-II.NFO,05/08/2024,10:08:04,24433,24430.25,250,24433,1725,75,1094075
NIFTY-II.NFO,05/08/2024,10:08:06,24433,24430.05,75,24433,1675,50,1094075
NIFTY-II.NFO,05/08/2024,10:08:07,24433,24431.05,125,24433,1675,0,1094075
NIFTY-II.NFO,05/08/2024,10:08:09,24433,24434.45,125,24439.55,200,1675,1094075
NIFTY-II.NFO,05/08/2024,10:08:11,24433,24435.8,125,24440,1675,0,1094075
NIFTY-II.NFO,05/08/2024,10:08:12,24436.9,24438.05,150,24440,1650,25,1094075
NIFTY-II.NFO,05/08/2024,10:08:14,24440,24438.35,125,24440,1550,100,1094075
NIFTY-II.NFO,05/08/2024,10:08:16,24437.95,24437.55,50,24440,1550,25,1094075
NIFTY-II.NFO,05/08/2024,10:08:17,24440,24438.25,125,24440,1525,25,1094075
NIFTY-II.NFO,05/08/2024,10:08:19,24436.3,24434.25,75,24439,275,50,1094075
NIFTY-II.NFO,05/08/2024,10:08:20,24439.8,24434.8,125,24439.95,275,75,1094075
NIFTY-II.NFO,05/08/2024,10:08:22,24439.8,24435.7,125,24440,1525,0,1094075
NIFTY-II.NFO,05/08/2024,10:08:24,24439.8,24434.65,75,24439.3,200,0,1094075
NIFTY-II.NFO,05/08/2024,10:08:25,24439.8,24435.95,75,24440,1525,0,1094075
NIFTY-II.NFO,05/08/2024,10:08:27,24439.8,24437.4,25,24439.95,200,0,1094075
NIFTY-II.NFO,05/08/2024,10:08:29,24440,24437.5,125,24440,1500,25,1094075
NIFTY-II.NFO,05/08/2024,10:08:30,24435.05,24434.75,125,24438.85,200,50,1094075
NIFTY-II.NFO,05/08/2024,10:08:32,24435.05,24434.75,125,24439,200,0,1094075
NIFTY-II.NFO,05/08/2024,10:08:33,24436.2,24438.85,25,24440,1525,25,1094075
NIFTY-II.NFO,05/08/2024,10:08:35,24436.2,24438.85,25,24440,1525,0,1094075
NIFTY-II.NFO,05/08/2024,10:08:38,24438.85,24437.9,125,24440,1375,175,1094075
NIFTY-II.NFO,05/08/2024,10:08:40,24438.85,24437.9,125,24440,1375,0,1094075
NIFTY-II.NFO,05/08/2024,10:08:42,24435.45,24435.45,300,24439.35,200,300,1094075
NIFTY-II.NFO,05/08/2024,10:08:43,24439.55,24436.25,100,24440,1375,25,1094075
NIFTY-II.NFO,05/08/2024,10:08:45,24439.55,24437.35,25,24440,1375,0,1094075
NIFTY-II.NFO,05/08/2024,10:08:46,24439.55,24439.2,100,24440,1375,0,1094075
NIFTY-II.NFO,05/08/2024,10:08:48,24440,24439.7,250,24440,1100,275,1094075
NIFTY-II.NFO,05/08/2024,10:08:50,24440,24439.05,250,24440,1100,0,1094075
NIFTY-II.NFO,05/08/2024,10:08:51,24440,24439.55,25,24440,1100,0,1094075
NIFTY-II.NFO,05/08/2024,10:08:56,24439.55,24436.65,100,24440,1100,25,1094075
NIFTY-II.NFO,05/08/2024,10:08:58,24440,24436.4,50,24440,125,975,1094075
NIFTY-II.NFO,05/08/2024,10:08:59,24440,24435.5,100,24439.85,200,0,1094075
NIFTY-II.NFO,05/08/2024,10:09:01,24435,24436.65,25,24439.3,125,825,1094075
NIFTY-II.NFO,05/08/2024,10:09:03,24435,24436.65,25,24440.2,200,0,1094075
NIFTY-II.NFO,05/08/2024,10:09:04,24435,24436.65,25,24438.35,125,0,1094075
NIFTY-II.NFO,05/08/2024,10:09:06,24436.65,24435,250,24436.65,50,25,1094075
NIFTY-II.NFO,05/08/2024,10:09:08,24435,24435,200,24438.05,50,50,1094075
NIFTY-II.NFO,05/08/2024,10:09:09,24435,24435.05,100,24439.15,125,0,1094075
NIFTY-II.NFO,05/08/2024,10:09:11,24437.6,24435,200,24437.95,200,25,1094075
NIFTY-II.NFO,05/08/2024,10:09:12,24437.6,24435,200,24437.95,50,0,1094075
NIFTY-II.NFO,05/08/2024,10:09:14,24437.6,24435.15,50,24439.45,200,0,1094075
NIFTY-II.NFO,05/08/2024,10:09:16,24437.6,24435,200,24438.75,50,0,1094075
NIFTY-II.NFO,05/08/2024,10:09:17,24438.95,24435,200,24438.55,225,175,1094075
NIFTY-II.NFO,05/08/2024,10:09:19,24438.95,24436.65,250,24440,1825,0,1094075
NIFTY-II.NFO,05/08/2024,10:09:21,24438.95,24438.95,100,24440,1800,0,1094075
NIFTY-II.NFO,05/08/2024,10:09:24,24439.95,24438.95,100,24439.95,125,25,1094075
NIFTY-II.NFO,05/08/2024,10:09:26,24439.95,24439.65,250,24440,1800,0,1094075
NIFTY-II.NFO,05/08/2024,10:09:27,24440,24439.6,250,24440,1775,25,1094075
NIFTY-II.NFO,05/08/2024,10:09:29,24440,24439.55,250,24445.2,125,1775,1094075
NIFTY-II.NFO,05/08/2024,10:09:31,24440,24441.45,100,24446,125,0,1094075
NIFTY-II.NFO,05/08/2024,10:09:32,24440,24441.55,100,24446,125,0,1094075
NIFTY-II.NFO,05/08/2024,10:09:34,24440.8,24440,75,24444.55,125,25,1094075
NIFTY-II.NFO,05/08/2024,10:09:36,24439.55,24440,50,24443.7,275,200,1094075
NIFTY-II.NFO,05/08/2024,10:09:37,24440,24440,25,24444.15,200,25,1094075
NIFTY-II.NFO,05/08/2024,10:09:39,24440,24440,25,24443.7,200,0,1094075
NIFTY-II.NFO,05/08/2024,10:09:40,24443.7,24440,25,24442.85,200,75,1094075
NIFTY-II.NFO,05/08/2024,10:09:42,24444.1,24440,25,24443,25,25,1094075
NIFTY-II.NFO,05/08/2024,10:09:44,24444.1,24440,25,24442.95,25,0,1094075
NIFTY-II.NFO,05/08/2024,10:09:45,24444.1,24440.05,200,24444.1,25,0,1094075
NIFTY-II.NFO,05/08/2024,10:09:47,24444.1,24440.05,200,24444,25,100,1095200
NIFTY-II.NFO,05/08/2024,10:09:49,24444.1,24440,175,24444,100,0,1095200
NIFTY-II.NFO,05/08/2024,10:09:50,24445,24444.15,200,24445,1550,75,1095200
NIFTY-II.NFO,05/08/2024,10:09:52,24445,24444.8,75,24445,1400,250,1095200
NIFTY-II.NFO,05/08/2024,10:09:54,24445,24444.35,150,24445,1300,100,1095200
NIFTY-II.NFO,05/08/2024,10:09:55,24445,24444.1,25,24445,1025,300,1095200
NIFTY-II.NFO,05/08/2024,10:09:57,24444.1,24443.45,100,24445,1025,25,1095200
NIFTY-II.NFO,05/08/2024,10:09:59,24445,24443.2,25,24445,825,200,1095200
NIFTY-II.NFO,05/08/2024,10:10:00,24445,24443.2,25,24445,825,0,1095200
NIFTY-II.NFO,05/08/2024,10:10:02,24445,24443.2,25,24445,750,75,1095200
NIFTY-II.NFO,05/08/2024,10:10:04,24444.95,24443.15,25,24445,750,50,1095200
NIFTY-II.NFO,05/08/2024,10:10:05,24445,24443.15,25,24445,600,150,1095200
NIFTY-II.NFO,05/08/2024,10:10:07,24445,24443.15,25,24445,575,25,1095200
NIFTY-II.NFO,05/08/2024,10:10:09,24445,24443.05,75,24445,575,0,1095200
NIFTY-II.NFO,05/08/2024,10:10:10,24445,24444.65,25,24445,150,425,1095200
NIFTY-II.NFO,05/08/2024,10:10:12,24448.9,24444.65,25,24448.8,200,175,1095200
NIFTY-II.NFO,05/08/2024,10:10:14,24448.9,24444.65,25,24449.3,200,0,1095200
NIFTY-II.NFO,05/08/2024,10:10:15,24448.9,24444.4,25,24449.25,200,0,1095200
NIFTY-II.NFO,05/08/2024,10:10:17,24448.9,24445.9,50,24449.9,25,0,1095200
NIFTY-II.NFO,05/08/2024,10:10:19,24450.75,24446.7,75,24450.7,25,275,1095200
NIFTY-II.NFO,05/08/2024,10:10:20,24446.55,24448.2,25,24450.75,25,75,1095200
NIFTY-II.NFO,05/08/2024,10:10:22,24446.55,24446.7,75,24450.95,25,0,1095200
NIFTY-II.NFO,05/08/2024,10:10:24,24451,24447.3,175,24451.75,25,50,1095200
NIFTY-II.NFO,05/08/2024,10:10:25,24451,24447.8,175,24452.85,25,0,1095200
NIFTY-II.NFO,05/08/2024,10:10:27,24451,24449.95,75,24453.8,25,0,1095200
NIFTY-II.NFO,05/08/2024,10:10:29,24450,24449.9,25,24450,1775,25,1095200
NIFTY-II.NFO,05/08/2024,10:10:30,24450,24449.9,25,24450,1750,25,1095200
NIFTY-II.NFO,05/08/2024,10:10:32,24450,24449.9,25,24450,1750,0,1095200
NIFTY-II.NFO,05/08/2024,10:10:34,24450,24449.9,25,24450,1725,25,1095200
NIFTY-II.NFO,05/08/2024,10:10:35,24450,24449.9,25,24450,1625,100,1095200
NIFTY-II.NFO,05/08/2024,10:10:37,24450,24449.9,25,24450,1475,150,1095200
NIFTY-II.NFO,05/08/2024,10:10:39,24450,24449.9,25,24450,1475,0,1095200
NIFTY-II.NFO,05/08/2024,10:10:44,24450,24449.9,25,24450,1450,25,1095200
NIFTY-II.NFO,05/08/2024,10:10:45,24450,24449.9,25,24450,1450,0,1095200
NIFTY-II.NFO,05/08/2024,10:10:47,24450,24446.45,100,24450,1400,50,1095200
NIFTY-II.NFO,05/08/2024,10:10:49,24450,24446.45,100,24450,1250,150,1095200
NIFTY-II.NFO,05/08/2024,10:10:50,24450,24446.95,100,24450,1200,50,1095200
NIFTY-II.NFO,05/08/2024,10:10:52,24450,24446.45,100,24450,1225,0,1095200
NIFTY-II.NFO,05/08/2024,10:10:54,24450,24446.95,100,24450,1175,50,1095200
NIFTY-II.NFO,05/08/2024,10:10:55,24450,24448.45,325,24450,1175,0,1095200
NIFTY-II.NFO,05/08/2024,10:10:57,24450,24446.35,175,24450,1175,0,1095200
NIFTY-II.NFO,05/08/2024,10:10:59,24450,24447.1,325,24450,1175,0,1095200
NIFTY-II.NFO,05/08/2024,10:11:00,24450,24447.05,50,24450,1175,0,1095200
NIFTY-II.NFO,05/08/2024,10:11:02,24450,24447,25,24450,1250,0,1095200
NIFTY-II.NFO,05/08/2024,10:11:04,24450,24447.05,200,24450,1250,0,1095200
NIFTY-II.NFO,05/08/2024,10:11:05,24450,24448.6,100,24450,1250,0,1095200
NIFTY-II.NFO,05/08/2024,10:11:07,24450,24448.1,325,24450,1250,0,1095200
NIFTY-II.NFO,05/08/2024,10:11:09,24450,24447,125,24450,1250,0,1095200
NIFTY-II.NFO,05/08/2024,10:11:12,24447.05,24447,325,24450,1175,75,1095200
NIFTY-II.NFO,05/08/2024,10:11:13,24450,24449.55,100,24450,1150,25,1095200
NIFTY-II.NFO,05/08/2024,10:11:15,24450,24447.95,50,24450,1125,25,1095200
NIFTY-II.NFO,05/08/2024,10:11:17,24450,24447.75,25,24449.95,75,0,1095200
NIFTY-II.NFO,05/08/2024,10:11:18,24450,24447.05,25,24449.05,75,0,1095200
NIFTY-II.NFO,05/08/2024,10:11:20,24447,24445,25,24446.9,75,75,1095200
NIFTY-II.NFO,05/08/2024,10:11:22,24447,24445,25,24445.95,200,0,1095200
NIFTY-II.NFO,05/08/2024,10:11:23,24442.75,24443.75,25,24446.85,50,200,1095200
NIFTY-II.NFO,05/08/2024,10:11:25,24442.75,24443.75,25,24445.8,50,0,1095200
NIFTY-II.NFO,05/08/2024,10:11:27,24442.75,24443.75,25,24446.2,75,0,1095200
NIFTY-II.NFO,05/08/2024,10:11:28,24442.75,24443.75,25,24446.05,75,0,1095200
NIFTY-II.NFO,05/08/2024,10:11:30,24442.75,24440.8,25,24444.35,50,0,1095200
NIFTY-II.NFO,05/08/2024,10:11:32,24442.75,24440.85,200,24445.6,150,0,1095200
NIFTY-II.NFO,05/08/2024,10:11:33,24442.75,24441.85,100,24442.75,25,0,1095200
NIFTY-II.NFO,05/08/2024,10:11:35,24442.75,24441.8,200,24446.45,75,25,1095200
NIFTY-II.NFO,05/08/2024,10:11:37,24442.75,24443.3,275,24448.3,50,0,1095200
NIFTY-II.NFO,05/08/2024,10:11:38,24442.75,24445.2,575,24450,1100,0,1095200
NIFTY-II.NFO,05/08/2024,10:11:40,24442.75,24447.45,75,24450,1100,0,1095200
NIFTY-II.NFO,05/08/2024,10:11:42,24442.75,24446.7,200,24450,1100,0,1095200
NIFTY-II.NFO,05/08/2024,10:11:43,24450,24447.8,75,24450,1050,50,1095200
NIFTY-II.NFO,05/08/2024,10:11:45,24450,24446.55,75,24450,1050,0,1095200
NIFTY-II.NFO,05/08/2024,10:11:46,24450,24448.35,125,24450,1050,0,1095200
NIFTY-II.NFO,05/08/2024,10:11:48,24450,24449.95,75,24450,1050,0,1095200
NIFTY-II.NFO,05/08/2024,10:11:50,24450,24450.7,325,24456,75,1050,1095200
NIFTY-II.NFO,05/08/2024,10:11:51,24450,24454.6,50,24458.65,75,0,1095200
NIFTY-II.NFO,05/08/2024,10:11:53,24450,24454.15,75,24458.6,100,0,1095200
NIFTY-II.NFO,05/08/2024,10:11:55,24457.35,24453.2,125,24457.35,25,50,1095200
NIFTY-II.NFO,05/08/2024,10:11:56,24458.55,24454.75,150,24458.65,25,25,1095200
NIFTY-II.NFO,05/08/2024,10:11:58,24458.65,24452.5,325,24458.6,150,25,1095200
NIFTY-II.NFO,05/08/2024,10:12:00,24458.65,24451.85,100,24457.3,125,0,1095200
NIFTY-II.NFO,05/08/2024,10:12:01,24458.65,24450.2,100,24453.25,800,0,1095200
NIFTY-II.NFO,05/08/2024,10:12:03,24449.45,24450.5,75,24453.25,625,225,1095200
NIFTY-II.NFO,05/08/2024,10:12:05,24449.45,24451.8,75,24453.25,625,0,1095200
NIFTY-II.NFO,05/08/2024,10:12:06,24451.45,24451.3,50,24453.25,625,500,1095200
NIFTY-II.NFO,05/08/2024,10:12:08,24451.45,24450.85,225,24453.25,625,0,1095200
NIFTY-II.NFO,05/08/2024,10:12:09,24451.45,24450,25,24453.25,625,0,1095200
NIFTY-II.NFO,05/08/2024,10:12:11,24453.25,24450,25,24453.1,200,125,1095200
NIFTY-II.NFO,05/08/2024,10:12:13,24453.25,24450,25,24453.2,200,0,1095200
NIFTY-II.NFO,05/08/2024,10:12:14,24453.25,24450,25,24453.25,500,0,1095200
NIFTY-II.NFO,05/08/2024,10:12:16,24452.75,24450,25,24453.2,200,25,1095200
NIFTY-II.NFO,05/08/2024,10:12:18,24452.75,24451.45,25,24453.25,500,0,1095200
NIFTY-II.NFO,05/08/2024,10:12:21,24452.75,24451.45,25,24453.2,200,0,1095200
NIFTY-II.NFO,05/08/2024,10:12:24,24451.45,24450,25,24451.4,175,50,1095200
NIFTY-II.NFO,05/08/2024,10:12:26,24450,24445.1,200,24449.45,175,50,1095200
NIFTY-II.NFO,05/08/2024,10:12:28,24449.45,24446.05,25,24448.4,50,50,1095200
NIFTY-II.NFO,05/08/2024,10:12:29,24449.45,24446.05,25,24448.7,125,0,1095200
NIFTY-II.NFO,05/08/2024,10:12:31,24446.75,24442.75,25,24445.8,50,500,1095200
NIFTY-II.NFO,05/08/2024,10:12:33,24446.6,24443.05,100,24447.45,50,25,1095200
NIFTY-II.NFO,05/08/2024,10:12:34,24446.6,24442.75,25,24445.9,50,0,1095200
NIFTY-II.NFO,05/08/2024,10:12:36,24445.85,24442.75,25,24445.3,50,50,1095200
NIFTY-II.NFO,05/08/2024,10:12:38,24445.85,24442.75,25,24444.1,50,0,1095200
NIFTY-II.NFO,05/08/2024,10:12:39,24444.65,24442.75,25,24443.2,50,25,1095200
NIFTY-II.NFO,05/08/2024,10:12:41,24442.75,24440.8,25,24441.95,200,25,1095200
NIFTY-II.NFO,05/08/2024,10:12:43,24442.75,24440.8,25,24443,200,0,1095200
NIFTY-II.NFO,05/08/2024,10:12:44,24441,24440,100,24440.75,200,50,1095200
NIFTY-II.NFO,05/08/2024,10:12:46,24441.45,24440,100,24441.45,200,50,1096375
NIFTY-II.NFO,05/08/2024,10:12:48,24441.45,24440,100,24441.45,200,0,1096375
NIFTY-II.NFO,05/08/2024,10:12:49,24440,24436.05,200,24440.05,200,75,1096375
NIFTY-II.NFO,05/08/2024,10:12:51,24440,24436.1,25,24439.95,50,0,1096375
NIFTY-II.NFO,05/08/2024,10:12:53,24435.9,24435.25,100,24438.8,50,25,1096375
NIFTY-II.NFO,05/08/2024,10:12:54,24435.9,24435.6,150,24440,25,0,1096375
NIFTY-II.NFO,05/08/2024,10:12:56,24439.5,24435,250,24438.55,200,25,1096375
NIFTY-II.NFO,05/08/2024,10:12:58,24433.95,24434.35,100,24438.05,50,500,1096375
NIFTY-II.NFO,05/08/2024,10:12:59,24433.7,24433.75,100,24436.75,50,50,1096375
NIFTY-II.NFO,05/08/2024,10:13:01,24439.75,24435.55,25,24439.4,50,25,1096375
NIFTY-II.NFO,05/08/2024,10:13:03,24439.75,24434.9,50,24439,50,0,1096375
NIFTY-II.NFO,05/08/2024,10:13:04,24440.3,24435.9,50,24439.55,200,50,1096375
NIFTY-II.NFO,05/08/2024,10:13:06,24435.5,24434.05,200,24438.05,275,25,1096375
NIFTY-II.NFO,05/08/2024,10:13:08,24435.5,24434.35,125,24439.25,275,0,1096375
NIFTY-II.NFO,05/08/2024,10:13:09,24435.5,24434.95,100,24439.5,200,0,1096375
NIFTY-II.NFO,05/08/2024,10:13:11,24435.5,24435.25,50,24439.2,50,0,1096375
NIFTY-II.NFO,05/08/2024,10:13:13,24435.5,24435.55,25,24439.6,200,0,1096375
NIFTY-II.NFO,05/08/2024,10:13:14,24435.5,24436.4,200,24439.75,25,0,1096375
NIFTY-II.NFO,05/08/2024,10:13:16,24435.5,24437.55,200,24439.75,25,0,1096375
NIFTY-II.NFO,05/08/2024,10:13:18,24439.75,24440.25,200,24442,100,25,1096375
NIFTY-II.NFO,05/08/2024,10:13:19,24443.85,24440.25,100,24445.45,275,150,1096375
NIFTY-II.NFO,05/08/2024,10:13:21,24442.15,24441,25,24446,275,200,1096375
NIFTY-II.NFO,05/08/2024,10:13:23,24442,24442.25,100,24446.85,275,500,1096375
NIFTY-II.NFO,05/08/2024,10:13:24,24442,24442.55,50,24447.05,275,0,1096375
NIFTY-II.NFO,05/08/2024,10:13:26,24442,24443.85,50,24448.65,200,0,1096375
NIFTY-II.NFO,05/08/2024,10:13:28,24442,24443.65,50,24449.2,200,0,1096375
NIFTY-II.NFO,05/08/2024,10:13:29,24442,24447.55,50,24452.75,275,0,1096375
NIFTY-II.NFO,05/08/2024,10:13:31,24442,24446.65,50,24451.8,200,0,1096375
NIFTY-II.NFO,05/08/2024,10:13:33,24442,24447,250,24451.75,200,0,1096375
NIFTY-II.NFO,05/08/2024,10:13:34,24446.3,24446.3,25,24450.95,275,125,1096375
NIFTY-II.NFO,05/08/2024,10:13:36,24446.3,24448.3,50,24452.2,25,0,1096375
NIFTY-II.NFO,05/08/2024,10:13:38,24446.3,24447.7,50,24453.05,275,0,1096375
NIFTY-II.NFO,05/08/2024,10:13:39,24446.3,24449.1,50,24453.05,200,0,1096375
NIFTY-II.NFO,05/08/2024,10:13:41,24446.3,24450,25,24452.3,275,0,1096375
NIFTY-II.NFO,05/08/2024,10:13:43,24446.3,24450,25,24452.15,275,0,1096375
NIFTY-II.NFO,05/08/2024,10:13:44,24446.3,24450,25,24452.15,25,0,1096375
NIFTY-II.NFO,05/08/2024,10:13:46,24450,24446.85,50,24450,150,50,1096375
NIFTY-II.NFO,05/08/2024,10:13:48,24449,24449.15,100,24452.15,200,150,1096375
NIFTY-II.NFO,05/08/2024,10:13:49,24453.05,24449.15,100,24453.05,200,25,1096375
NIFTY-II.NFO,05/08/2024,10:13:51,24453.05,24449.25,100,24452.1,25,0,1096375
NIFTY-II.NFO,05/08/2024,10:13:53,24453.05,24449.25,100,24452.55,200,0,1096375
NIFTY-II.NFO,05/08/2024,10:13:56,24453.05,24450.15,100,24452.85,200,0,1096375
NIFTY-II.NFO,05/08/2024,10:13:58,24453.05,24450.15,100,24453.85,275,0,1096375
NIFTY-II.NFO,05/08/2024,10:13:59,24453.05,24449.2,100,24453.5,275,0,1096375
NIFTY-II.NFO,05/08/2024,10:14:01,24453.05,24446.75,150,24451.4,275,0,1096375
NIFTY-II.NFO,05/08/2024,10:14:03,24453.05,24446.85,100,24451.2,250,0,1096375
NIFTY-II.NFO,05/08/2024,10:14:04,24453.05,24446.15,50,24450.8,275,0,1096375
NIFTY-II.NFO,05/08/2024,10:14:06,24453.05,24446.65,100,24450.2,200,0,1096375
NIFTY-II.NFO,05/08/2024,10:14:08,24450.55,24448.6,50,24452.95,200,50,1096375
NIFTY-II.NFO,05/08/2024,10:14:09,24450.55,24450.15,100,24453,200,0,1096375
NIFTY-II.NFO,05/08/2024,10:14:11,24451.85,24452.6,75,24453,200,25,1096375
NIFTY-II.NFO,05/08/2024,10:14:13,24454,24453.85,175,24457.7,25,475,1096375
NIFTY-II.NFO,05/08/2024,10:14:14,24454,24451.5,175,24457.1,275,0,1096375
NIFTY-II.NFO,05/08/2024,10:14:16,24454,24453.05,175,24457.45,200,0,1096375
NIFTY-II.NFO,05/08/2024,10:14:18,24454,24453,25,24457.1,275,0,1096375
NIFTY-II.NFO,05/08/2024,10:14:19,24454,24453,25,24456.05,200,0,1096375
NIFTY-II.NFO,05/08/2024,10:14:21,24454,24452.05,175,24456.15,25,0,1096375
NIFTY-II.NFO,05/08/2024,10:14:23,24454,24451.55,175,24456.65,275,0,1096375
NIFTY-II.NFO,05/08/2024,10:14:24,24454,24450.65,225,24456.35,75,0,1096375
NIFTY-II.NFO,05/08/2024,10:14:26,24454,24450.75,200,24455.15,25,0,1096375
NIFTY-II.NFO,05/08/2024,10:14:27,24454,24451.5,175,24456.1,200,0,1096375
NIFTY-II.NFO,05/08/2024,10:14:29,24451.1,24451.2,150,24456.45,275,175,1096375
NIFTY-II.NFO,05/08/2024,10:14:31,24451.1,24452.25,100,24456.55,200,0,1096375
NIFTY-II.NFO,05/08/2024,10:14:32,24456.6,24452.3,100,24457.1,25,25,1096375
NIFTY-II.NFO,05/08/2024,10:14:34,24456.6,24453,100,24457.4,50,0,1096375
NIFTY-II.NFO,05/08/2024,10:14:36,24457.25,24452.3,175,24457.65,275,50,1096375
NIFTY-II.NFO,05/08/2024,10:14:37,24457.25,24452.95,125,24458.05,200,0,1096375
NIFTY-II.NFO,05/08/2024,10:14:39,24457.7,24452.95,200,24457.7,125,150,1096375
NIFTY-II.NFO,05/08/2024,10:14:41,24457.7,24452.9,100,24458.05,200,0,1096375
NIFTY-II.NFO,05/08/2024,10:14:42,24455.95,24451.25,100,24455.95,150,50,1096375
NIFTY-II.NFO,05/08/2024,10:14:44,24455.95,24451.25,100,24455.45,150,0,1096375
NIFTY-II.NFO,05/08/2024,10:14:46,24455.95,24451.4,200,24456.1,25,0,1096375
NIFTY-II.NFO,05/08/2024,10:14:47,24455.95,24451.85,200,24457.3,150,0,1096375
NIFTY-II.NFO,05/08/2024,10:14:49,24456.55,24450.75,25,24454.75,125,25,1096375
NIFTY-II.NFO,05/08/2024,10:14:51,24456.55,24450.75,25,24453.45,50,0,1096375
NIFTY-II.NFO,05/08/2024,10:14:52,24456.55,24450,175,24451.7,25,0,1096375
NIFTY-II.NFO,05/08/2024,10:14:54,24450,24446.05,25,24450.05,50,175,1096375
NIFTY-II.NFO,05/08/2024,10:14:56,24450,24447.4,200,24451.55,50,0,1096375
NIFTY-II.NFO,05/08/2024,10:14:57,24450,24447.4,200,24452.2,50,0,1096375
NIFTY-II.NFO,05/08/2024,10:14:59,24452.2,24447.7,200,24453,50,25,1096375
NIFTY-II.NFO,05/08/2024,10:15:01,24452.2,24447.4,200,24452.35,125,0,1096375
NIFTY-II.NFO,05/08/2024,10:15:02,24452.2,24449.35,100,24451.95,50,0,1096375
NIFTY-II.NFO,05/08/2024,10:15:04,24452.2,24449.2,100,24452.25,50,0,1096375
NIFTY-II.NFO,05/08/2024,10:15:06,24452.2,24445.6,200,24450.95,125,0,1096375
NIFTY-II.NFO,05/08/2024,10:15:07,24452.2,24447.4,25,24450.2,50,0,1096375
NIFTY-II.NFO,05/08/2024,10:15:09,24450.2,24447.4,25,24449.65,50,100,1096375
NIFTY-II.NFO,05/08/2024,10:15:11,24451.75,24450,175,24451.75,25,475,1096375
NIFTY-II.NFO,05/08/2024,10:15:12,24451.75,24450,175,24451.9,25,0,1096375
NIFTY-II.NFO,05/08/2024,10:15:14,24451.75,24450,175,24454.3,75,0,1096375
NIFTY-II.NFO,05/08/2024,10:15:16,24451.75,24450,175,24452.1,125,150,1096375
NIFTY-II.NFO,05/08/2024,10:15:17,24451.75,24450,175,24451.25,50,0,1096375
NIFTY-II.NFO,05/08/2024,10:15:19,24451.75,24450,175,24450.3,25,0,1096375
NIFTY-II.NFO,05/08/2024,10:15:21,24450,24450,125,24451.05,50,75,1096375
NIFTY-II.NFO,05/08/2024,10:15:22,24450,24445.45,25,24447.95,50,125,1096375
NIFTY-II.NFO,05/08/2024,10:15:24,24448.4,24445.45,25,24448.5,50,100,1096375
NIFTY-II.NFO,05/08/2024,10:15:26,24448.3,24445.45,25,24447.3,50,25,1096375
NIFTY-II.NFO,05/08/2024,10:15:27,24448.3,24445.45,25,24447.05,50,0,1096375
NIFTY-II.NFO,05/08/2024,10:15:29,24448.3,24445.45,25,24447.3,25,0,1096375
NIFTY-II.NFO,05/08/2024,10:15:32,24448.3,24445.45,25,24449.75,25,0,1096375
NIFTY-II.NFO,05/08/2024,10:15:34,24448.3,24447.55,25,24449.65,25,0,1096375
NIFTY-II.NFO,05/08/2024,10:15:35,24448.3,24447.55,25,24449.5,50,0,1096375
NIFTY-II.NFO,05/08/2024,10:15:37,24447.55,24445.45,25,24448.1,125,25,1096375
NIFTY-II.NFO,05/08/2024,10:15:39,24447.55,24445.45,25,24447.8,125,0,1096375
NIFTY-II.NFO,05/08/2024,10:15:40,24447.55,24445.45,25,24446.55,50,0,1096375
NIFTY-II.NFO,05/08/2024,10:15:42,24445.45,24442.9,100,24445.05,50,25,1096375
NIFTY-II.NFO,05/08/2024,10:15:44,24445.45,24442.8,100,24445.1,25,0,1096375
NIFTY-II.NFO,05/08/2024,10:15:45,24445.45,24443.9,100,24445.45,50,0,1096375
NIFTY-II.NFO,05/08/2024,10:15:47,24445.45,24443,100,24445.45,50,0,1096375
NIFTY-II.NFO,05/08/2024,10:15:52,24445.45,24442.3,25,24445.3,75,0,1096375
NIFTY-II.NFO,05/08/2024,10:15:53,24445.45,24443.5,100,24444.75,25,0,1096375
NIFTY-II.NFO,05/08/2024,10:15:55,24445.45,24442.65,100,24444.75,25,0,1096375
NIFTY-II.NFO,05/08/2024,10:15:57,24444.8,24443.1,100,24444.7,25,25,1097125
NIFTY-II.NFO,05/08/2024,10:15:58,24444.8,24442.65,100,24444.75,25,0,1097125
NIFTY-II.NFO,05/08/2024,10:16:00,24442.55,24441,200,24444.75,25,25,1097125
NIFTY-II.NFO,05/08/2024,10:16:01,24442.55,24441.1,200,24445.15,25,0,1097125
NIFTY-II.NFO,05/08/2024,10:16:03,24442.55,24441.15,100,24444.75,125,0,1097125
NIFTY-II.NFO,05/08/2024,10:16:05,24442.55,24440.65,25,24443.7,50,0,1097125
NIFTY-II.NFO,05/08/2024,10:16:06,24442.55,24440.65,25,24442.85,125,0,1097125
NIFTY-II.NFO,05/08/2024,10:16:08,24440.65,24440.3,25,24442.1,75,25,1097125
NIFTY-II.NFO,05/08/2024,10:16:10,24440.65,24440.3,25,24442,50,0,1097125
NIFTY-II.NFO,05/08/2024,10:16:11,24440.65,24440.3,25,24442.1,25,0,1097125
NIFTY-II.NFO,05/08/2024,10:16:13,24440.65,24440.3,25,24442.2,25,0,1097125
NIFTY-II.NFO,05/08/2024,10:16:14,24440.65,24440.3,25,24442.65,25,0,1097125
NIFTY-II.NFO,05/08/2024,10:16:16,24440.65,24440.65,175,24441.85,25,0,1097125
NIFTY-II.NFO,05/08/2024,10:16:18,24440.65,24440.65,175,24442.65,25,0,1097125
NIFTY-II.NFO,05/08/2024,10:16:19,24440.65,24441.15,100,24442.9,25,0,1097125
NIFTY-II.NFO,05/08/2024,10:16:21,24440.65,24442.65,25,24445.35,50,0,1097125
NIFTY-II.NFO,05/08/2024,10:16:23,24440.65,24443.35,50,24445.45,75,0,1097125
NIFTY-II.NFO,05/08/2024,10:16:26,24440.65,24443.1,50,24445.45,75,0,1097125
NIFTY-II.NFO,05/08/2024,10:16:28,24440.65,24443.8,100,24445.45,75,0,1097125
NIFTY-II.NFO,05/08/2024,10:16:29,24443.8,24442.65,100,24445.45,75,25,1097125
NIFTY-II.NFO,05/08/2024,10:16:31,24442.65,24442.65,75,24444.8,75,25,1097125
NIFTY-II.NFO,05/08/2024,10:16:33,24442.65,24440.65,175,24441.7,25,0,1097125
NIFTY-II.NFO,05/08/2024,10:16:34,24441.7,24440.65,175,24442.9,25,25,1097125
NIFTY-II.NFO,05/08/2024,10:16:36,24441.7,24440.65,175,24443.15,25,0,1097125
NIFTY-II.NFO,05/08/2024,10:16:38,24441.7,24440.65,175,24444,50,0,1097125
NIFTY-II.NFO,05/08/2024,10:16:39,24443.9,24442.1,50,24444,25,25,1097125
NIFTY-II.NFO,05/08/2024,10:16:41,24443.9,24442.1,50,24445.4,25,0,1097125
NIFTY-II.NFO,05/08/2024,10:16:43,24443.9,24442.65,25,24445.4,25,0,1097125
NIFTY-II.NFO,05/08/2024,10:16:44,24443.9,24443.55,25,24445.35,25,0,1097125
NIFTY-II.NFO,05/08/2024,10:16:46,24443.55,24442.65,25,24445.35,25,25,1097125
NIFTY-II.NFO,05/08/2024,10:16:47,24443.55,24442.65,25,24445.3,25,0,1097125
NIFTY-II.NFO,05/08/2024,10:16:49,24443.55,24442.65,25,24444,350,0,1097125
NIFTY-II.NFO,05/08/2024,10:16:51,24443.5,24441.7,25,24443.75,300,75,1097125
NIFTY-II.NFO,05/08/2024,10:16:52,24443.5,24441.7,25,24443.95,25,0,1097125
NIFTY-II.NFO,05/08/2024,10:16:54,24441.7,24440.65,175,24443.85,25,25,1097125
NIFTY-II.NFO,05/08/2024,10:16:56,24441.7,24440.65,175,24443.75,300,0,1097125
NIFTY-II.NFO,05/08/2024,10:16:57,24440.65,24440.65,150,24443.75,300,25,1097125
NIFTY-II.NFO,05/08/2024,10:16:59,24440.65,24440.9,200,24443.55,25,0,1097125
NIFTY-II.NFO,05/08/2024,10:17:01,24440.65,24440.85,50,24443.55,25,0,1097125
NIFTY-II.NFO,05/08/2024,10:17:02,24440.65,24440.8,50,24443.55,25,0,1097125
NIFTY-II.NFO,05/08/2024,10:17:04,24443.5,24441.75,50,24443.55,25,25,1097125
NIFTY-II.NFO,05/08/2024,10:17:06,24443.8,24441.75,50,24444.75,25,50,1097125
NIFTY-II.NFO,05/08/2024,10:17:07,24443.8,24442.2,50,24445.45,50,0,1097125
NIFTY-II.NFO,05/08/2024,10:17:09,24443.8,24441.65,50,24445.05,25,0,1097125
NIFTY-II.NFO,05/08/2024,10:17:11,24441.45,24441.35,50,24445.25,25,25,1097125
NIFTY-II.NFO,05/08/2024,10:17:13,24444.7,24440.8,50,24442.65,25,25,1097125
NIFTY-II.NFO,05/08/2024,10:17:14,24440.65,24440.65,100,24442.65,25,50,1097125
NIFTY-II.NFO,05/08/2024,10:17:16,24443,24441.2,50,24444.15,25,125,1097125
NIFTY-II.NFO,05/08/2024,10:17:18,24443,24441.2,50,24444.65,25,0,1097125
NIFTY-II.NFO,05/08/2024,10:17:19,24443,24441.6,200,24444.65,25,0,1097125
NIFTY-II.NFO,05/08/2024,10:17:21,24443,24441.3,50,24444.65,25,0,1097125
NIFTY-II.NFO,05/08/2024,10:17:23,24443,24440.65,100,24444.45,150,0,1097125
NIFTY-II.NFO,05/08/2024,10:17:24,24443,24440.65,100,24441.65,25,0,1097125
NIFTY-II.NFO,05/08/2024,10:17:26,24441.65,24440.65,100,24441.65,25,25,1097125
NIFTY-II.NFO,05/08/2024,10:17:28,24441.9,24440.65,100,24442.4,25,25,1097125
NIFTY-II.NFO,05/08/2024,10:17:29,24441.9,24440.9,200,24443.05,50,0,1097125
NIFTY-II.NFO,05/08/2024,10:17:31,24441.9,24441.85,200,24444.65,25,0,1097125
NIFTY-II.NFO,05/08/2024,10:17:33,24441.9,24440.65,100,24442.15,25,0,1097125
NIFTY-II.NFO,05/08/2024,10:17:34,24441.9,24440.65,100,24442.65,25,0,1097125
NIFTY-II.NFO,05/08/2024,10:17:36,24442.75,24440.8,25,24442.7,25,25,1097125
NIFTY-II.NFO,05/08/2024,10:17:38,24440.8,24440.65,100,24442.45,25,175,1097125
NIFTY-II.NFO,05/08/2024,10:17:39,24440.8,24440.65,100,24442.9,25,0,1097125
NIFTY-II.NFO,05/08/2024,10:17:41,24440.8,24440.65,100,24444.15,25,0,1097125
NIFTY-II.NFO,05/08/2024,10:17:43,24440.65,24441,50,24444.15,25,25,1097125
NIFTY-II.NFO,05/08/2024,10:17:44,24440.65,24441,50,24444.05,25,0,1097125
NIFTY-II.NFO,05/08/2024,10:17:46,24441,24441,25,24443.8,25,25,1097125
NIFTY-II.NFO,05/08/2024,10:17:48,24441,24441,25,24443.7,25,0,1097125
NIFTY-II.NFO,05/08/2024,10:17:49,24441,24441,25,24443.75,25,0,1097125
NIFTY-II.NFO,05/08/2024,10:17:51,24441,24441,25,24443.8,25,0,1097125
NIFTY-II.NFO,05/08/2024,10:17:53,24441,24441,25,24444,25,0,1097125
NIFTY-II.NFO,05/08/2024,10:17:54,24441,24441.25,100,24444.4,25,0,1097125
NIFTY-II.NFO,05/08/2024,10:17:56,24441,24441.3,25,24443.45,25,0,1097125
NIFTY-II.NFO,05/08/2024,10:17:58,24441.25,24441,25,24441.05,25,350,1097125
NIFTY-II.NFO,05/08/2024,10:17:59,24441,24440.65,75,24441.2,25,25,1097125
NIFTY-II.NFO,05/08/2024,10:18:01,24440.7,24440.65,75,24441.6,25,25,1097125
NIFTY-II.NFO,05/08/2024,10:18:03,24440.65,24440,175,24441.35,100,75,1097125
NIFTY-II.NFO,05/08/2024,10:18:04,24440.05,24440,175,24441,100,25,1097125
NIFTY-II.NFO,05/08/2024,10:18:06,24439,24436,25,24438.8,50,200,1097125
NIFTY-II.NFO,05/08/2024,10:18:08,24436,24435,125,24436,25,25,1097125
NIFTY-II.NFO,05/08/2024,10:18:09,24435,24435,50,24437.3,25,75,1097125
NIFTY-II.NFO,05/08/2024,10:18:11,24435,24435.05,25,24437.5,50,0,1097125
NIFTY-II.NFO,05/08/2024,10:18:13,24435,24435.05,25,24437.45,25,0,1097125
NIFTY-II.NFO,05/08/2024,10:18:14,24435.05,24435.35,50,24439.1,50,25,1097125
NIFTY-II.NFO,05/08/2024,10:18:16,24435.05,24435.4,25,24438.45,25,0,1097125
NIFTY-II.NFO,05/08/2024,10:18:18,24435,24435,25,24436.6,50,100,1097125
NIFTY-II.NFO,05/08/2024,10:18:19,24433.05,24433.05,200,24436.55,25,50,1097125
NIFTY-II.NFO,05/08/2024,10:18:21,24433.05,24433,25,24436.5,25,0,1097125
NIFTY-II.NFO,05/08/2024,10:18:23,24433.05,24433.05,200,24435.9,25,0,1097125
NIFTY-II.NFO,05/08/2024,10:18:24,24433.05,24433.05,200,24436.5,25,0,1097125
NIFTY-II.NFO,05/08/2024,10:18:26,24433.05,24433.7,325,24436.5,25,0,1097125
NIFTY-II.NFO,05/08/2024,10:18:28,24433.05,24434.4,325,24436.5,25,0,1097125
NIFTY-II.NFO,05/08/2024,10:18:29,24434.4,24434.3,200,24436.5,25,25,1097125
NIFTY-II.NFO,05/08/2024,10:18:31,24434.4,24436.5,325,24440.9,50,0,1097125
NIFTY-II.NFO,05/08/2024,10:18:32,24435.15,24435.8,200,24439.65,25,75,1097125
NIFTY-II.NFO,05/08/2024,10:18:34,24435.15,24434.4,200,24438.55,50,0,1097125
NIFTY-II.NFO,05/08/2024,10:18:36,24435.15,24433.05,200,24437.55,100,0,1097125
NIFTY-II.NFO,05/08/2024,10:18:37,24435.15,24433.15,200,24437.95,25,0,1097125
NIFTY-II.NFO,05/08/2024,10:18:39,24435.15,24433.6,275,24438.45,25,0,1097125
NIFTY-II.NFO,05/08/2024,10:18:41,24435.15,24434.15,250,24438.4,50,0,1097125
NIFTY-II.NFO,05/08/2024,10:18:42,24435.15,24435,275,24438.4,50,0,1097125
NIFTY-II.NFO,05/08/2024,10:18:44,24435.15,24435.15,200,24438.4,50,0,1097125
NIFTY-II.NFO,05/08/2024,10:18:46,24438.4,24435.95,200,24438.4,25,25,1097125
NIFTY-II.NFO,05/08/2024,10:18:47,24436.75,24436.55,200,24438.4,25,50,1097175
NIFTY-II.NFO,05/08/2024,10:18:49,24436.95,24437.1,175,24438.4,25,50,1097175
NIFTY-II.NFO,05/08/2024,10:18:50,24438.45,24438.4,250,24442.55,50,50,1097175
NIFTY-II.NFO,05/08/2024,10:18:52,24438.45,24438.9,175,24442.5,25,0,1097175
NIFTY-II.NFO,05/08/2024,10:18:54,24442.5,24439.95,50,24442.55,50,25,1097175
NIFTY-II.NFO,05/08/2024,10:18:55,24442.55,24438.4,50,24442.5,200,50,1097175
NIFTY-II.NFO,05/08/2024,10:18:57,24442.55,24439.7,175,24442.55,25,0,1097175
NIFTY-II.NFO,05/08/2024,10:18:59,24442.55,24440.05,225,24444,25,25,1097175
NIFTY-II.NFO,05/08/2024,10:19:00,24442.55,24441.5,125,24445,25,0,1097175
NIFTY-II.NFO,05/08/2024,10:19:02,24439.05,24439.9,50,24444.9,200,500,1097175
NIFTY-II.NFO,05/08/2024,10:19:03,24439.05,24441.05,50,24445,25,0,1097175
NIFTY-II.NFO,05/08/2024,10:19:05,24439.05,24440.7,50,24444.95,200,0,1097175
NIFTY-II.NFO,05/08/2024,10:19:07,24439.05,24440.75,50,24444.95,200,0,1097175
NIFTY-II.NFO,05/08/2024,10:19:08,24439.05,24442.5,50,24445,25,0,1097175
NIFTY-II.NFO,05/08/2024,10:19:10,24439.05,24442.65,100,24445,25,0,1097175
NIFTY-II.NFO,05/08/2024,10:19:12,24443.8,24444.1,250,24445.45,50,75,1097175
NIFTY-II.NFO,05/08/2024,10:19:13,24443.8,24443.6,50,24445.45,50,0,1097175
NIFTY-II.NFO,05/08/2024,10:19:15,24443.8,24445,50,24445.45,50,0,1097175
NIFTY-II.NFO,05/08/2024,10:19:17,24445.45,24445.55,50,24449.5,400,50,1097175
NIFTY-II.NFO,05/08/2024,10:19:18,24445.45,24446.15,50,24449.75,350,0,1097175
NIFTY-II.NFO,05/08/2024,10:19:20,24445.45,24445,50,24446,350,0,1097175
NIFTY-II.NFO,05/08/2024,10:19:22,24445,24443.45,50,24447.75,275,50,1097175
NIFTY-II.NFO,05/08/2024,10:19:23,24445,24445,25,24447.5,275,0,1097175
NIFTY-II.NFO,05/08/2024,10:19:25,24445,24445,25,24448,25,0,1097175
NIFTY-II.NFO,05/08/2024,10:19:28,24445,24445,25,24446.75,400,0,1097175
NIFTY-II.NFO,05/08/2024,10:19:30,24445,24445,25,24446.25,400,0,1097175
NIFTY-II.NFO,05/08/2024,10:19:32,24445,24445,25,24447.95,200,0,1097175
NIFTY-II.NFO,05/08/2024,10:19:35,24445,24441.1,50,24445,275,25,1097175
NIFTY-II.NFO,05/08/2024,10:19:37,24440,24440,325,24445,75,500,1097175
NIFTY-II.NFO,05/08/2024,10:19:38,24440,24441.3,50,24445.4,25,0,1097175
NIFTY-II.NFO,05/08/2024,10:19:40,24440,24441.55,50,24446.6,275,0,1097175
NIFTY-II.NFO,05/08/2024,10:19:42,24440,24441,225,24445.55,275,0,1097175
NIFTY-II.NFO,05/08/2024,10:19:43,24440,24440.5,225,24444.3,25,0,1097175
NIFTY-II.NFO,05/08/2024,10:19:45,24440,24440.5,225,24445.55,275,0,1097175
NIFTY-II.NFO,05/08/2024,10:19:47,24440,24440.8,225,24445.4,275,0,1097175
NIFTY-II.NFO,05/08/2024,10:19:48,24440.8,24440,375,24443.5,275,25,1097175
NIFTY-II.NFO,05/08/2024,10:19:50,24441.7,24440,375,24441.6,325,25,1097175
NIFTY-II.NFO,05/08/2024,10:19:52,24441.7,24440,375,24442,275,0,1097175
NIFTY-II.NFO,05/08/2024,10:19:55,24441.7,24440,425,24443.05,200,0,1097175
NIFTY-II.NFO,05/08/2024,10:19:57,24441.7,24441.65,200,24444.7,25,0,1097175
NIFTY-II.NFO,05/08/2024,10:19:58,24441.7,24441.55,200,24445.85,200,0,1097175
NIFTY-II.NFO,05/08/2024,10:20:00,24441.7,24441.7,25,24446.6,25,0,1097175
NIFTY-II.NFO,05/08/2024,10:20:02,24441.7,24440.55,75,24444.95,200,0,1097175
NIFTY-II.NFO,05/08/2024,10:20:03,24441,24441.35,25,24445,50,25,1097175
NIFTY-II.NFO,05/08/2024,10:20:05,24445,24442.25,25,24445,25,25,1097175
NIFTY-II.NFO,05/08/2024,10:20:07,24445,24444.8,25,24447.35,200,25,1097175
NIFTY-II.NFO,05/08/2024,10:20:08,24444.8,24444.8,25,24445.6,25,75,1097175
NIFTY-II.NFO,05/08/2024,10:20:10,24444.8,24444.8,25,24445.6,25,0,1097175
NIFTY-II.NFO,05/08/2024,10:20:12,24444.8,24444.8,25,24446.6,25,0,1097175
NIFTY-II.NFO,05/08/2024,10:20:13,24444.8,24444.8,25,24446.55,200,0,1097175
NIFTY-II.NFO,05/08/2024,10:20:15,24444.8,24441.4,50,24445.7,275,75,1097175
NIFTY-II.NFO,05/08/2024,10:20:17,24444.8,24440.05,25,24444.6,100,0,1097175
NIFTY-II.NFO,05/08/2024,10:20:18,24444.8,24442.9,25,24446.1,25,0,1097175
NIFTY-II.NFO,05/08/2024,10:20:20,24444.8,24442.55,25,24446.1,25,0,1097175
NIFTY-II.NFO,05/08/2024,10:20:22,24444.8,24440.5,25,24446.1,275,0,1097175
NIFTY-II.NFO,05/08/2024,10:20:25,24444.8,24440,325,24444.7,200,0,1097175
NIFTY-II.NFO,05/08/2024,10:20:27,24444.8,24440,325,24444.4,275,0,1097175
NIFTY-II.NFO,05/08/2024,10:20:28,24444.4,24440,325,24443.9,125,75,1097175
NIFTY-II.NFO,05/08/2024,10:20:30,24444.4,24440,325,24442.75,200,0,1097175
NIFTY-II.NFO,05/08/2024,10:20:32,24440.45,24435.9,25,24440.15,200,575,1097175
NIFTY-II.NFO,05/08/2024,10:20:33,24440.5,24435.9,25,24439.95,125,25,1097175
NIFTY-II.NFO,05/08/2024,10:20:35,24434.2,24433.8,100,24439.2,125,100,1097175
NIFTY-II.NFO,05/08/2024,10:20:37,24439.2,24434.95,175,24440.3,50,150,1097175
NIFTY-II.NFO,05/08/2024,10:20:38,24439.2,24435.05,175,24440.35,200,0,1097175
NIFTY-II.NFO,05/08/2024,10:20:40,24439.2,24434.7,100,24439.55,125,0,1097175
NIFTY-II.NFO,05/08/2024,10:20:42,24439.2,24436.15,175,24440.75,25,0,1097175
NIFTY-II.NFO,05/08/2024,10:20:43,24439.2,24436.1,25,24439.5,50,0,1097175
NIFTY-II.NFO,05/08/2024,10:20:45,24439.2,24436.1,25,24439.65,200,0,1097175
NIFTY-II.NFO,05/08/2024,10:20:47,24439.2,24436.1,25,24440.2,25,0,1097175
NIFTY-II.NFO,05/08/2024,10:20:48,24439.2,24436.1,25,24439.5,200,0,1097175
NIFTY-II.NFO,05/08/2024,10:20:50,24439.2,24437.75,175,24444.1,200,0,1097175
NIFTY-II.NFO,05/08/2024,10:20:52,24439.2,24440.15,175,24445.35,200,0,1097175
NIFTY-II.NFO,05/08/2024,10:20:53,24440.4,24440.5,150,24445.05,25,75,1097175
NIFTY-II.NFO,05/08/2024,10:20:55,24441.7,24441.65,50,24446.65,200,50,1097175
NIFTY-II.NFO,05/08/2024,10:20:57,24441.7,24442.2,50,24446.3,25,0,1097175
NIFTY-II.NFO,05/08/2024,10:20:58,24442.2,24442,50,24446.3,50,25,1097175
NIFTY-II.NFO,05/08/2024,10:21:00,24442.2,24443.15,50,24447.6,25,0,1097175
NIFTY-II.NFO,05/08/2024,10:21:02,24447.75,24444.1,25,24448,25,25,1097175
NIFTY-II.NFO,05/08/2024,10:21:03,24447.75,24442.85,25,24447.95,275,0,1097175
NIFTY-II.NFO,05/08/2024,10:21:05,24443.75,24443.75,25,24447.95,200,25,1097175
NIFTY-II.NFO,05/08/2024,10:21:07,24443.75,24440.55,25,24445.55,275,0,1097175
NIFTY-II.NFO,05/08/2024,10:21:08,24443.75,24442.1,25,24445.6,25,0,1097175
NIFTY-II.NFO,05/08/2024,10:21:10,24442.05,24443.35,25,24447.05,25,25,1097175
NIFTY-II.NFO,05/08/2024,10:21:12,24442.05,24444,25,24448,25,0,1097175
NIFTY-II.NFO,05/08/2024,10:21:13,24442.05,24440.95,25,24446.35,275,0,1097175
NIFTY-II.NFO,05/08/2024,10:21:15,24445.55,24441.05,50,24445.55,200,25,1097175
NIFTY-II.NFO,05/08/2024,10:21:17,24445.55,24442.55,50,24446.6,25,0,1097175
NIFTY-II.NFO,05/08/2024,10:21:18,24445.55,24441.7,50,24445.95,50,0,1097175
NIFTY-II.NFO,05/08/2024,10:21:20,24443.25,24443.25,25,24447.1,25,25,1097175
NIFTY-II.NFO,05/08/2024,10:21:22,24443.25,24441.05,50,24446,275,0,1097175
NIFTY-II.NFO,05/08/2024,10:21:23,24443.25,24441.8,50,24446.95,275,0,1097175
NIFTY-II.NFO,05/08/2024,10:21:25,24443.25,24442.7,50,24446.45,25,0,1097175
NIFTY-II.NFO,05/08/2024,10:21:27,24443.25,24442.7,50,24447.55,200,0,1097175
NIFTY-II.NFO,05/08/2024,10:21:28,24443.25,24443.15,50,24447.95,200,0,1097175
NIFTY-II.NFO,05/08/2024,10:21:30,24442.05,24441.7,75,24446.95,275,50,1097175
NIFTY-II.NFO,05/08/2024,10:21:32,24446.95,24440,100,24443.5,200,25,1097175
NIFTY-II.NFO,05/08/2024,10:21:33,24446.95,24440,100,24444.35,275,0,1097175
NIFTY-II.NFO,05/08/2024,10:21:35,24444.05,24440,125,24444.45,200,25,1097175
NIFTY-II.NFO,05/08/2024,10:21:37,24444.05,24440,125,24443.05,325,0,1097175
NIFTY-II.NFO,05/08/2024,10:21:38,24444.05,24440,125,24442.95,50,0,1097175
NIFTY-II.NFO,05/08/2024,10:21:40,24440,24440,75,24444.05,25,50,1097175
NIFTY-II.NFO,05/08/2024,10:21:42,24440,24440,75,24444.05,25,0,1097175
NIFTY-II.NFO,05/08/2024,10:21:43,24440,24440.05,125,24444.05,25,0,1097175
NIFTY-II.NFO,05/08/2024,10:21:45,24440,24440,75,24444.05,25,0,1097175
NIFTY-II.NFO,05/08/2024,10:21:47,24440,24440,25,24443.8,200,50,1096250
NIFTY-II.NFO,05/08/2024,10:21:48,24440,24440,25,24443.7,50,0,1096250
NIFTY-II.NFO,05/08/2024,10:21:50,24440,24438.05,125,24440,75,25,1096250
NIFTY-II.NFO,05/08/2024,10:21:52,24440,24438.05,125,24440,75,0,1096250
NIFTY-II.NFO,05/08/2024,10:21:53,24440,24438,150,24440,75,0,1096250
NIFTY-II.NFO,05/08/2024,10:21:55,24440,24438.05,125,24440,25,50,1096250
NIFTY-II.NFO,05/08/2024,10:21:57,24440,24438.05,125,24440,25,0,1096250
NIFTY-II.NFO,05/08/2024,10:21:58,24440,24438.85,125,24444.05,25,25,1096250
NIFTY-II.NFO,05/08/2024,10:22:00,24440,24439.75,125,24444.05,50,0,1096250
NIFTY-II.NFO,05/08/2024,10:22:02,24440,24441.3,125,24444.05,25,0,1096250
NIFTY-II.NFO,05/08/2024,10:22:03,24440.8,24440.65,50,24444.05,25,100,1096250
NIFTY-II.NFO,05/08/2024,10:22:05,24440.8,24442.2,50,24444.05,25,0,1096250
NIFTY-II.NFO,05/08/2024,10:22:10,24440.8,24442.25,25,24444.05,25,0,1096250
NIFTY-II.NFO,05/08/2024,10:22:12,24440.8,24442.2,50,24444.05,25,0,1096250
NIFTY-II.NFO,05/08/2024,10:22:13,24440.8,24442.25,25,24444.05,25,0,1096250
NIFTY-II.NFO,05/08/2024,10:22:15,24440.8,24442.25,75,24444.05,25,0,1096250
NIFTY-II.NFO,05/08/2024,10:22:17,24444.05,24443.8,50,24447.95,200,25,1096250
NIFTY-II.NFO,05/08/2024,10:22:18,24444.05,24443.8,50,24447.95,200,0,1096250
NIFTY-II.NFO,05/08/2024,10:22:20,24449.45,24444.25,50,24449.05,200,100,1096250
NIFTY-II.NFO,05/08/2024,10:22:22,24449.45,24443.95,50,24448.95,275,0,1096250
NIFTY-II.NFO,05/08/2024,10:22:23,24449.65,24445.1,50,24449.65,200,25,1096250
NIFTY-II.NFO,05/08/2024,10:22:25,24449.65,24444.3,50,24449.55,275,50,1096250
NIFTY-II.NFO,05/08/2024,10:22:27,24449.65,24445.05,50,24449.65,200,0,1096250
NIFTY-II.NFO,05/08/2024,10:22:28,24449.65,24446.85,50,24449.95,100,0,1096250
NIFTY-II.NFO,05/08/2024,10:22:30,24449.65,24446.55,50,24449.95,100,0,1096250
NIFTY-II.NFO,05/08/2024,10:22:32,24449.65,24447.9,50,24449.95,100,0,1096250
NIFTY-II.NFO,05/08/2024,10:22:33,24449.65,24447.95,50,24449.95,100,0,1096250
NIFTY-II.NFO,05/08/2024,10:22:35,24449.65,24446.05,25,24449.9,200,0,1096250
NIFTY-II.NFO,05/08/2024,10:22:37,24449.65,24446.95,50,24449.95,100,0,1096250
NIFTY-II.NFO,05/08/2024,10:22:38,24449.65,24448.1,50,24449.95,100,0,1096250
NIFTY-II.NFO,05/08/2024,10:22:40,24449.65,24448.8,200,24449.95,100,0,1096250
NIFTY-II.NFO,05/08/2024,10:22:42,24452.8,24450,25,24453.2,100,350,1096250
NIFTY-II.NFO,05/08/2024,10:22:43,24452.8,24450,25,24453.2,100,0,1096250
NIFTY-II.NFO,05/08/2024,10:22:45,24450,24448.2,50,24453.45,175,25,1096250
NIFTY-II.NFO,05/08/2024,10:22:47,24450,24450,25,24453.45,100,0,1096250
NIFTY-II.NFO,05/08/2024,10:22:48,24450,24450,25,24452.05,100,0,1096250
NIFTY-II.NFO,05/08/2024,10:22:50,24450,24450,25,24451.05,100,0,1096250
NIFTY-II.NFO,05/08/2024,10:22:52,24450,24450,25,24451.1,175,0,1096250
NIFTY-II.NFO,05/08/2024,10:22:53,24449.65,24449.65,50,24449.7,100,200,1096250
NIFTY-II.NFO,05/08/2024,10:22:55,24449.7,24449.65,50,24450.35,75,25,1096250
NIFTY-II.NFO,05/08/2024,10:22:57,24449.7,24449.65,50,24450.55,75,0,1096250
NIFTY-II.NFO,05/08/2024,10:23:00,24449.7,24449.65,50,24450.15,75,25,1096250
NIFTY-II.NFO,05/08/2024,10:23:02,24449.65,24443.8,25,24447.95,75,50,1096250
NIFTY-II.NFO,05/08/2024,10:23:03,24449.65,24444.8,25,24446.75,75,0,1096250
NIFTY-II.NFO,05/08/2024,10:23:05,24447.75,24444.8,25,24447.75,25,200,1096250
NIFTY-II.NFO,05/08/2024,10:23:07,24447.1,24443.8,25,24446.9,125,100,1096250
NIFTY-II.NFO,05/08/2024,10:23:08,24447.1,24443.8,25,24446.8,75,0,1096250
NIFTY-II.NFO,05/08/2024,10:23:10,24447.1,24443.8,25,24446.35,50,0,1096250
NIFTY-II.NFO,05/08/2024,10:23:12,24447.1,24443.8,25,24445.85,75,0,1096250
NIFTY-II.NFO,05/08/2024,10:23:13,24443.8,24441.55,50,24446,125,25,1096250
NIFTY-II.NFO,05/08/2024,10:23:15,24443.8,24440.65,200,24445.9,125,0,1096250
NIFTY-II.NFO,05/08/2024,10:23:17,24445.45,24440.4,200,24445.7,125,400,1096250
NIFTY-II.NFO,05/08/2024,10:23:18,24445.45,24440.4,200,24445.25,50,0,1096250
NIFTY-II.NFO,05/08/2024,10:23:20,24445.45,24441.1,200,24445.45,50,0,1096250
NIFTY-II.NFO,05/08/2024,10:23:22,24445.45,24440.4,200,24444.9,50,0,1096250
NIFTY-II.NFO,05/08/2024,10:23:23,24445.45,24440.4,400,24444.95,50,0,1096250
NIFTY-II.NFO,05/08/2024,10:23:25,24445.4,24440,175,24443.65,125,100,1096250
NIFTY-II.NFO,05/08/2024,10:23:27,24445.4,24440,175,24443.95,125,0,1096250
NIFTY-II.NFO,05/08/2024,10:23:28,24445.4,24440.55,25,24442.8,50,0,1096250
NIFTY-II.NFO,05/08/2024,10:23:30,24445.4,24440.55,25,24442.8,125,0,1096250
NIFTY-II.NFO,05/08/2024,10:23:32,24445.4,24440.55,25,24443,50,0,1096250
NIFTY-II.NFO,05/08/2024,10:23:33,24445.4,24440.55,25,24442.65,50,0,1096250
NIFTY-II.NFO,05/08/2024,10:23:35,24445.4,24440.55,25,24442.7,25,0,1096250
NIFTY-II.NFO,05/08/2024,10:23:37,24443,24440.55,25,24442.95,125,25,1096250
NIFTY-II.NFO,05/08/2024,10:23:38,24441.35,24440.55,25,24441.35,25,50,1096250
NIFTY-II.NFO,05/08/2024,10:23:40,24441.35,24440.55,25,24441.35,25,0,1096250
NIFTY-II.NFO,05/08/2024,10:23:42,24441.35,24440.55,25,24441.45,25,0,1096250
NIFTY-II.NFO,05/08/2024,10:23:43,24441.55,24440.6,200,24442.55,25,50,1096250
NIFTY-II.NFO,05/08/2024,10:23:45,24441.55,24441.6,200,24443,25,0,1096250
NIFTY-II.NFO,05/08/2024,10:23:47,24443,24441.55,25,24446.4,125,25,1096250
NIFTY-II.NFO,05/08/2024,10:23:48,24443,24441.55,25,24445.2,125,0,1096250
NIFTY-II.NFO,05/08/2024,10:23:50,24443,24441.55,25,24444.8,125,0,1096250
NIFTY-II.NFO,05/08/2024,10:23:52,24441.55,24441.45,100,24443.6,125,25,1096250
NIFTY-II.NFO,05/08/2024,10:23:53,24441.45,24441.45,75,24442.8,25,25,1096250
NIFTY-II.NFO,05/08/2024,10:23:55,24441.65,24441.45,75,24441.85,25,50,1096250
NIFTY-II.NFO,05/08/2024,10:23:57,24441.45,24441.45,50,24443,25,25,1096250
NIFTY-II.NFO,05/08/2024,10:23:58,24441.45,24441.5,200,24441.55,25,25,1096250
NIFTY-II.NFO,05/08/2024,10:24:00,24441.45,24441.5,200,24441.55,25,0,1096250
NIFTY-II.NFO,05/08/2024,10:24:02,24441.55,24441.45,25,24443,25,25,1096250
NIFTY-II.NFO,05/08/2024,10:24:03,24441.55,24441.5,200,24443,25,0,1096250
NIFTY-II.NFO,05/08/2024,10:24:07,24441.55,24441.45,25,24443,25,0,1096250
NIFTY-II.NFO,05/08/2024,10:24:15,24441.45,24441,25,24441.55,50,25,1096250
NIFTY-II.NFO,05/08/2024,10:24:17,24440.05,24440,125,24441.55,50,100,1096250
NIFTY-II.NFO,05/08/2024,10:24:18,24440.05,24440,125,24441.55,50,0,1096250
NIFTY-II.NFO,05/08/2024,10:24:22,24440,24440,75,24441.55,50,50,1096250
NIFTY-II.NFO,05/08/2024,10:24:23,24440,24440,75,24441.55,50,0,1096250
NIFTY-II.NFO,05/08/2024,10:24:27,24440,24440.05,200,24441.55,50,0,1096250
NIFTY-II.NFO,05/08/2024,10:24:28,24441.55,24440,75,24443,25,50,1096250
NIFTY-II.NFO,05/08/2024,10:24:30,24441.55,24440,100,24443,25,0,1096250
NIFTY-II.NFO,05/08/2024,10:24:33,24441.55,24440.05,200,24443,25,0,1096250
NIFTY-II.NFO,05/08/2024,10:24:37,24443.75,24440.05,200,24444.85,50,50,1096250
NIFTY-II.NFO,05/08/2024,10:24:38,24443.75,24440.2,275,24445,250,0,1096250
NIFTY-II.NFO,05/08/2024,10:24:40,24445,24440.05,200,24444.3,25,625,1096250
NIFTY-II.NFO,05/08/2024,10:24:42,24445,24440.05,200,24441.85,25,0,1096250
NIFTY-II.NFO,05/08/2024,10:24:43,24445,24440.05,200,24442.35,75,0,1096250
NIFTY-II.NFO,05/08/2024,10:24:45,24440.05,24440.05,100,24441.8,25,100,1096250
NIFTY-II.NFO,05/08/2024,10:24:47,24440.75,24439,100,24440.7,100,575,1097675
NIFTY-II.NFO,05/08/2024,10:24:48,24440.75,24439,100,24440.35,25,0,1097675
NIFTY-II.NFO,05/08/2024,10:24:50,24440.75,24439,100,24440.55,25,0,1097675
NIFTY-II.NFO,05/08/2024,10:24:52,24440.75,24439,100,24440.2,25,0,1097675
NIFTY-II.NFO,05/08/2024,10:24:53,24440.5,24439,100,24440.05,25,50,1097675
NIFTY-II.NFO,05/08/2024,10:24:57,24440.5,24439,100,24439.4,50,0,1097675
NIFTY-II.NFO,05/08/2024,10:24:58,24439,24439,75,24440.2,25,25,1097675
NIFTY-II.NFO,05/08/2024,10:25:00,24439,24439,75,24440.15,25,0,1097675
NIFTY-II.NFO,05/08/2024,10:25:02,24439,24439,75,24441.6,100,0,1097675
NIFTY-II.NFO,05/08/2024,10:25:03,24439,24439,50,24440.25,100,25,1097675
NIFTY-II.NFO,05/08/2024,10:25:05,24439,24439,75,24440.4,50,0,1097675
NIFTY-II.NFO,05/08/2024,10:25:07,24439,24439,75,24439.95,25,0,1097675
NIFTY-II.NFO,05/08/2024,10:25:08,24438,24435.05,200,24439,25,100,1097675
NIFTY-II.NFO,05/08/2024,10:25:10,24438,24435.15,200,24438.7,25,0,1097675
NIFTY-II.NFO,05/08/2024,10:25:12,24438,24435.15,200,24438.7,50,0,1097675
NIFTY-II.NFO,05/08/2024,10:25:13,24438,24435.15,200,24439,25,0,1097675
NIFTY-II.NFO,05/08/2024,10:25:15,24435.1,24435,25,24439.15,50,125,1097675
NIFTY-II.NFO,05/08/2024,10:25:17,24435.1,24435.45,325,24438.55,25,0,1097675
NIFTY-II.NFO,05/08/2024,10:25:18,24435.1,24435.15,275,24440,50,0,1097675
NIFTY-II.NFO,05/08/2024,10:25:20,24435.1,24435.3,275,24440,50,0,1097675
NIFTY-II.NFO,05/08/2024,10:25:22,24435.1,24436.1,275,24440.8,25,0,1097675
NIFTY-II.NFO,05/08/2024,10:25:23,24435.1,24435.35,200,24440.4,50,0,1097675
NIFTY-II.NFO,05/08/2024,10:25:25,24435.1,24436.85,275,24440.5,25,0,1097675
NIFTY-II.NFO,05/08/2024,10:25:27,24435.1,24437.45,275,24439.7,25,0,1097675
NIFTY-II.NFO,05/08/2024,10:25:28,24435.1,24438.85,400,24443.4,25,0,1097675
NIFTY-II.NFO,05/08/2024,10:25:30,24435.1,24438.55,200,24443,25,0,1097675
NIFTY-II.NFO,05/08/2024,10:25:32,24438.2,24436.8,325,24443,100,25,1097675
NIFTY-II.NFO,05/08/2024,10:25:33,24438.2,24436,25,24437.45,25,0,1097675
NIFTY-II.NFO,05/08/2024,10:25:35,24438.2,24435.15,200,24437.45,25,0,1097675
NIFTY-II.NFO,05/08/2024,10:25:38,24438.2,24435.15,275,24437.45,25,0,1097675
NIFTY-II.NFO,05/08/2024,10:25:40,24438,24435.15,200,24439.65,50,50,1097675
NIFTY-II.NFO,05/08/2024,10:25:42,24438,24435.15,275,24439.95,75,0,1097675
NIFTY-II.NFO,05/08/2024,10:25:43,24438,24436.6,200,24440.4,25,0,1097675
NIFTY-II.NFO,05/08/2024,10:25:45,24438,24437.4,200,24441.2,50,0,1097675
NIFTY-II.NFO,05/08/2024,10:25:47,24437.4,24437.4,200,24441.1,25,50,1097675
NIFTY-II.NFO,05/08/2024,10:25:48,24437.4,24436.7,200,24440.95,25,0,1097675
NIFTY-II.NFO,05/08/2024,10:25:50,24437.4,24436.05,200,24438,50,0,1097675
NIFTY-II.NFO,05/08/2024,10:25:52,24437.4,24435.2,200,24438,50,0,1097675
NIFTY-II.NFO,05/08/2024,10:25:53,24438,24435.25,275,24439.7,25,50,1097675
NIFTY-II.NFO,05/08/2024,10:25:55,24438,24435,125,24438.25,125,0,1097675
NIFTY-II.NFO,05/08/2024,10:25:57,24435.25,24435.6,25,24438.2,25,25,1097675
NIFTY-II.NFO,05/08/2024,10:25:58,24435.25,24435,125,24438.2,75,0,1097675
NIFTY-II.NFO,05/08/2024,10:26:00,24435,24435,100,24438.85,25,25,1097675
NIFTY-II.NFO,05/08/2024,10:26:02,24435,24435.25,250,24438.85,50,0,1097675
NIFTY-II.NFO,05/08/2024,10:26:04,24435,24435.9,275,24441.05,75,0,1097675
NIFTY-II.NFO,05/08/2024,10:26:05,24435,24437.25,275,24441.1,25,0,1097675
NIFTY-II.NFO,05/08/2024,10:26:07,24435,24437.85,275,24441.6,25,0,1097675
NIFTY-II.NFO,05/08/2024,10:26:09,24435,24438.85,275,24443.1,25,0,1097675
NIFTY-II.NFO,05/08/2024,10:26:10,24435,24436.95,275,24440.15,25,0,1097675
NIFTY-II.NFO,05/08/2024,10:26:12,24435,24436.5,250,24440.15,50,0,1097675
NIFTY-II.NFO,05/08/2024,10:26:14,24435,24437.3,250,24440.7,25,0,1097675
NIFTY-II.NFO,05/08/2024,10:26:15,24435,24437.2,200,24439.7,25,0,1097675
NIFTY-II.NFO,05/08/2024,10:26:17,24435,24440,25,24442.1,50,0,1097675
NIFTY-II.NFO,05/08/2024,10:26:18,24435,24440,25,24440.75,25,0,1097675
NIFTY-II.NFO,05/08/2024,10:26:20,24435,24440.05,25,24442.05,25,0,1097675
NIFTY-II.NFO,05/08/2024,10:26:22,24435,24440.05,25,24442.9,50,0,1097675
NIFTY-II.NFO,05/08/2024,10:26:23,24440.05,24440.1,200,24442.85,25,25,1097675
NIFTY-II.NFO,05/08/2024,10:26:25,24442.85,24440,25,24443.6,25,25,1097675
NIFTY-II.NFO,05/08/2024,10:26:27,24443.3,24440.4,275,24443.65,25,25,1097675
NIFTY-II.NFO,05/08/2024,10:26:28,24440.45,24440,25,24443.6,200,175,1097675
NIFTY-II.NFO,05/08/2024,10:26:30,24440.45,24440,25,24443.55,200,0,1097675
NIFTY-II.NFO,05/08/2024,10:26:32,24440.45,24440,25,24442.7,200,0,1097675
NIFTY-II.NFO,05/08/2024,10:26:33,24440.45,24440,25,24440.3,25,0,1097675
NIFTY-II.NFO,05/08/2024,10:26:35,24438.6,24435.35,25,24438.5,25,50,1097675
NIFTY-II.NFO,05/08/2024,10:26:37,24435.35,24435,275,24438.45,200,25,1097675
NIFTY-II.NFO,05/08/2024,10:26:38,24435.95,24435.95,175,24438.45,200,25,1097675
NIFTY-II.NFO,05/08/2024,10:26:40,24435.95,24435.95,50,24438.6,25,300,1097675
NIFTY-II.NFO,05/08/2024,10:26:42,24435.95,24435.95,25,24439.1,150,25,1097675
NIFTY-II.NFO,05/08/2024,10:26:43,24435.95,24435.95,25,24438.8,25,0,1097675
NIFTY-II.NFO,05/08/2024,10:26:45,24435.95,24435,300,24437.55,25,50,1097675
NIFTY-II.NFO,05/08/2024,10:26:47,24435,24435,250,24438.6,25,50,1097675
NIFTY-II.NFO,05/08/2024,10:26:48,24435,24435.05,275,24438.5,25,0,1097675
NIFTY-II.NFO,05/08/2024,10:26:52,24435,24435.05,275,24438.5,50,0,1097675
NIFTY-II.NFO,05/08/2024,10:26:53,24435,24435,250,24438.5,25,0,1097675
NIFTY-II.NFO,05/08/2024,10:26:55,24435,24437.8,275,24442.7,25,0,1097675
NIFTY-II.NFO,05/08/2024,10:26:57,24435,24438.45,250,24442.7,25,0,1097675
NIFTY-II.NFO,05/08/2024,10:26:58,24435,24439.45,200,24442.65,25,0,1097675
NIFTY-II.NFO,05/08/2024,10:27:00,24435,24438.3,275,24442.6,25,0,1097675
NIFTY-II.NFO,05/08/2024,10:27:02,24435,24438.65,325,24442.6,50,0,1097675
NIFTY-II.NFO,05/08/2024,10:27:03,24435,24438.65,275,24442.55,25,0,1097675
NIFTY-II.NFO,05/08/2024,10:27:05,24435,24438.15,325,24442.55,50,0,1097675
NIFTY-II.NFO,05/08/2024,10:27:07,24435,24438.7,275,24442.55,50,0,1097675
NIFTY-II.NFO,05/08/2024,10:27:08,24435,24439,200,24443.4,25,0,1097675
NIFTY-II.NFO,05/08/2024,10:27:10,24435,24439.3,275,24443.35,25,0,1097675
NIFTY-II.NFO,05/08/2024,10:27:12,24435,24441.2,275,24444.7,25,0,1097675
NIFTY-II.NFO,05/08/2024,10:27:13,24435,24441.2,275,24444.65,25,0,1097675
NIFTY-II.NFO,05/08/2024,10:27:15,24435,24442.05,200,24445,125,0,1097675
NIFTY-II.NFO,05/08/2024,10:27:17,24435,24441.8,275,24444.55,25,0,1097675
NIFTY-II.NFO,05/08/2024,10:27:18,24435,24441.2,275,24444.55,25,0,1097675
NIFTY-II.NFO,05/08/2024,10:27:20,24435,24441.15,200,24444.6,25,0,1097675
NIFTY-II.NFO,05/08/2024,10:27:22,24435,24440.65,275,24444.6,25,0,1097675
NIFTY-II.NFO,05/08/2024,10:27:23,24440.75,24440.75,275,24445,125,100,1097675
NIFTY-II.NFO,05/08/2024,10:27:25,24440.75,24440.75,225,24445,125,0,1097675
NIFTY-II.NFO,05/08/2024,10:27:27,24440.75,24442,25,24444.65,200,0,1097675
NIFTY-II.NFO,05/08/2024,10:27:28,24442,24436.6,150,24441.45,200,25,1097675
NIFTY-II.NFO,05/08/2024,10:27:30,24442,24436.55,225,24441.15,25,0,1097675
NIFTY-II.NFO,05/08/2024,10:27:32,24441.15,24437.2,225,24441.25,25,25,1097675
NIFTY-II.NFO,05/08/2024,10:27:33,24441.15,24440.05,150,24443.55,25,0,1097675
NIFTY-II.NFO,05/08/2024,10:27:35,24440,24435.95,25,24440.9,100,175,1097675
NIFTY-II.NFO,05/08/2024,10:27:37,24435,24435,275,24436.3,75,125,1097675
NIFTY-II.NFO,05/08/2024,10:27:38,24435,24433,25,24435.7,25,275,1097675
NIFTY-II.NFO,05/08/2024,10:27:40,24435,24433,25,24436.25,50,0,1097675
NIFTY-II.NFO,05/08/2024,10:27:42,24435,24433.15,50,24439.6,75,0,1097675
NIFTY-II.NFO,05/08/2024,10:27:43,24435,24433,25,24436.95,25,0,1097675
NIFTY-II.NFO,05/08/2024,10:27:45,24435,24433.75,50,24439.5,25,0,1097675
NIFTY-II.NFO,05/08/2024,10:27:47,24435,24434,50,24438.7,50,0,1097675
NIFTY-II.NFO,05/08/2024,10:27:48,24435,24434.15,50,24437.95,25,0,1097675
NIFTY-II.NFO,05/08/2024,10:27:50,24435,24433.05,50,24436.95,25,0,1097675
NIFTY-II.NFO,05/08/2024,10:27:52,24435,24436.95,125,24439.8,25,0,1097675
NIFTY-II.NFO,05/08/2024,10:27:53,24436.95,24436.95,100,24439.95,25,25,1098550
NIFTY-II.NFO,05/08/2024,10:27:55,24436.95,24436.95,100,24440.7,200,0,1098550
NIFTY-II.NFO,05/08/2024,10:27:57,24436.95,24436.95,100,24439.85,200,0,1098550
NIFTY-II.NFO,05/08/2024,10:27:58,24436.95,24436.95,100,24439.95,50,0,1098550
NIFTY-II.NFO,05/08/2024,10:28:00,24436.95,24436.95,100,24439.7,25,0,1098550
NIFTY-II.NFO,05/08/2024,10:28:02,24436.95,24437.35,50,24441.3,25,0,1098550
NIFTY-II.NFO,05/08/2024,10:28:03,24436.95,24436.95,100,24440.25,25,0,1098550
NIFTY-II.NFO,05/08/2024,10:28:05,24436.95,24436.95,50,24439.8,200,50,1098550
NIFTY-II.NFO,05/08/2024,10:28:07,24439.8,24436.95,50,24439.8,25,25,1098550
NIFTY-II.NFO,05/08/2024,10:28:08,24439.8,24436.95,50,24439.7,25,0,1098550
NIFTY-II.NFO,05/08/2024,10:28:12,24436.95,24436.2,50,24439.7,25,50,1098550
NIFTY-II.NFO,05/08/2024,10:28:13,24436.95,24435.5,50,24439.1,25,0,1098550
NIFTY-II.NFO,05/08/2024,10:28:15,24436.95,24435.2,50,24438.95,25,0,1098550
NIFTY-II.NFO,05/08/2024,10:28:17,24436.95,24435,500,24438.55,200,0,1098550
NIFTY-II.NFO,05/08/2024,10:28:18,24436.95,24435.05,25,24437.75,25,0,1098550
NIFTY-II.NFO,05/08/2024,10:28:20,24436.95,24435.4,50,24438,25,0,1098550
NIFTY-II.NFO,05/08/2024,10:28:22,24436.95,24435.7,25,24437.65,25,0,1098550
NIFTY-II.NFO,05/08/2024,10:28:23,24436.95,24435.75,50,24436.8,25,0,1098550
NIFTY-II.NFO,05/08/2024,10:28:25,24435.75,24435,800,24437.65,25,75,1098550
NIFTY-II.NFO,05/08/2024,10:28:27,24435,24435.05,25,24436.7,25,75,1098550
NIFTY-II.NFO,05/08/2024,10:28:28,24435,24435.05,25,24438.45,25,0,1098550
NIFTY-II.NFO,05/08/2024,10:28:30,24435,24435.05,25,24436.7,25,0,1098550
NIFTY-II.NFO,05/08/2024,10:28:32,24435,24435,650,24436.65,25,100,1098550
NIFTY-II.NFO,05/08/2024,10:28:33,24438.4,24435.05,25,24437.6,50,25,1098550
NIFTY-II.NFO,05/08/2024,10:28:35,24438.4,24435.05,25,24437.35,25,0,1098550
NIFTY-II.NFO,05/08/2024,10:28:37,24435,24433,25,24435.35,25,725,1098550
NIFTY-II.NFO,05/08/2024,10:28:38,24433.95,24430.2,125,24433.95,25,250,1098550
NIFTY-II.NFO,05/08/2024,10:28:40,24433.95,24430.25,25,24432.95,25,0,1098550
NIFTY-II.NFO,05/08/2024,10:28:42,24433.95,24430.25,25,24432.85,25,0,1098550
NIFTY-II.NFO,05/08/2024,10:28:43,24433.95,24430.25,25,24432.8,25,0,1098550
NIFTY-II.NFO,05/08/2024,10:28:45,24427.5,24425.95,50,24428.65,25,925,1098550
NIFTY-II.NFO,05/08/2024,10:28:46,24427.5,24425.15,50,24426.65,25,0,1098550
NIFTY-II.NFO,05/08/2024,10:28:48,24425,24425,300,24426.1,25,650,1098550
NIFTY-II.NFO,05/08/2024,10:28:50,24425,24425,125,24426.45,25,175,1098550
NIFTY-II.NFO,05/08/2024,10:28:51,24422.65,24422.95,25,24426.65,25,325,1098550
NIFTY-II.NFO,05/08/2024,10:28:53,24422.65,24422.05,50,24425.95,25,0,1098550
NIFTY-II.NFO,05/08/2024,10:28:55,24422,24422,25,24424.75,100,100,1098550
NIFTY-II.NFO,05/08/2024,10:28:56,24425.95,24422,25,24426.15,100,25,1098550
NIFTY-II.NFO,05/08/2024,10:28:58,24425.95,24422,25,24423.75,25,0,1098550
NIFTY-II.NFO,05/08/2024,10:29:00,24421.1,24420,275,24422,100,75,1098550
NIFTY-II.NFO,05/08/2024,10:29:01,24420,24420,200,24421.95,25,75,1098550
NIFTY-II.NFO,05/08/2024,10:29:03,24425.95,24420.7,50,24425.75,25,25,1098550
NIFTY-II.NFO,05/08/2024,10:29:04,24425.95,24420.9,50,24424.6,25,0,1098550
NIFTY-II.NFO,05/08/2024,10:29:06,24420.85,24420,200,24421.15,25,50,1098550
NIFTY-II.NFO,05/08/2024,10:29:08,24420,24420.05,50,24422.9,25,25,1098550
NIFTY-II.NFO,05/08/2024,10:29:09,24420,24421,125,24422.9,25,0,1098550
NIFTY-II.NFO,05/08/2024,10:29:11,24423.9,24421.85,175,24424.55,25,50,1098550
NIFTY-II.NFO,05/08/2024,10:29:13,24423.15,24420.7,50,24424.45,50,75,1098550
NIFTY-II.NFO,05/08/2024,10:29:14,24424.4,24421.3,125,24424.45,25,100,1098550
NIFTY-II.NFO,05/08/2024,10:29:16,24424.5,24422.55,125,24425,25,50,1098550
NIFTY-II.NFO,05/08/2024,10:29:18,24425.95,24424.05,50,24425.95,50,100,1098550
NIFTY-II.NFO,05/08/2024,10:29:19,24428.8,24425.4,100,24428.75,25,75,1098550
NIFTY-II.NFO,05/08/2024,10:29:21,24428.8,24427.4,50,24428.75,25,0,1098550
NIFTY-II.NFO,05/08/2024,10:29:23,24428.75,24427.6,50,24431.2,25,50,1098550
NIFTY-II.NFO,05/08/2024,10:29:24,24428.75,24429.65,50,24432.7,25,0,1098550
NIFTY-II.NFO,05/08/2024,10:29:26,24433.4,24430.2,50,24433.65,25,50,1098550
NIFTY-II.NFO,05/08/2024,10:29:28,24433.4,24431.2,50,24433.6,25,0,1098550
NIFTY-II.NFO,05/08/2024,10:29:29,24433.6,24431.7,50,24434.3,25,25,1098550
NIFTY-II.NFO,05/08/2024,10:29:31,24433.6,24431.95,50,24437,200,0,1098550
NIFTY-II.NFO,05/08/2024,10:29:33,24433.9,24431.15,50,24433.9,200,100,1098550
NIFTY-II.NFO,05/08/2024,10:29:34,24433.9,24431.2,50,24436.4,200,0,1098550
NIFTY-II.NFO,05/08/2024,10:29:36,24433.9,24431.55,50,24435.9,200,0,1098550
NIFTY-II.NFO,05/08/2024,10:29:38,24433.9,24431.5,50,24435.9,200,0,1098550
NIFTY-II.NFO,05/08/2024,10:29:39,24433.9,24431.75,50,24433.8,25,0,1098550
NIFTY-II.NFO,05/08/2024,10:29:41,24433.8,24432,50,24433.8,25,75,1098550
NIFTY-II.NFO,05/08/2024,10:29:43,24433.8,24435,25,24437.8,200,0,1098550
NIFTY-II.NFO,05/08/2024,10:29:44,24433.8,24435,25,24438.1,25,0,1098550
NIFTY-II.NFO,05/08/2024,10:29:46,24434.85,24436.2,50,24439,25,500,1098550
NIFTY-II.NFO,05/08/2024,10:29:48,24434.85,24436.15,50,24439.2,25,0,1098550
NIFTY-II.NFO,05/08/2024,10:29:49,24434.85,24436.15,50,24438.35,200,0,1098550
NIFTY-II.NFO,05/08/2024,10:29:51,24433.9,24432.6,75,24433.9,125,50,1098550
NIFTY-II.NFO,05/08/2024,10:29:53,24433.9,24431.15,75,24433.9,125,0,1098550
NIFTY-II.NFO,05/08/2024,10:29:54,24433.9,24433.6,50,24437.2,25,125,1098550
NIFTY-II.NFO,05/08/2024,10:29:56,24433.6,24432.9,50,24436.95,25,50,1098550
NIFTY-II.NFO,05/08/2024,10:29:58,24433.6,24431.65,75,24435.45,275,0,1098550
NIFTY-II.NFO,05/08/2024,10:29:59,24433.6,24431.65,75,24435.65,200,0,1098550
NIFTY-II.NFO,05/08/2024,10:30:01,24433.6,24431.65,75,24434.9,200,0,1098550
NIFTY-II.NFO,05/08/2024,10:30:03,24431.25,24431.2,75,24434.45,200,25,1098550
NIFTY-II.NFO,05/08/2024,10:30:04,24431.25,24431.2,75,24434.6,300,0,1098550
NIFTY-II.NFO,05/08/2024,10:30:06,24431.25,24431.25,50,24434.45,25,0,1098550
NIFTY-II.NFO,05/08/2024,10:30:08,24431.95,24432.35,50,24436.9,25,25,1098550
NIFTY-II.NFO,05/08/2024,10:30:09,24431.95,24431.95,50,24437.5,200,0,1098550
NIFTY-II.NFO,05/08/2024,10:30:11,24431.95,24432.85,50,24438.15,275,0,1098550
NIFTY-II.NFO,05/08/2024,10:30:13,24431.95,24433.4,50,24438.15,200,0,1098550
NIFTY-II.NFO,05/08/2024,10:30:14,24431.95,24433.85,50,24438.15,200,0,1098550
NIFTY-II.NFO,05/08/2024,10:30:16,24431.95,24432.1,75,24435.95,25,0,1098550
NIFTY-II.NFO,05/08/2024,10:30:18,24431.95,24432.1,75,24435.9,275,0,1098550
NIFTY-II.NFO,05/08/2024,10:30:19,24431.95,24432.1,75,24436.2,275,0,1098550
NIFTY-II.NFO,05/08/2024,10:30:21,24431.35,24431.45,75,24432.95,25,25,1098550
NIFTY-II.NFO,05/08/2024,10:30:22,24431.35,24431.45,75,24435.05,275,0,1098550
NIFTY-II.NFO,05/08/2024,10:30:24,24431.35,24431.6,50,24436.2,200,0,1098550
NIFTY-II.NFO,05/08/2024,10:30:26,24431.35,24432.95,75,24436.25,50,0,1098550
NIFTY-II.NFO,05/08/2024,10:30:27,24431.35,24432.95,75,24436.2,200,0,1098550
NIFTY-II.NFO,05/08/2024,10:30:29,24431.35,24433,100,24436.25,50,0,1098550
NIFTY-II.NFO,05/08/2024,10:30:31,24431.35,24434,75,24436.25,50,0,1098550
NIFTY-II.NFO,05/08/2024,10:30:36,24431.35,24432,25,24436.2,200,0,1098550
NIFTY-II.NFO,05/08/2024,10:30:37,24432.05,24432.05,25,24436.2,200,25,1098550
NIFTY-II.NFO,05/08/2024,10:30:39,24432.05,24432.85,50,24436.25,50,0,1098550
NIFTY-II.NFO,05/08/2024,10:30:41,24432.05,24433.6,75,24436.25,50,0,1098550
NIFTY-II.NFO,05/08/2024,10:30:42,24433.6,24433.7,25,24436.25,50,50,1098550
NIFTY-II.NFO,05/08/2024,10:30:44,24436.25,24434.35,50,24438.8,25,50,1098550
NIFTY-II.NFO,05/08/2024,10:30:46,24436.25,24436.25,50,24439.2,25,0,1098550
NIFTY-II.NFO,05/08/2024,10:30:47,24436.25,24436.25,50,24441.55,200,0,1098550
NIFTY-II.NFO,05/08/2024,10:30:49,24436.25,24436.5,50,24441.9,200,0,1098550
NIFTY-II.NFO,05/08/2024,10:30:51,24436.25,24435.95,25,24440.95,350,0,1098550
NIFTY-II.NFO,05/08/2024,10:30:52,24440.95,24436.8,50,24440.9,200,25,1099350
NIFTY-II.NFO,05/08/2024,10:30:54,24440.95,24438.8,75,24441,275,0,1099350
NIFTY-II.NFO,05/08/2024,10:30:56,24440.95,24438.8,75,24441.15,325,0,1099350
NIFTY-II.NFO,05/08/2024,10:30:57,24440.95,24438.8,75,24441.05,200,75,1099350
NIFTY-II.NFO,05/08/2024,10:30:59,24438.8,24436.25,75,24438.8,200,175,1099350
NIFTY-II.NFO,05/08/2024,10:31:00,24439.55,24436.25,75,24439.8,200,25,1099350
NIFTY-II.NFO,05/08/2024,10:31:02,24439.55,24436.25,75,24439.75,325,0,1099350
NIFTY-II.NFO,05/08/2024,10:31:04,24439.25,24438,75,24439.5,225,150,1099350
NIFTY-II.NFO,05/08/2024,10:31:05,24432.05,24432.05,25,24434.7,200,150,1099350
NIFTY-II.NFO,05/08/2024,10:31:07,24435.95,24432.05,25,24435.9,100,525,1099350
NIFTY-II.NFO,05/08/2024,10:31:09,24435.95,24432.05,25,24436,25,0,1099350
NIFTY-II.NFO,05/08/2024,10:31:10,24436,24432.05,25,24434.7,25,50,1099350
NIFTY-II.NFO,05/08/2024,10:31:12,24436,24432.05,25,24434.7,25,0,1099350
NIFTY-II.NFO,05/08/2024,10:31:14,24436,24432.1,200,24434.7,25,0,1099350
NIFTY-II.NFO,05/08/2024,10:31:15,24436,24432.3,200,24434.7,25,0,1099350
NIFTY-II.NFO,05/08/2024,10:31:17,24436,24432.05,25,24434.7,25,0,1099350
NIFTY-II.NFO,05/08/2024,10:31:22,24436,24432.1,200,24434.7,25,0,1099350
NIFTY-II.NFO,05/08/2024,10:31:23,24436,24432.2,250,24434.7,25,0,1099350
NIFTY-II.NFO,05/08/2024,10:31:25,24434,24435,275,24439.95,50,100,1099350
NIFTY-II.NFO,05/08/2024,10:31:27,24434,24435.55,125,24439.95,50,0,1099350
NIFTY-II.NFO,05/08/2024,10:31:28,24434,24434.8,50,24439.9,125,0,1099350
NIFTY-II.NFO,05/08/2024,10:31:30,24438.8,24432.4,50,24437.55,100,75,1099350
NIFTY-II.NFO,05/08/2024,10:31:32,24438.8,24432.4,200,24436.75,50,0,1099350
NIFTY-II.NFO,05/08/2024,10:31:33,24438,24433.5,50,24438.85,175,175,1099350
NIFTY-II.NFO,05/08/2024,10:31:35,24438,24432.45,125,24437.4,25,0,1099350
NIFTY-II.NFO,05/08/2024,10:31:37,24438,24432.35,25,24437.25,25,0,1099350
NIFTY-II.NFO,05/08/2024,10:31:38,24438,24432.35,25,24437,25,0,1099350
NIFTY-II.NFO,05/08/2024,10:31:40,24438,24432.1,75,24435.95,25,0,1099350
NIFTY-II.NFO,05/08/2024,10:31:43,24438,24432.1,75,24436.1,25,0,1099350
NIFTY-II.NFO,05/08/2024,10:31:45,24438,24432.1,75,24435.75,25,0,1099350
NIFTY-II.NFO,05/08/2024,10:31:47,24438,24432.1,75,24435.75,75,0,1099350
NIFTY-II.NFO,05/08/2024,10:31:48,24438,24432.65,25,24435.8,25,0,1099350
NIFTY-II.NFO,05/08/2024,10:31:50,24438,24432.1,75,24436.1,75,0,1099350
NIFTY-II.NFO,05/08/2024,10:31:52,24435.95,24432.1,75,24436.1,25,100,1099350
NIFTY-II.NFO,05/08/2024,10:31:53,24434.85,24433.8,25,24436.1,25,25,1099350
NIFTY-II.NFO,05/08/2024,10:31:55,24433.8,24433.8,25,24434.85,25,25,1099350
NIFTY-II.NFO,05/08/2024,10:31:57,24436.65,24433.85,50,24438,75,25,1099350
NIFTY-II.NFO,05/08/2024,10:31:58,24438,24433.8,25,24438,250,25,1099350
NIFTY-II.NFO,05/08/2024,10:32:00,24433.8,24433.8,25,24437.45,25,25,1099350
NIFTY-II.NFO,05/08/2024,10:32:02,24433.8,24433.8,25,24438,250,0,1099350
NIFTY-II.NFO,05/08/2024,10:32:03,24433.8,24433.6,25,24438,250,25,1099350
NIFTY-II.NFO,05/08/2024,10:32:05,24433.8,24432.75,50,24437.35,100,0,1099350
NIFTY-II.NFO,05/08/2024,10:32:08,24433.8,24433.55,50,24437.45,50,0,1099350
NIFTY-II.NFO,05/08/2024,10:32:10,24433.8,24436,25,24437.45,50,0,1099350
NIFTY-II.NFO,05/08/2024,10:32:12,24436,24433.15,50,24437.45,50,25,1099350
NIFTY-II.NFO,05/08/2024,10:32:13,24436,24433.1,50,24437.45,25,0,1099350
NIFTY-II.NFO,05/08/2024,10:32:15,24436,24434.15,50,24437.4,25,0,1099350
NIFTY-II.NFO,05/08/2024,10:32:17,24436,24433.2,200,24437.35,25,0,1099350
NIFTY-II.NFO,05/08/2024,10:32:18,24436,24433.45,200,24437.3,25,0,1099350
NIFTY-II.NFO,05/08/2024,10:32:20,24436,24433.35,50,24437.25,25,0,1099350
NIFTY-II.NFO,05/08/2024,10:32:22,24436,24433,75,24436.75,25,0,1099350
NIFTY-II.NFO,05/08/2024,10:32:23,24436,24433.1,200,24437.75,25,0,1099350
NIFTY-II.NFO,05/08/2024,10:32:25,24436,24433,75,24437.2,25,0,1099350
NIFTY-II.NFO,05/08/2024,10:32:27,24436,24433,75,24436.75,100,0,1099350
NIFTY-II.NFO,05/08/2024,10:32:28,24436,24433,75,24436.15,150,0,1099350
NIFTY-II.NFO,05/08/2024,10:32:30,24433,24432.05,25,24435.25,150,75,1099350
NIFTY-II.NFO,05/08/2024,10:32:32,24433,24432.8,25,24435.25,25,0,1099350
NIFTY-II.NFO,05/08/2024,10:32:33,24432.8,24432.8,25,24433.95,25,50,1099350
NIFTY-II.NFO,05/08/2024,10:32:35,24433.95,24432.8,25,24433.95,50,25,1099350
NIFTY-II.NFO,05/08/2024,10:32:37,24432.8,24432.05,25,24432.8,25,25,1099350
NIFTY-II.NFO,05/08/2024,10:32:38,24432.05,24431,25,24434,25,25,1099350
NIFTY-II.NFO,05/08/2024,10:32:40,24432.05,24431,25,24433.95,50,0,1099350
NIFTY-II.NFO,05/08/2024,10:32:42,24432.05,24431.15,200,24435,25,0,1099350
NIFTY-II.NFO,05/08/2024,10:32:43,24432.05,24431,25,24433.95,25,0,1099350
NIFTY-II.NFO,05/08/2024,10:32:45,24432.05,24431,25,24433.85,25,0,1099350
NIFTY-II.NFO,05/08/2024,10:32:47,24432.05,24431,25,24433.75,25,0,1099350
NIFTY-II.NFO,05/08/2024,10:32:49,24432.05,24431,25,24433.7,25,0,1099350
NIFTY-II.NFO,05/08/2024,10:32:50,24433.65,24431,25,24433.7,75,25,1099350
NIFTY-II.NFO,05/08/2024,10:32:52,24431,24430,75,24433.05,200,25,1099350
NIFTY-II.NFO,05/08/2024,10:32:54,24427.65,24427.8,25,24432.05,150,175,1099350
NIFTY-II.NFO,05/08/2024,10:32:55,24427.8,24426.5,25,24430.55,225,25,1099350
NIFTY-II.NFO,05/08/2024,10:32:57,24427.8,24426.55,200,24431,150,0,1099350
NIFTY-II.NFO,05/08/2024,10:32:59,24427.8,24426.55,200,24430.9,75,0,1099350
NIFTY-II.NFO,05/08/2024,10:33:00,24427.8,24426.85,200,24430.9,50,25,1099350
NIFTY-II.NFO,05/08/2024,10:33:02,24427.8,24429.3,25,24430.9,50,0,1099350
NIFTY-II.NFO,05/08/2024,10:33:04,24429.3,24427.8,25,24430.9,50,25,1099350
NIFTY-II.NFO,05/08/2024,10:33:05,24429.3,24429.1,25,24430.9,50,0,1099350
NIFTY-II.NFO,05/08/2024,10:33:07,24429.3,24427.8,25,24430.85,25,0,1099350
NIFTY-II.NFO,05/08/2024,10:33:09,24429.3,24427.8,25,24430.8,25,0,1099350
NIFTY-II.NFO,05/08/2024,10:33:10,24427.8,24426.4,25,24430.7,100,25,1099350
NIFTY-II.NFO,05/08/2024,10:33:12,24427.8,24424.6,200,24429.7,225,0,1099350
NIFTY-II.NFO,05/08/2024,10:33:14,24427.8,24424.15,200,24428.7,75,0,1099350
NIFTY-II.NFO,05/08/2024,10:33:15,24428.7,24424.4,200,24429.6,200,75,1099350
NIFTY-II.NFO,05/08/2024,10:33:17,24428.7,24425.9,275,24431.1,100,0,1099350
NIFTY-II.NFO,05/08/2024,10:33:19,24428.7,24426.3,275,24431.4,100,0,1099350
NIFTY-II.NFO,05/08/2024,10:33:20,24427.8,24425.05,200,24430,175,25,1099350
NIFTY-II.NFO,05/08/2024,10:33:22,24429.3,24425.05,200,24429.8,200,100,1099350
NIFTY-II.NFO,05/08/2024,10:33:24,24429.3,24426,50,24429.8,25,0,1099350
NIFTY-II.NFO,05/08/2024,10:33:25,24429.3,24425.95,200,24430.4,125,0,1099350
NIFTY-II.NFO,05/08/2024,10:33:27,24430.3,24425.5,200,24430.3,100,25,1099350
NIFTY-II.NFO,05/08/2024,10:33:29,24430.3,24426.35,200,24430.2,25,0,1099350
NIFTY-II.NFO,05/08/2024,10:33:30,24430.3,24425.05,200,24430.05,175,0,1099350
NIFTY-II.NFO,05/08/2024,10:33:32,24430.3,24425.4,200,24429.95,100,0,1099350
NIFTY-II.NFO,05/08/2024,10:33:34,24430.45,24426.1,50,24429,25,100,1099350
NIFTY-II.NFO,05/08/2024,10:33:35,24430.45,24425.05,200,24429,50,0,1099350
NIFTY-II.NFO,05/08/2024,10:33:39,24430.45,24425.25,200,24429,50,0,1099350
NIFTY-II.NFO,05/08/2024,10:33:40,24430.45,24425,100,24429,125,0,1099350
NIFTY-II.NFO,05/08/2024,10:33:42,24430.45,24425,100,24427.85,100,0,1099350
NIFTY-II.NFO,05/08/2024,10:33:44,24427.9,24423.35,75,24427.9,100,175,1099350
NIFTY-II.NFO,05/08/2024,10:33:45,24427.9,24423.35,75,24427.8,150,0,1099350
NIFTY-II.NFO,05/08/2024,10:33:47,24420,24416.95,25,24419.5,275,450,1099350
NIFTY-II.NFO,05/08/2024,10:33:49,24413.4,24414.1,200,24419.35,100,300,1099400
NIFTY-II.NFO,05/08/2024,10:33:50,24415.95,24416,200,24419.45,25,75,1099400
NIFTY-II.NFO,05/08/2024,10:33:52,24415.95,24415.4,200,24420.45,175,0,1099400
NIFTY-II.NFO,05/08/2024,10:33:54,24415.35,24414.7,200,24419.9,150,75,1099400
NIFTY-II.NFO,05/08/2024,10:33:55,24419.8,24414.8,200,24419.7,100,25,1099400
NIFTY-II.NFO,05/08/2024,10:33:57,24419.7,24415.5,50,24419.7,25,25,1099400
NIFTY-II.NFO,05/08/2024,10:33:59,24419.7,24413.9,50,24418.95,125,25,1099400
NIFTY-II.NFO,05/08/2024,10:34:00,24412.5,24412,25,24416.85,125,25,1099400
NIFTY-II.NFO,05/08/2024,10:34:02,24416.05,24411.05,200,24415.7,75,325,1099400
NIFTY-II.NFO,05/08/2024,10:34:04,24412.9,24412.05,200,24415.75,50,25,1099400
NIFTY-II.NFO,05/08/2024,10:34:05,24414.5,24411,75,24414.5,25,25,1099400
NIFTY-II.NFO,05/08/2024,10:34:07,24412.15,24412.15,200,24414.45,25,25,1099400
NIFTY-II.NFO,05/08/2024,10:34:09,24414.5,24411.8,200,24414.5,25,50,1099400
NIFTY-II.NFO,05/08/2024,10:34:10,24414.5,24412.25,275,24414.5,25,0,1099400
NIFTY-II.NFO,05/08/2024,10:34:12,24415.5,24413.8,200,24415.6,75,200,1099400
NIFTY-II.NFO,05/08/2024,10:34:14,24415.5,24411.85,200,24415.55,50,0,1099400
NIFTY-II.NFO,05/08/2024,10:34:15,24415.5,24412.05,275,24415.5,25,0,1099400
NIFTY-II.NFO,05/08/2024,10:34:17,24412.15,24412.2,200,24415.5,25,25,1099400
NIFTY-II.NFO,05/08/2024,10:34:18,24411.35,24411.15,150,24414.5,50,25,1099400
NIFTY-II.NFO,05/08/2024,10:34:20,24411.35,24411,75,24412.15,25,0,1099400
NIFTY-II.NFO,05/08/2024,10:34:22,24411.35,24411,75,24412.05,25,0,1099400
NIFTY-II.NFO,05/08/2024,10:34:23,24412.95,24411,25,24412.95,50,150,1099400
NIFTY-II.NFO,05/08/2024,10:34:25,24412.95,24410.6,25,24412,25,50,1099400
NIFTY-II.NFO,05/08/2024,10:34:27,24412.95,24410.75,250,24412,25,0,1099400
NIFTY-II.NFO,05/08/2024,10:34:28,24412.95,24410.6,25,24411.95,25,0,1099400
NIFTY-II.NFO,05/08/2024,10:34:30,24412,24412,225,24412.7,50,100,1099400
NIFTY-II.NFO,05/08/2024,10:34:32,24410.65,24410.7,25,24412.7,25,250,1099400
NIFTY-II.NFO,05/08/2024,10:34:33,24410.65,24410.65,200,24412.65,25,0,1099400
NIFTY-II.NFO,05/08/2024,10:34:35,24412.6,24410.7,200,24412.55,50,25,1099400
NIFTY-II.NFO,05/08/2024,10:34:37,24410.65,24410.65,25,24412.55,50,25,1099400
NIFTY-II.NFO,05/08/2024,10:34:38,24410.65,24410.8,25,24412.55,50,0,1099400
NIFTY-II.NFO,05/08/2024,10:34:40,24410.1,24410.1,450,24411.1,25,125,1099400
NIFTY-II.NFO,05/08/2024,10:34:42,24410.1,24410.1,375,24411.9,25,75,1099400
NIFTY-II.NFO,05/08/2024,10:34:43,24410.1,24411.85,200,24412.7,25,0,1099400
NIFTY-II.NFO,05/08/2024,10:34:45,24412.95,24411.65,125,24412.95,50,125,1099400
NIFTY-II.NFO,05/08/2024,10:34:47,24413.05,24413.05,175,24416.95,25,100,1099400
NIFTY-II.NFO,05/08/2024,10:34:48,24412.6,24411.25,100,24415.9,275,50,1099400
NIFTY-II.NFO,05/08/2024,10:34:50,24411.2,24410.65,25,24414.85,275,25,1099400
NIFTY-II.NFO,05/08/2024,10:34:52,24410.65,24410.2,25,24413.95,100,25,1099400
NIFTY-II.NFO,05/08/2024,10:34:53,24410.25,24410.25,75,24414.05,25,25,1099400
NIFTY-II.NFO,05/08/2024,10:34:55,24413.95,24410.25,75,24413.9,25,25,1099400
NIFTY-II.NFO,05/08/2024,10:34:57,24413.95,24410.25,75,24413.9,25,0,1099400
NIFTY-II.NFO,05/08/2024,10:34:58,24413.95,24410.25,75,24413.85,50,0,1099400
NIFTY-II.NFO,05/08/2024,10:35:00,24410.2,24410.15,75,24413.85,50,25,1099400
NIFTY-II.NFO,05/08/2024,10:35:02,24410.1,24410.1,350,24413.85,50,100,1099400
NIFTY-II.NFO,05/08/2024,10:35:03,24410.1,24410.1,300,24413.85,75,50,1099400
NIFTY-II.NFO,05/08/2024,10:35:05,24410.1,24410.1,275,24413.8,25,25,1099400
NIFTY-II.NFO,05/08/2024,10:35:07,24410.1,24410.1,275,24412.95,75,0,1099400
NIFTY-II.NFO,05/08/2024,10:35:08,24413.4,24410.1,275,24413.5,50,100,1099400
NIFTY-II.NFO,05/08/2024,10:35:10,24413.4,24410.25,75,24413.8,25,0,1099400
NIFTY-II.NFO,05/08/2024,10:35:12,24410.35,24411,25,24413.5,25,25,1099400
NIFTY-II.NFO,05/08/2024,10:35:13,24410.35,24411,25,24413.5,25,0,1099400
NIFTY-II.NFO,05/08/2024,10:35:15,24415.75,24411.1,200,24414.95,25,400,1099400
NIFTY-II.NFO,05/08/2024,10:35:17,24415.75,24412.35,275,24416.45,25,0,1099400
NIFTY-II.NFO,05/08/2024,10:35:18,24415.55,24412.05,50,24415.55,50,25,1099400
NIFTY-II.NFO,05/08/2024,10:35:20,24415.55,24411.9,100,24415.6,50,0,1099400
NIFTY-II.NFO,05/08/2024,10:35:22,24415.6,24411.9,100,24415.4,25,100,1099400
NIFTY-II.NFO,05/08/2024,10:35:23,24411,24410.1,275,24413.9,200,25,1099400
NIFTY-II.NFO,05/08/2024,10:35:25,24411,24410.1,275,24412.8,225,0,1099400
NIFTY-II.NFO,05/08/2024,10:35:27,24410.1,24410.1,225,24412.7,200,75,1099400
NIFTY-II.NFO,05/08/2024,10:35:28,24413.3,24410.1,225,24413.3,50,175,1099400
NIFTY-II.NFO,05/08/2024,10:35:30,24413.3,24410.1,225,24414.1,50,0,1099400
NIFTY-II.NFO,05/08/2024,10:35:31,24413.3,24410.1,225,24413.95,50,0,1099400
NIFTY-II.NFO,05/08/2024,10:35:33,24410.1,24410.1,175,24413.9,25,50,1099400
NIFTY-II.NFO,05/08/2024,10:35:35,24410.1,24410.1,175,24413.9,25,0,1099400
NIFTY-II.NFO,05/08/2024,10:35:36,24410.1,24410.1,325,24414.8,50,0,1099400
NIFTY-II.NFO,05/08/2024,10:35:38,24410.1,24410.1,325,24414.8,75,0,1099400
NIFTY-II.NFO,05/08/2024,10:35:40,24410.1,24410.1,275,24414.6,75,75,1099400
NIFTY-II.NFO,05/08/2024,10:35:41,24410.1,24410.5,50,24414.5,25,0,1099400
NIFTY-II.NFO,05/08/2024,10:35:43,24412,24411.4,100,24416.55,250,500,1099400
NIFTY-II.NFO,05/08/2024,10:35:45,24412,24412.3,125,24416.5,25,0,1099400
NIFTY-II.NFO,05/08/2024,10:35:46,24412.95,24412.2,125,24416.5,25,25,1099400
NIFTY-II.NFO,05/08/2024,10:35:48,24412.95,24410.15,50,24414.9,225,0,1099400
NIFTY-II.NFO,05/08/2024,10:35:50,24412.95,24410.1,275,24413.9,300,0,1099400
NIFTY-II.NFO,05/08/2024,10:35:51,24412.95,24410.1,275,24413.55,275,0,1099400
NIFTY-II.NFO,05/08/2024,10:35:53,24405,24405,500,24408.6,125,1675,1099400
NIFTY-II.NFO,05/08/2024,10:35:55,24408.55,24405,500,24408.25,75,25,1099400
NIFTY-II.NFO,05/08/2024,10:35:58,24405,24405,450,24408.2,25,150,1099400
NIFTY-II.NFO,05/08/2024,10:36:00,24405,24405,450,24408.2,25,0,1099400
NIFTY-II.NFO,05/08/2024,10:36:01,24405,24406.35,50,24410,25,0,1099400
NIFTY-II.NFO,05/08/2024,10:36:03,24405,24405,500,24408.5,250,0,1099400
NIFTY-II.NFO,05/08/2024,10:36:05,24408.25,24405,500,24408.25,50,25,1099400
NIFTY-II.NFO,05/08/2024,10:36:06,24408.25,24405.25,25,24407.9,25,0,1099400
NIFTY-II.NFO,05/08/2024,10:36:08,24405,24406.85,125,24410,25,200,1099400
NIFTY-II.NFO,05/08/2024,10:36:10,24410,24407.7,125,24410.1,50,50,1099400
NIFTY-II.NFO,05/08/2024,10:36:11,24410,24406.1,125,24410.1,50,0,1099400
NIFTY-II.NFO,05/08/2024,10:36:13,24410,24406.8,125,24410.1,75,0,1099400
NIFTY-II.NFO,05/08/2024,10:36:14,24410,24405.4,175,24410.1,50,0,1099400
NIFTY-II.NFO,05/08/2024,10:36:18,24410,24405.2,125,24410,50,0,1099400
NIFTY-II.NFO,05/08/2024,10:36:19,24410,24405.25,125,24409.95,200,0,1099400
NIFTY-II.NFO,05/08/2024,10:36:21,24410,24406.15,125,24409.85,25,0,1099400
NIFTY-II.NFO,05/08/2024,10:36:23,24410,24406.95,125,24409.85,25,0,1099400
NIFTY-II.NFO,05/08/2024,10:36:24,24410,24407.1,125,24409.85,25,0,1099400
NIFTY-II.NFO,05/08/2024,10:36:26,24410,24407.15,50,24410,75,0,1099400
NIFTY-II.NFO,05/08/2024,10:36:28,24410,24408,100,24410,75,0,1099400
NIFTY-II.NFO,05/08/2024,10:36:29,24410.1,24409.3,50,24411.35,25,125,1099400
NIFTY-II.NFO,05/08/2024,10:36:31,24410,24409.3,50,24411.9,200,50,1099400
NIFTY-II.NFO,05/08/2024,10:36:33,24412,24411.85,50,24414.5,25,250,1099400
NIFTY-II.NFO,05/08/2024,10:36:34,24412,24412.45,50,24416.4,25,0,1099400
NIFTY-II.NFO,05/08/2024,10:36:36,24416.4,24412.75,125,24417.8,200,25,1099400
NIFTY-II.NFO,05/08/2024,10:36:38,24416.75,24413.75,125,24415.5,25,150,1099400
NIFTY-II.NFO,05/08/2024,10:36:39,24418.8,24413.95,50,24416.4,25,100,1099400
NIFTY-II.NFO,05/08/2024,10:36:41,24418.8,24413.1,50,24416.9,25,0,1099400
NIFTY-II.NFO,05/08/2024,10:36:43,24416.9,24412.85,75,24415.5,25,25,1099400
NIFTY-II.NFO,05/08/2024,10:36:44,24416.9,24413.1,50,24415.5,50,0,1099400
NIFTY-II.NFO,05/08/2024,10:36:46,24416.9,24412.85,75,24414.95,200,0,1099400
NIFTY-II.NFO,05/08/2024,10:36:48,24412.85,24412.85,50,24414.95,200,50,1099850
NIFTY-II.NFO,05/08/2024,10:36:49,24415,24412.85,25,24415,225,50,1099850
NIFTY-II.NFO,05/08/2024,10:36:51,24415,24412.85,25,24415,225,0,1099850
NIFTY-II.NFO,05/08/2024,10:36:53,24412.85,24410.5,75,24414.95,200,25,1099850
NIFTY-II.NFO,05/08/2024,10:36:54,24412.4,24408.1,50,24411.8,200,125,1099850
NIFTY-II.NFO,05/08/2024,10:36:56,24412.4,24407.1,175,24412.15,200,0,1099850
NIFTY-II.NFO,05/08/2024,10:36:58,24412.4,24406.15,175,24411.8,200,0,1099850
NIFTY-II.NFO,05/08/2024,10:36:59,24409.9,24405.25,200,24409.9,175,125,1099850
NIFTY-II.NFO,05/08/2024,10:37:01,24399,24399,25,24400.45,50,9425,1099850
NIFTY-II.NFO,05/08/2024,10:37:03,24398.25,24395.05,25,24398.1,50,400,1099850
NIFTY-II.NFO,05/08/2024,10:37:04,24395.05,24395.45,25,24398.35,150,50,1099850
NIFTY-II.NFO,05/08/2024,10:37:06,24398.15,24395.45,25,24398.15,100,50,1099850
NIFTY-II.NFO,05/08/2024,10:37:08,24398.75,24395.45,25,24398,100,50,1099850
NIFTY-II.NFO,05/08/2024,10:37:09,24398,24395,225,24397.95,125,25,1099850
NIFTY-II.NFO,05/08/2024,10:37:11,24398,24395,250,24397.6,125,0,1099850
NIFTY-II.NFO,05/08/2024,10:37:13,24397.6,24395,225,24398,150,250,1099850
NIFTY-II.NFO,05/08/2024,10:37:15,24395,24395,200,24398,150,25,1099850
NIFTY-II.NFO,05/08/2024,10:37:16,24396,24395,175,24396,50,25,1099850
NIFTY-II.NFO,05/08/2024,10:37:18,24396,24395,200,24396,200,100,1099850
NIFTY-II.NFO,05/08/2024,10:37:19,24393.55,24391.3,250,24395,100,650,1099850
NIFTY-II.NFO,05/08/2024,10:37:21,24394.65,24391,25,24395.15,175,175,1099850
NIFTY-II.NFO,05/08/2024,10:37:23,24391.85,24391.6,225,24395.3,25,100,1099850
NIFTY-II.NFO,05/08/2024,10:37:24,24391.95,24391.05,200,24395.2,50,75,1099850
NIFTY-II.NFO,05/08/2024,10:37:26,24392.15,24392,175,24395.4,50,75,1099850
NIFTY-II.NFO,05/08/2024,10:37:28,24391.5,24391.05,50,24395.4,125,225,1099850
NIFTY-II.NFO,05/08/2024,10:37:29,24394.6,24391.05,25,24395.3,150,150,1099850
NIFTY-II.NFO,05/08/2024,10:37:31,24391.05,24390.05,25,24391.85,25,425,1099850
NIFTY-II.NFO,05/08/2024,10:37:33,24394.5,24390.6,25,24393.85,25,75,1099850
NIFTY-II.NFO,05/08/2024,10:37:34,24391.1,24391.05,50,24395.55,25,25,1099850
NIFTY-II.NFO,05/08/2024,10:37:36,24395.15,24391.1,25,24395.15,100,50,1099850
NIFTY-II.NFO,05/08/2024,10:37:38,24391.1,24390.95,150,24395.2,125,25,1099850
NIFTY-II.NFO,05/08/2024,10:37:39,24391.15,24391.35,50,24395.45,25,25,1099850
NIFTY-II.NFO,05/08/2024,10:37:41,24391.15,24393.2,150,24395.45,25,0,1099850
NIFTY-II.NFO,05/08/2024,10:37:43,24391.15,24394.05,150,24394.95,25,0,1099850
NIFTY-II.NFO,05/08/2024,10:37:44,24395.45,24394.55,50,24397.4,200,250,1099850
NIFTY-II.NFO,05/08/2024,10:37:46,24394.8,24396.3,25,24396.75,25,25,1099850
NIFTY-II.NFO,05/08/2024,10:37:48,24396.7,24391.85,25,24395,650,25,1099850
NIFTY-II.NFO,05/08/2024,10:37:49,24395,24391.85,25,24394.95,25,25,1099850
NIFTY-II.NFO,05/08/2024,10:37:51,24395,24392.75,25,24395,350,350,1099850
NIFTY-II.NFO,05/08/2024,10:37:53,24395,24393.25,25,24394.95,25,300,1099850
NIFTY-II.NFO,05/08/2024,10:37:54,24395.85,24393.55,25,24396.3,50,150,1099850
NIFTY-II.NFO,05/08/2024,10:37:56,24396.75,24393.25,25,24396.7,200,75,1099850
NIFTY-II.NFO,05/08/2024,10:37:58,24391.9,24391.85,25,24394.75,25,50,1099850
NIFTY-II.NFO,05/08/2024,10:37:59,24390.85,24389,75,24390.85,25,625,1099850
NIFTY-II.NFO,05/08/2024,10:38:01,24390,24389,75,24390.85,25,550,1099850
NIFTY-II.NFO,05/08/2024,10:38:03,24390,24389.05,25,24392.4,25,575,1099850
NIFTY-II.NFO,05/08/2024,10:38:04,24389,24389.5,50,24392.4,50,25,1099850
NIFTY-II.NFO,05/08/2024,10:38:06,24389,24389,100,24392.3,25,0,1099850
NIFTY-II.NFO,05/08/2024,10:38:08,24392.75,24388.95,100,24392.4,100,100,1099850
NIFTY-II.NFO,05/08/2024,10:38:09,24392.75,24388.95,100,24390.8,25,0,1099850
NIFTY-II.NFO,05/08/2024,10:38:11,24390.8,24390,625,24390.8,25,75,1099850
NIFTY-II.NFO,05/08/2024,10:38:13,24390.4,24388,75,24390.4,50,975,1099850
NIFTY-II.NFO,05/08/2024,10:38:14,24390.4,24388,75,24389.6,25,0,1099850
NIFTY-II.NFO,05/08/2024,10:38:16,24389,24388,75,24390,25,25,1099850
NIFTY-II.NFO,05/08/2024,10:38:18,24390,24388,75,24390.65,25,25,1099850
NIFTY-II.NFO,05/08/2024,10:38:19,24390,24388,75,24390.2,25,0,1099850
NIFTY-II.NFO,05/08/2024,10:38:21,24388,24388,25,24390.65,25,25,1099850
NIFTY-II.NFO,05/08/2024,10:38:23,24386.05,24386.75,50,24390.8,50,100,1099850
NIFTY-II.NFO,05/08/2024,10:38:24,24390,24388.4,50,24390.8,25,25,1099850
NIFTY-II.NFO,05/08/2024,10:38:26,24390,24386,225,24389.85,200,0,1099850
NIFTY-II.NFO,05/08/2024,10:38:28,24389.85,24386,225,24389.4,275,100,1099850
NIFTY-II.NFO,05/08/2024,10:38:29,24386,24386,175,24388.2,75,50,1099850
NIFTY-II.NFO,05/08/2024,10:38:31,24388.65,24385.95,25,24388.2,125,225,1099850
NIFTY-II.NFO,05/08/2024,10:38:33,24385.95,24385.8,50,24388.75,125,100,1099850
NIFTY-II.NFO,05/08/2024,10:38:34,24385,24385.05,75,24388.75,50,200,1099850
NIFTY-II.NFO,05/08/2024,10:38:34,24385,24385.05,75,24388.75,50,0,1099850
NIFTY-II.NFO,05/08/2024,10:38:36,24389,24385.05,75,24388.8,100,125,1099850
NIFTY-II.NFO,05/08/2024,10:38:38,24388.75,24385,900,24387,50,75,1099850
NIFTY-II.NFO,05/08/2024,10:38:39,24385,24385.05,75,24388.55,50,200,1099850
NIFTY-II.NFO,05/08/2024,10:38:41,24385.05,24385,700,24386.75,250,25,1099850
NIFTY-II.NFO,05/08/2024,10:38:43,24385,24385,625,24386.1,50,75,1099850
NIFTY-II.NFO,05/08/2024,10:38:44,24385,24385,100,24386.4,25,675,1099850
NIFTY-II.NFO,05/08/2024,10:38:46,24385,24385,50,24386.95,275,100,1099850
NIFTY-II.NFO,05/08/2024,10:38:48,24385,24384.05,50,24385,25,50,1099850
NIFTY-II.NFO,05/08/2024,10:38:49,24385,24384.05,50,24385,25,0,1099850
NIFTY-II.NFO,05/08/2024,10:38:51,24385,24384.05,50,24385,50,25,1099850
NIFTY-II.NFO,05/08/2024,10:38:53,24385,24385.45,50,24387,25,50,1099850
NIFTY-II.NFO,05/08/2024,10:38:54,24385.05,24385.05,25,24387,25,25,1099850
NIFTY-II.NFO,05/08/2024,10:38:56,24385.55,24386.55,50,24387,25,125,1099850
NIFTY-II.NFO,05/08/2024,10:38:58,24385.55,24385.35,125,24387,25,0,1099850
NIFTY-II.NFO,05/08/2024,10:38:59,24386.1,24385.05,100,24390.25,275,50,1099850
NIFTY-II.NFO,05/08/2024,10:39:01,24386.1,24385,250,24389.8,275,0,1099850
NIFTY-II.NFO,05/08/2024,10:39:03,24386.1,24385,150,24386.95,200,0,1099850
NIFTY-II.NFO,05/08/2024,10:39:04,24387.15,24385,150,24387.75,275,100,1099850
NIFTY-II.NFO,05/08/2024,10:39:06,24387.15,24385,150,24387.95,25,0,1099850
NIFTY-II.NFO,05/08/2024,10:39:08,24387.15,24385.15,25,24389.5,25,0,1099850
NIFTY-II.NFO,05/08/2024,10:39:09,24387.15,24385,150,24389.15,275,0,1099850
NIFTY-II.NFO,05/08/2024,10:39:11,24387.15,24386.6,25,24391.1,50,0,1099850
NIFTY-II.NFO,05/08/2024,10:39:13,24392.3,24387,25,24391.9,250,350,1099850
NIFTY-II.NFO,05/08/2024,10:39:14,24392.3,24388.5,150,24390.75,25,25,1099850
NIFTY-II.NFO,05/08/2024,10:39:16,24390.75,24393,200,24393.35,25,50,1099850
NIFTY-II.NFO,05/08/2024,10:39:18,24393.35,24392.7,200,24395,25,25,1099850
NIFTY-II.NFO,05/08/2024,10:39:19,24393.35,24393.4,200,24395,25,0,1099850
NIFTY-II.NFO,05/08/2024,10:39:21,24395,24392.4,50,24397.5,175,25,1099850
NIFTY-II.NFO,05/08/2024,10:39:23,24393.35,24393.3,50,24398.3,175,25,1099850
NIFTY-II.NFO,05/08/2024,10:39:24,24400.5,24395,50,24400.2,125,475,1099850
NIFTY-II.NFO,05/08/2024,10:39:26,24400.5,24394.4,50,24399.85,125,0,1099850
NIFTY-II.NFO,05/08/2024,10:39:28,24396.95,24391.05,25,24396.4,100,175,1099850
NIFTY-II.NFO,05/08/2024,10:39:29,24395,24395,25,24396.35,25,25,1099850
NIFTY-II.NFO,05/08/2024,10:39:31,24395,24395,25,24396.55,100,0,1099850
NIFTY-II.NFO,05/08/2024,10:39:33,24393.35,24391.05,25,24393.65,100,50,1099850
NIFTY-II.NFO,05/08/2024,10:39:34,24393,24390,200,24392.9,50,125,1099850
NIFTY-II.NFO,05/08/2024,10:39:36,24392.4,24390,175,24392.7,50,25,1099850
NIFTY-II.NFO,05/08/2024,10:39:38,24390,24390,100,24392.7,125,75,1099850
NIFTY-II.NFO,05/08/2024,10:39:39,24390,24390,75,24392.35,125,25,1099850
NIFTY-II.NFO,05/08/2024,10:39:41,24392.55,24390,75,24392.55,25,125,1099850
NIFTY-II.NFO,05/08/2024,10:39:43,24392.55,24390,75,24392.2,50,0,1099850
NIFTY-II.NFO,05/08/2024,10:39:44,24392.55,24390,75,24391.85,100,25,1099850
NIFTY-II.NFO,05/08/2024,10:39:46,24387.95,24385,400,24386.95,100,175,1099850
NIFTY-II.NFO,05/08/2024,10:39:48,24388.5,24385,375,24387.8,25,275,1099850
NIFTY-II.NFO,05/08/2024,10:39:49,24385,24385,275,24386.8,75,175,1105300
NIFTY-II.NFO,05/08/2024,10:39:51,24385,24385,75,24386.4,100,200,1105300
NIFTY-II.NFO,05/08/2024,10:39:53,24385,24385,25,24387.5,100,75,1105300
NIFTY-II.NFO,05/08/2024,10:39:54,24385,24385,25,24387.8,25,75,1105300
NIFTY-II.NFO,05/08/2024,10:39:56,24383,24381.4,200,24386.9,100,150,1105300
NIFTY-II.NFO,05/08/2024,10:39:56,24383,24381.4,200,24386.9,100,0,1105300
NIFTY-II.NFO,05/08/2024,10:39:58,24386.9,24384.75,50,24387.45,25,50,1105300
NIFTY-II.NFO,05/08/2024,10:39:59,24387.8,24382.05,50,24387.1,50,100,1105300
NIFTY-II.NFO,05/08/2024,10:40:01,24383.35,24382.2,200,24386.9,100,25,1105300
NIFTY-II.NFO,05/08/2024,10:40:03,24386.95,24381.55,200,24386.8,50,25,1105300
NIFTY-II.NFO,05/08/2024,10:40:04,24385,24383.15,200,24387.8,25,100,1105300
NIFTY-II.NFO,05/08/2024,10:40:06,24383.55,24383.2,200,24388,50,75,1105300
NIFTY-II.NFO,05/08/2024,10:40:08,24384.15,24383.55,50,24386.8,25,25,1105300
NIFTY-II.NFO,05/08/2024,10:40:09,24383.05,24383.1,200,24385.05,50,75,1105300
NIFTY-II.NFO,05/08/2024,10:40:11,24382.8,24382.4,200,24383.55,25,50,1105300
NIFTY-II.NFO,05/08/2024,10:40:11,24382.8,24382.4,200,24383.55,25,0,1105300
NIFTY-II.NFO,05/08/2024,10:40:13,24385.05,24383.45,200,24385.05,25,50,1105300
NIFTY-II.NFO,05/08/2024,10:40:14,24385.05,24383.65,200,24385.05,25,0,1105300
NIFTY-II.NFO,05/08/2024,10:40:16,24385.05,24383.05,25,24385.05,25,0,1105300
NIFTY-II.NFO,05/08/2024,10:40:18,24385.15,24383.05,25,24385.15,25,100,1105300
NIFTY-II.NFO,05/08/2024,10:40:19,24385.15,24383.05,25,24384.75,425,25,1105300
NIFTY-II.NFO,05/08/2024,10:40:21,24382.25,24381,25,24382.25,75,150,1105300
NIFTY-II.NFO,05/08/2024,10:40:21,24382.25,24381,25,24382.25,75,0,1105300
NIFTY-II.NFO,05/08/2024,10:40:23,24375,24375,300,24377.65,175,2100,1105300
NIFTY-II.NFO,05/08/2024,10:40:23,24375,24375,300,24377.65,175,0,1105300
NIFTY-II.NFO,05/08/2024,10:40:24,24375,24375.05,25,24376.45,100,775,1105300
NIFTY-II.NFO,05/08/2024,10:40:26,24377.25,24375,125,24377.55,25,200,1105300
NIFTY-II.NFO,05/08/2024,10:40:27,24375,24375,25,24376.95,25,325,1105300
NIFTY-II.NFO,05/08/2024,10:40:27,24372.55,24375,25,24376.95,25,0,1105300
NIFTY-II.NFO,05/08/2024,10:40:29,24378.15,24372.95,50,24376.95,25,75,1105300
NIFTY-II.NFO,05/08/2024,10:40:31,24375,24372.5,25,24375.95,25,50,1105300
NIFTY-II.NFO,05/08/2024,10:40:32,24374.95,24373.25,25,24377.25,50,100,1105300
NIFTY-II.NFO,05/08/2024,10:40:32,24372.5,24373.25,25,24377.25,50,0,1105300
NIFTY-II.NFO,05/08/2024,10:40:34,24376.95,24373.3,100,24377,25,25,1105300
NIFTY-II.NFO,05/08/2024,10:40:36,24373.3,24373.25,100,24376.9,25,100,1105300
NIFTY-II.NFO,05/08/2024,10:40:37,24373.25,24375,400,24376.9,25,25,1105300
NIFTY-II.NFO,05/08/2024,10:40:39,24375,24375,325,24376.8,25,75,1105300
NIFTY-II.NFO,05/08/2024,10:40:41,24375,24375.95,25,24376.75,25,0,1105300
NIFTY-II.NFO,05/08/2024,10:40:42,24375,24375,300,24375.95,25,100,1105300
NIFTY-II.NFO,05/08/2024,10:40:44,24375,24375,200,24375.9,25,100,1105300
NIFTY-II.NFO,05/08/2024,10:40:45,24375.9,24375,200,24375.95,25,25,1105300
NIFTY-II.NFO,05/08/2024,10:40:47,24375,24375,175,24375.9,50,50,1105300
NIFTY-II.NFO,05/08/2024,10:40:49,24375.8,24375,125,24375.85,50,75,1105300
NIFTY-II.NFO,05/08/2024,10:40:50,24375,24372.3,25,24375,25,225,1105300
NIFTY-II.NFO,05/08/2024,10:40:52,24375,24373.3,100,24375,25,25,1105300
NIFTY-II.NFO,05/08/2024,10:40:54,24375,24372.3,100,24376.95,50,125,1105300
NIFTY-II.NFO,05/08/2024,10:40:55,24373.6,24374.55,75,24376.9,25,50,1105300
NIFTY-II.NFO,05/08/2024,10:40:57,24375,24375,50,24376.85,25,25,1105300
NIFTY-II.NFO,05/08/2024,10:40:58,24375,24373.45,75,24376,25,175,1105300
NIFTY-II.NFO,05/08/2024,10:41:00,24376.95,24376.05,150,24376.9,50,100,1105300
NIFTY-II.NFO,05/08/2024,10:41:02,24376.8,24375,25,24376.8,25,75,1105300
NIFTY-II.NFO,05/08/2024,10:41:03,24376.8,24375,25,24376.75,25,0,1105300
NIFTY-II.NFO,05/08/2024,10:41:05,24376.8,24375,25,24376.7,25,0,1105300
NIFTY-II.NFO,05/08/2024,10:41:07,24376.8,24375.15,75,24376.7,25,0,1105300
NIFTY-II.NFO,05/08/2024,10:41:08,24376.8,24375,25,24376.6,25,0,1105300
NIFTY-II.NFO,05/08/2024,10:41:10,24376.6,24375,25,24376.75,25,25,1105300
NIFTY-II.NFO,05/08/2024,10:41:12,24375,24373,25,24375.7,25,25,1105300
NIFTY-II.NFO,05/08/2024,10:41:13,24376.7,24376.7,400,24376.85,50,1100,1105300
NIFTY-II.NFO,05/08/2024,10:41:15,24376.5,24373,25,24374.7,25,1975,1105300
NIFTY-II.NFO,05/08/2024,10:41:17,24373.15,24371,50,24372.75,25,325,1105300
NIFTY-II.NFO,05/08/2024,10:41:17,24372,24371,50,24372.75,25,0,1105300
NIFTY-II.NFO,05/08/2024,10:41:18,24372.75,24371,50,24373.25,100,75,1105300
NIFTY-II.NFO,05/08/2024,10:41:20,24373.25,24371,50,24373.25,25,175,1105300
NIFTY-II.NFO,05/08/2024,10:41:21,24374.3,24371,50,24373.25,25,100,1105300
NIFTY-II.NFO,05/08/2024,10:41:23,24370,24370.25,50,24373.2,25,250,1105300
NIFTY-II.NFO,05/08/2024,10:41:23,24370,24370.25,50,24373.2,25,0,1105300
NIFTY-II.NFO,05/08/2024,10:41:25,24371.5,24371.7,250,24375,125,1800,1105300
NIFTY-II.NFO,05/08/2024,10:41:26,24371.7,24373.4,200,24375,100,25,1105300
NIFTY-II.NFO,05/08/2024,10:41:28,24370,24369.05,50,24373.95,100,1925,1105300
NIFTY-II.NFO,05/08/2024,10:41:30,24370,24371.5,100,24373.4,25,0,1105300
NIFTY-II.NFO,05/08/2024,10:41:31,24371.5,24371.5,50,24373.35,275,75,1105300
NIFTY-II.NFO,05/08/2024,10:41:33,24371.5,24371.5,50,24373.3,25,0,1105300
NIFTY-II.NFO,05/08/2024,10:41:35,24371.5,24371.5,25,24373.3,25,25,1105300
NIFTY-II.NFO,05/08/2024,10:41:36,24373.5,24373.5,375,24374.9,25,225,1105300
NIFTY-II.NFO,05/08/2024,10:41:38,24373.5,24373.5,350,24375,200,50,1105300
NIFTY-II.NFO,05/08/2024,10:41:40,24371.5,24371.5,25,24374.95,25,425,1105300
NIFTY-II.NFO,05/08/2024,10:41:41,24371.5,24371.65,50,24375,200,0,1105300
NIFTY-II.NFO,05/08/2024,10:41:43,24371.5,24371.5,25,24375,200,0,1105300
NIFTY-II.NFO,05/08/2024,10:41:45,24371.5,24371.75,50,24375,200,0,1105300
NIFTY-II.NFO,05/08/2024,10:41:46,24375,24372,50,24375,175,25,1105300
NIFTY-II.NFO,05/08/2024,10:41:48,24372,24374.15,75,24375,175,25,1105300
NIFTY-II.NFO,05/08/2024,10:41:50,24377.5,24373.45,50,24377.5,50,250,1105300
NIFTY-II.NFO,05/08/2024,10:41:51,24377.5,24374,25,24378.8,275,0,1105300
NIFTY-II.NFO,05/08/2024,10:41:53,24378.1,24374,25,24376.6,325,25,1105300
NIFTY-II.NFO,05/08/2024,10:41:55,24374,24371.5,25,24374.7,200,75,1105300
NIFTY-II.NFO,05/08/2024,10:41:56,24371.5,24370.05,75,24375.15,275,25,1105300
NIFTY-II.NFO,05/08/2024,10:41:58,24371.5,24370.05,75,24374.9,200,0,1105300
NIFTY-II.NFO,05/08/2024,10:42:00,24371.25,24370.1,25,24373.8,100,50,1105300
NIFTY-II.NFO,05/08/2024,10:42:01,24369,24369,50,24369.15,100,525,1105300
NIFTY-II.NFO,05/08/2024,10:42:01,24369,24369,50,24369.15,100,0,1105300
NIFTY-II.NFO,05/08/2024,10:42:03,24368,24366,50,24367.4,75,150,1105300
NIFTY-II.NFO,05/08/2024,10:42:03,24368,24366,50,24367.4,75,0,1105300
NIFTY-II.NFO,05/08/2024,10:42:05,24368,24368,375,24369.15,25,125,1105300
NIFTY-II.NFO,05/08/2024,10:42:06,24370,24368,350,24372.1,200,150,1105300
NIFTY-II.NFO,05/08/2024,10:42:08,24370,24368,350,24369.95,200,0,1105300
NIFTY-II.NFO,05/08/2024,10:42:10,24368,24368,50,24369.15,200,425,1105300
NIFTY-II.NFO,05/08/2024,10:42:11,24367.95,24366,50,24367.95,125,150,1105300
NIFTY-II.NFO,05/08/2024,10:42:11,24367.95,24366,50,24367.95,125,0,1105300
NIFTY-II.NFO,05/08/2024,10:42:13,24365,24365,175,24368.85,125,75,1105300
NIFTY-II.NFO,05/08/2024,10:42:13,24365,24365,175,24368.85,125,0,1105300
NIFTY-II.NFO,05/08/2024,10:42:15,24366.15,24364,25,24365.5,100,250,1105300
NIFTY-II.NFO,05/08/2024,10:42:16,24363,24362,50,24364.9,150,75,1105300
NIFTY-II.NFO,05/08/2024,10:42:16,24363,24362,50,24364.9,150,0,1105300
NIFTY-II.NFO,05/08/2024,10:42:18,24364.05,24362,50,24363.5,75,50,1105300
NIFTY-II.NFO,05/08/2024,10:42:20,24361,24361,50,24361.4,75,325,1105300
NIFTY-II.NFO,05/08/2024,10:42:20,24361,24361,50,24361.4,75,0,1105300
NIFTY-II.NFO,05/08/2024,10:42:21,24360,24359.15,50,24360,25,450,1105300
NIFTY-II.NFO,05/08/2024,10:42:21,24360,24359.15,50,24360,25,0,1105300
NIFTY-II.NFO,05/08/2024,10:42:23,24362.5,24358.65,25,24360,100,50,1105300
NIFTY-II.NFO,05/08/2024,10:42:23,24358.05,24358.65,25,24360,100,0,1105300
NIFTY-II.NFO,05/08/2024,10:42:25,24360,24358,75,24360,550,25,1105300
NIFTY-II.NFO,05/08/2024,10:42:26,24355.3,24355.55,50,24359.95,100,150,1105300
NIFTY-II.NFO,05/08/2024,10:42:26,24355.3,24355.55,50,24359.95,100,0,1105300
NIFTY-II.NFO,05/08/2024,10:42:28,24358.95,24355.65,50,24359.95,25,25,1105300
NIFTY-II.NFO,05/08/2024,10:42:30,24359.95,24356.25,25,24360,75,25,1105300
NIFTY-II.NFO,05/08/2024,10:42:31,24355.15,24355,200,24355.15,25,25,1105300
NIFTY-II.NFO,05/08/2024,10:42:31,24355.15,24355,200,24355.15,25,0,1105300
NIFTY-II.NFO,05/08/2024,10:42:33,24355,24355,50,24356.5,400,200,1105300
NIFTY-II.NFO,05/08/2024,10:42:33,24355,24355,50,24356.5,400,0,1105300
NIFTY-II.NFO,05/08/2024,10:42:35,24353.1,24355,350,24358.1,50,225,1105300
NIFTY-II.NFO,05/08/2024,10:42:35,24353.1,24355,350,24358.1,50,0,1105300
NIFTY-II.NFO,05/08/2024,10:42:36,24355,24355,125,24356,375,325,1105300
NIFTY-II.NFO,05/08/2024,10:42:38,24351.05,24351,300,24351.1,25,375,1105300
NIFTY-II.NFO,05/08/2024,10:42:38,24351.05,24351,300,24351.1,25,0,1105300
NIFTY-II.NFO,05/08/2024,10:42:40,24346.15,24345.2,50,24350.25,450,2300,1105300
NIFTY-II.NFO,05/08/2024,10:42:40,24346.15,24345.2,50,24350.25,450,0,1105300
NIFTY-II.NFO,05/08/2024,10:42:41,24346.85,24345.75,100,24350.9,50,150,1105300
NIFTY-II.NFO,05/08/2024,10:42:41,24345.15,24345.75,100,24350.9,50,0,1105300
NIFTY-II.NFO,05/08/2024,10:42:43,24346.15,24345.05,100,24350.1,50,50,1105300
NIFTY-II.NFO,05/08/2024,10:42:45,24345.6,24345.5,25,24350.1,100,25,1105300
NIFTY-II.NFO,05/08/2024,10:42:46,24349.6,24344.45,100,24349.9,50,400,1105300
NIFTY-II.NFO,05/08/2024,10:42:46,24345,24344.45,100,24349.9,50,0,1105300
NIFTY-II.NFO,05/08/2024,10:42:48,24345.6,24345.6,50,24349.5,125,150,1105300
NIFTY-II.NFO,05/08/2024,10:42:50,24344.4,24344,25,24347.4,50,225,1111225
NIFTY-II.NFO,05/08/2024,10:42:50,24344.4,24344,25,24347.4,50,0,1111225
NIFTY-II.NFO,05/08/2024,10:42:51,24347.4,24345.6,25,24347.45,75,25,1111225
NIFTY-II.NFO,05/08/2024,10:42:53,24345.6,24344,25,24345.55,50,125,1111225
NIFTY-II.NFO,05/08/2024,10:42:55,24344,24343.05,50,24345.55,50,25,1111225
NIFTY-II.NFO,05/08/2024,10:42:55,24344,24343.05,50,24345.55,50,0,1111225
NIFTY-II.NFO,05/08/2024,10:42:56,24347.5,24348.4,200,24349.4,25,325,1111225
NIFTY-II.NFO,05/08/2024,10:42:58,24347.5,24346.05,250,24349.35,500,0,1111225
NIFTY-II.NFO,05/08/2024,10:43:00,24350.55,24350.3,275,24350.55,125,925,1111225
NIFTY-II.NFO,05/08/2024,10:43:01,24350.55,24351.25,250,24356.95,25,200,1111225
NIFTY-II.NFO,05/08/2024,10:43:03,24359.95,24361.3,75,24364.75,75,650,1111225
NIFTY-II.NFO,05/08/2024,10:43:05,24360.9,24359.1,375,24364.5,50,75,1111225
NIFTY-II.NFO,05/08/2024,10:43:06,24365,24360,175,24365.05,25,50,1111225
NIFTY-II.NFO,05/08/2024,10:43:08,24359.5,24357.65,50,24363.15,200,50,1111225
NIFTY-II.NFO,05/08/2024,10:43:10,24360.5,24359.95,25,24361.85,50,525,1111225
NIFTY-II.NFO,05/08/2024,10:43:11,24360.7,24352,25,24356.75,75,250,1111225
NIFTY-II.NFO,05/08/2024,10:43:13,24356.7,24352,25,24353.9,125,50,1111225
NIFTY-II.NFO,05/08/2024,10:43:15,24356.7,24352.75,275,24356.8,275,0,1111225
NIFTY-II.NFO,05/08/2024,10:43:16,24353.05,24353.9,200,24356.7,100,50,1111225
NIFTY-II.NFO,05/08/2024,10:43:18,24356.7,24353.05,325,24356.75,50,125,1111225
NIFTY-II.NFO,05/08/2024,10:43:19,24356.75,24354.05,275,24356.75,25,25,1111225
NIFTY-II.NFO,05/08/2024,10:43:21,24360.4,24355.1,200,24360.15,125,75,1111225
NIFTY-II.NFO,05/08/2024,10:43:23,24360.4,24354.75,200,24360.3,125,0,1111225
NIFTY-II.NFO,05/08/2024,10:43:24,24360.4,24353.95,50,24359.85,125,0,1111225
NIFTY-II.NFO,05/08/2024,10:43:26,24355.4,24355.25,75,24360.15,200,375,1111225
NIFTY-II.NFO,05/08/2024,10:43:28,24360.2,24355.55,125,24360.2,50,125,1111225
NIFTY-II.NFO,05/08/2024,10:43:29,24360.2,24355.05,50,24359.75,300,50,1111225
NIFTY-II.NFO,05/08/2024,10:43:31,24360.2,24355.05,50,24359.95,200,0,1111225
NIFTY-II.NFO,05/08/2024,10:43:33,24359.9,24355.05,125,24358.85,25,75,1111225
NIFTY-II.NFO,05/08/2024,10:43:34,24355.05,24357.5,100,24359.9,25,25,1111225
NIFTY-II.NFO,05/08/2024,10:43:36,24358.1,24357.7,25,24359.9,25,75,1111225
NIFTY-II.NFO,05/08/2024,10:43:38,24358.1,24357.7,25,24359.9,25,0,1111225
NIFTY-II.NFO,05/08/2024,10:43:39,24360,24359.9,25,24360,200,50,1111225
NIFTY-II.NFO,05/08/2024,10:43:41,24360,24359.9,25,24360,175,25,1111225
NIFTY-II.NFO,05/08/2024,10:43:42,24356.35,24357,25,24360,175,50,1111225
NIFTY-II.NFO,05/08/2024,10:43:44,24356.35,24357,25,24360,175,100,1111225
NIFTY-II.NFO,05/08/2024,10:43:46,24356.35,24357,25,24359.95,200,0,1111225
NIFTY-II.NFO,05/08/2024,10:43:47,24357,24355.75,125,24359.95,350,25,1111225
NIFTY-II.NFO,05/08/2024,10:43:49,24357,24357,25,24359.95,350,0,1111225
NIFTY-II.NFO,05/08/2024,10:43:51,24357,24357,100,24359.95,350,0,1111225
NIFTY-II.NFO,05/08/2024,10:43:52,24357,24357,25,24359.35,200,0,1111225
NIFTY-II.NFO,05/08/2024,10:43:54,24355.15,24355.15,50,24355.55,25,125,1111225
NIFTY-II.NFO,05/08/2024,10:43:56,24355.15,24355,75,24355.55,25,50,1111225
NIFTY-II.NFO,05/08/2024,10:43:57,24354.35,24352,25,24354.25,200,150,1111225
NIFTY-II.NFO,05/08/2024,10:43:59,24352,24351,25,24354,300,50,1111225
NIFTY-II.NFO,05/08/2024,10:44:01,24353.2,24351,25,24352.8,125,50,1111225
NIFTY-II.NFO,05/08/2024,10:44:02,24353.15,24351,25,24353.85,200,75,1111225
NIFTY-II.NFO,05/08/2024,10:44:04,24353.15,24351,25,24354,25,0,1111225
NIFTY-II.NFO,05/08/2024,10:44:06,24351.05,24352.5,50,24354,25,100,1111225
NIFTY-II.NFO,05/08/2024,10:44:07,24352.7,24354.3,100,24357,50,50,1111225
NIFTY-II.NFO,05/08/2024,10:44:09,24356.95,24356.75,125,24356.95,100,275,1111225
NIFTY-II.NFO,05/08/2024,10:44:11,24358,24354.15,125,24359.85,275,175,1111225
NIFTY-II.NFO,05/08/2024,10:44:12,24358,24353.85,125,24359.65,200,0,1111225
NIFTY-II.NFO,05/08/2024,10:44:14,24358,24353.35,125,24359,275,0,1111225
NIFTY-II.NFO,05/08/2024,10:44:15,24358.3,24354.35,100,24358.55,125,75,1111225
NIFTY-II.NFO,05/08/2024,10:44:17,24353.65,24353.65,25,24357.9,200,75,1111225
NIFTY-II.NFO,05/08/2024,10:44:19,24359.7,24354.45,175,24359.5,200,50,1111225
NIFTY-II.NFO,05/08/2024,10:44:20,24354.25,24355,200,24359.85,200,50,1111225
NIFTY-II.NFO,05/08/2024,10:44:22,24357.45,24353,100,24357.4,225,400,1111225
NIFTY-II.NFO,05/08/2024,10:44:24,24357.45,24355.2,275,24360,150,0,1111225
NIFTY-II.NFO,05/08/2024,10:44:25,24357.45,24357.4,275,24360,150,0,1111225
NIFTY-II.NFO,05/08/2024,10:44:27,24357.45,24358.2,275,24359.95,25,0,1111225
NIFTY-II.NFO,05/08/2024,10:44:29,24357.2,24355.9,100,24359.8,175,25,1111225
NIFTY-II.NFO,05/08/2024,10:44:30,24357,24355.05,275,24357.45,25,25,1111225
NIFTY-II.NFO,05/08/2024,10:44:32,24357,24355.15,200,24357.2,225,0,1111225
NIFTY-II.NFO,05/08/2024,10:44:34,24357.2,24355.05,200,24357.2,100,125,1111225
NIFTY-II.NFO,05/08/2024,10:44:35,24356.25,24355.05,250,24359.95,25,175,1111225
NIFTY-II.NFO,05/08/2024,10:44:37,24355.25,24355.25,150,24359.95,25,25,1111225
NIFTY-II.NFO,05/08/2024,10:44:39,24355.25,24357,25,24359.95,25,0,1111225
NIFTY-II.NFO,05/08/2024,10:44:40,24357.65,24357.65,150,24359.95,25,175,1111225
NIFTY-II.NFO,05/08/2024,10:44:42,24357.65,24358.25,150,24359.95,25,0,1111225
NIFTY-II.NFO,05/08/2024,10:44:44,24360,24359.2,150,24360,175,75,1111225
NIFTY-II.NFO,05/08/2024,10:44:45,24360.5,24360.05,25,24363.25,200,200,1111225
NIFTY-II.NFO,05/08/2024,10:44:47,24355.15,24355.25,375,24360.75,50,250,1111225
NIFTY-II.NFO,05/08/2024,10:44:49,24355.15,24355.55,75,24360.65,200,0,1111225
NIFTY-II.NFO,05/08/2024,10:44:50,24357.65,24356.55,75,24357.65,350,125,1111225
NIFTY-II.NFO,05/08/2024,10:44:52,24357.65,24357.45,100,24357.65,225,125,1111225
NIFTY-II.NFO,05/08/2024,10:44:54,24357.6,24357.7,100,24362.6,200,275,1111225
NIFTY-II.NFO,05/08/2024,10:44:55,24357.6,24360.5,25,24362.5,200,0,1111225
NIFTY-II.NFO,05/08/2024,10:44:57,24360.9,24360.5,25,24363.6,200,25,1111225
NIFTY-II.NFO,05/08/2024,10:44:59,24358.1,24359.05,25,24363.75,200,75,1111225
NIFTY-II.NFO,05/08/2024,10:45:00,24358.1,24359.55,100,24363.75,200,0,1111225
NIFTY-II.NFO,05/08/2024,10:45:02,24363.75,24359.1,25,24361.85,275,75,1111225
NIFTY-II.NFO,05/08/2024,10:45:04,24359.1,24357.65,50,24359.4,250,25,1111225
NIFTY-II.NFO,05/08/2024,10:45:05,24359.25,24357.7,25,24358.9,200,50,1111225
NIFTY-II.NFO,05/08/2024,10:45:07,24356.65,24356.7,50,24357.9,275,100,1111225
NIFTY-II.NFO,05/08/2024,10:45:09,24356.65,24355.65,25,24357.55,275,125,1111225
NIFTY-II.NFO,05/08/2024,10:45:10,24355,24355,150,24356.95,50,225,1111225
NIFTY-II.NFO,05/08/2024,10:45:12,24357.4,24355,150,24357.45,125,100,1111225
NIFTY-II.NFO,05/08/2024,10:45:14,24355,24352,25,24356.35,200,200,1111225
NIFTY-II.NFO,05/08/2024,10:45:15,24351.95,24351.45,300,24356.4,125,100,1111225
NIFTY-II.NFO,05/08/2024,10:45:17,24356.05,24351.15,25,24356.05,250,50,1111225
NIFTY-II.NFO,05/08/2024,10:45:19,24356.35,24351.95,25,24356.3,175,75,1111225
NIFTY-II.NFO,05/08/2024,10:45:20,24354.85,24351.95,25,24354.55,150,25,1111225
NIFTY-II.NFO,05/08/2024,10:45:22,24349.35,24347.25,75,24349,100,750,1111225
NIFTY-II.NFO,05/08/2024,10:45:24,24347.25,24345.6,25,24349.4,125,275,1111225
NIFTY-II.NFO,05/08/2024,10:45:25,24347.25,24345.6,25,24348.85,125,0,1111225
NIFTY-II.NFO,05/08/2024,10:45:27,24348,24345.6,25,24348.35,125,25,1111225
NIFTY-II.NFO,05/08/2024,10:45:28,24346.5,24343,25,24347.1,50,650,1111225
NIFTY-II.NFO,05/08/2024,10:45:28,24343,24343,25,24347.1,50,0,1111225
NIFTY-II.NFO,05/08/2024,10:45:30,24347.1,24345.35,25,24347.6,50,75,1111225
NIFTY-II.NFO,05/08/2024,10:45:32,24346.2,24345.35,25,24346.95,125,125,1111225
NIFTY-II.NFO,05/08/2024,10:45:33,24346.95,24345.35,25,24346.95,25,100,1111225
NIFTY-II.NFO,05/08/2024,10:45:35,24343.85,24343.45,150,24349.4,50,50,1111225
NIFTY-II.NFO,05/08/2024,10:45:37,24343.5,24343.45,25,24345.1,125,25,1111225
NIFTY-II.NFO,05/08/2024,10:45:38,24345.1,24344.8,325,24349.2,125,75,1111225
NIFTY-II.NFO,05/08/2024,10:45:40,24349.2,24346.7,125,24347.85,125,100,1111225
NIFTY-II.NFO,05/08/2024,10:45:42,24349.2,24345.05,125,24349.9,125,0,1111225
NIFTY-II.NFO,05/08/2024,10:45:43,24349.2,24343.9,125,24348.75,125,0,1111225
NIFTY-II.NFO,05/08/2024,10:45:45,24349.2,24343.15,175,24348.75,125,0,1111225
NIFTY-II.NFO,05/08/2024,10:45:46,24348.6,24344.7,50,24348.45,25,150,1111225
NIFTY-II.NFO,05/08/2024,10:45:48,24348,24345,25,24347.8,125,225,1111225
NIFTY-II.NFO,05/08/2024,10:45:50,24348.9,24343.35,50,24347.6,125,75,1111775
NIFTY-II.NFO,05/08/2024,10:45:51,24347.85,24343.6,100,24347.9,125,50,1111775
NIFTY-II.NFO,05/08/2024,10:45:53,24347.85,24344.55,125,24347.9,125,0,1111775
NIFTY-II.NFO,05/08/2024,10:45:55,24348.55,24343,25,24343.6,1575,25,1111775
NIFTY-II.NFO,05/08/2024,10:45:56,24343.6,24343.05,275,24343.6,1525,50,1111775
NIFTY-II.NFO,05/08/2024,10:45:58,24343.6,24343,25,24343.6,1525,0,1111775
NIFTY-II.NFO,05/08/2024,10:46:00,24343,24342,25,24343.6,1525,25,1111775
NIFTY-II.NFO,05/08/2024,10:46:01,24343,24342,25,24343.6,1525,0,1111775
NIFTY-II.NFO,05/08/2024,10:46:03,24343.6,24342,25,24343.6,1300,225,1111775
NIFTY-II.NFO,05/08/2024,10:46:05,24343.6,24342,25,24343.6,1250,50,1111775
NIFTY-II.NFO,05/08/2024,10:46:06,24343.6,24343,100,24343.6,1250,0,1111775
NIFTY-II.NFO,05/08/2024,10:46:08,24343.6,24342,25,24343.6,1000,350,1111775
NIFTY-II.NFO,05/08/2024,10:46:10,24342.05,24342,25,24343.6,800,300,1111775
NIFTY-II.NFO,05/08/2024,10:46:10,24342.05,24342,25,24343.6,800,0,1111775
NIFTY-II.NFO,05/08/2024,10:46:11,24346.6,24346.05,25,24349.2,150,850,1111775
NIFTY-II.NFO,05/08/2024,10:46:13,24349.2,24343,50,24348.5,50,150,1111775
NIFTY-II.NFO,05/08/2024,10:46:15,24349.2,24343.3,200,24345,200,0,1111775
NIFTY-II.NFO,05/08/2024,10:46:16,24345,24342,25,24345,100,100,1111775
NIFTY-II.NFO,05/08/2024,10:46:18,24343.05,24342.05,200,24345,100,25,1111775
NIFTY-II.NFO,05/08/2024,10:46:20,24343.05,24343.3,275,24345,100,0,1111775
NIFTY-II.NFO,05/08/2024,10:46:21,24345,24346.15,50,24349.2,100,100,1111775
NIFTY-II.NFO,05/08/2024,10:46:23,24345,24345.95,200,24349.2,100,0,1111775
NIFTY-II.NFO,05/08/2024,10:46:25,24352.6,24347.6,50,24352.15,25,500,1111775
NIFTY-II.NFO,05/08/2024,10:46:26,24347.6,24345.45,50,24350.7,100,25,1111775
NIFTY-II.NFO,05/08/2024,10:46:28,24345.6,24346.15,125,24351.5,200,450,1111775
NIFTY-II.NFO,05/08/2024,10:46:30,24345.6,24347.45,125,24352.6,200,0,1111775
NIFTY-II.NFO,05/08/2024,10:46:33,24345.6,24346.35,125,24351.7,200,0,1111775
NIFTY-II.NFO,05/08/2024,10:46:35,24345.6,24348.6,125,24353.45,200,0,1111775
NIFTY-II.NFO,05/08/2024,10:46:36,24351.6,24352,125,24355.85,200,250,1111775
NIFTY-II.NFO,05/08/2024,10:46:38,24356.45,24353,50,24356.5,25,100,1111775
NIFTY-II.NFO,05/08/2024,10:46:40,24356.45,24355.05,50,24359.95,100,0,1111775
NIFTY-II.NFO,05/08/2024,10:46:41,24360.1,24354.55,125,24360,175,525,1111775
NIFTY-II.NFO,05/08/2024,10:46:43,24353.8,24354.15,125,24357.5,25,100,1111775
NIFTY-II.NFO,05/08/2024,10:46:45,24357.5,24352.7,125,24357.5,50,25,1111775
NIFTY-II.NFO,05/08/2024,10:46:46,24357.5,24353.6,125,24357.4,25,0,1111775
NIFTY-II.NFO,05/08/2024,10:46:48,24350.35,24350.25,325,24356.2,275,475,1111775
NIFTY-II.NFO,05/08/2024,10:46:50,24350.35,24350.05,200,24355,275,0,1111775
NIFTY-II.NFO,05/08/2024,10:46:51,24350.35,24350,25,24351.2,200,0,1111775
NIFTY-II.NFO,05/08/2024,10:46:53,24350,24345.55,200,24349.35,50,25,1111775
NIFTY-II.NFO,05/08/2024,10:46:55,24350,24345.55,200,24349.9,125,0,1111775
NIFTY-II.NFO,05/08/2024,10:46:56,24348.75,24345.55,200,24349.45,50,150,1111775
NIFTY-II.NFO,05/08/2024,10:46:58,24349.45,24345.55,200,24349.45,50,25,1111775
NIFTY-II.NFO,05/08/2024,10:47:00,24345.5,24345,50,24347.05,100,50,1111775
NIFTY-II.NFO,05/08/2024,10:47:01,24345.5,24345,50,24347.1,75,0,1111775
NIFTY-II.NFO,05/08/2024,10:47:03,24345.5,24345,50,24347.4,50,0,1111775
NIFTY-II.NFO,05/08/2024,10:47:05,24345,24345,25,24346.55,50,50,1111775
NIFTY-II.NFO,05/08/2024,10:47:06,24345,24342,25,24345.95,125,75,1111775
NIFTY-II.NFO,05/08/2024,10:47:08,24345,24342,25,24342.9,75,25,1111775
NIFTY-II.NFO,05/08/2024,10:47:10,24335.9,24333,200,24335.9,150,1450,1111775
NIFTY-II.NFO,05/08/2024,10:47:10,24333,24333,200,24335.9,150,0,1111775
NIFTY-II.NFO,05/08/2024,10:47:11,24332.4,24332,25,24334.9,75,250,1111775
NIFTY-II.NFO,05/08/2024,10:47:11,24332.4,24332,25,24334.9,75,0,1111775
NIFTY-II.NFO,05/08/2024,10:47:13,24332,24331.75,25,24334.9,125,25,1111775
NIFTY-II.NFO,05/08/2024,10:47:13,24332,24331.75,25,24334.9,125,0,1111775
NIFTY-II.NFO,05/08/2024,10:47:15,24330.25,24330,575,24333.55,275,225,1111775
NIFTY-II.NFO,05/08/2024,10:47:15,24330.25,24330,575,24333.55,275,0,1111775
NIFTY-II.NFO,05/08/2024,10:47:16,24331.9,24327.6,125,24331.95,25,725,1111775
NIFTY-II.NFO,05/08/2024,10:47:16,24326.5,24327.6,125,24331.95,25,0,1111775
NIFTY-II.NFO,05/08/2024,10:47:18,24327.05,24327.15,75,24330.95,25,150,1111775
NIFTY-II.NFO,05/08/2024,10:47:20,24326.65,24326.15,25,24330.3,100,75,1111775
NIFTY-II.NFO,05/08/2024,10:47:21,24326.65,24326.05,50,24327.05,100,0,1111775
NIFTY-II.NFO,05/08/2024,10:47:23,24327.05,24326,25,24327.05,50,50,1111775
NIFTY-II.NFO,05/08/2024,10:47:24,24326,24325,275,24326.85,75,25,1111775
NIFTY-II.NFO,05/08/2024,10:47:24,24326,24325,275,24326.85,75,0,1111775
NIFTY-II.NFO,05/08/2024,10:47:26,24325.15,24324.25,25,24325.5,200,375,1111775
NIFTY-II.NFO,05/08/2024,10:47:26,24325,24324.25,25,24325.5,200,0,1111775
NIFTY-II.NFO,05/08/2024,10:47:28,24325.7,24324.95,50,24327.05,50,50,1111775
NIFTY-II.NFO,05/08/2024,10:47:29,24328.9,24330,50,24331,25,75,1111775
NIFTY-II.NFO,05/08/2024,10:47:31,24331,24335.1,125,24338.7,200,25,1111775
NIFTY-II.NFO,05/08/2024,10:47:33,24331.25,24328.7,50,24333.8,200,75,1111775
NIFTY-II.NFO,05/08/2024,10:47:34,24331.25,24327.05,75,24330.9,200,0,1111775
NIFTY-II.NFO,05/08/2024,10:47:36,24330.9,24327.05,75,24330.65,200,25,1111775
NIFTY-II.NFO,05/08/2024,10:47:38,24330.7,24329.75,250,24334,125,25,1111775
NIFTY-II.NFO,05/08/2024,10:47:39,24328.75,24327.1,25,24331.75,200,100,1111775
NIFTY-II.NFO,05/08/2024,10:47:41,24328.85,24328.75,50,24333.9,125,200,1111775
NIFTY-II.NFO,05/08/2024,10:47:43,24328.85,24327.8,50,24330.9,25,0,1111775
NIFTY-II.NFO,05/08/2024,10:47:44,24332.3,24332,1400,24332.3,50,175,1111775
NIFTY-II.NFO,05/08/2024,10:47:46,24332.2,24332,1150,24334.2,25,325,1111775
NIFTY-II.NFO,05/08/2024,10:47:48,24335,24332,1100,24334.55,250,1575,1111775
NIFTY-II.NFO,05/08/2024,10:47:49,24332,24332,775,24334.85,125,325,1111775
NIFTY-II.NFO,05/08/2024,10:47:51,24334.25,24332,725,24334.3,150,1600,1111775
NIFTY-II.NFO,05/08/2024,10:47:53,24333.05,24332,725,24333.05,125,50,1111775
NIFTY-II.NFO,05/08/2024,10:47:54,24332,24327.8,200,24332.75,275,750,1111775
NIFTY-II.NFO,05/08/2024,10:47:56,24332.3,24329,325,24333.5,125,75,1111775
NIFTY-II.NFO,05/08/2024,10:47:58,24332.3,24328.1,275,24331.7,25,0,1111775
NIFTY-II.NFO,05/08/2024,10:47:59,24332.3,24327.05,75,24331.2,100,0,1111775
NIFTY-II.NFO,05/08/2024,10:48:01,24327.05,24326,125,24328.1,25,625,1111775
NIFTY-II.NFO,05/08/2024,10:48:03,24331.7,24326.25,200,24331.8,175,100,1111775
NIFTY-II.NFO,05/08/2024,10:48:04,24331.7,24326.05,200,24330.8,125,0,1111775
NIFTY-II.NFO,05/08/2024,10:48:06,24330.8,24326,100,24329.95,25,25,1111775
NIFTY-II.NFO,05/08/2024,10:48:08,24330.8,24326.75,50,24330.95,25,0,1111775
NIFTY-II.NFO,05/08/2024,10:48:09,24330.8,24326,150,24329.95,25,0,1111775
NIFTY-II.NFO,05/08/2024,10:48:11,24330.8,24326.35,275,24330,50,0,1111775
NIFTY-II.NFO,05/08/2024,10:48:12,24330.8,24326,150,24329.95,75,0,1111775
NIFTY-II.NFO,05/08/2024,10:48:14,24326,24326.25,200,24329,25,25,1111775
NIFTY-II.NFO,05/08/2024,10:48:16,24329.15,24326.85,200,24329.2,125,25,1111775
NIFTY-II.NFO,05/08/2024,10:48:17,24329.15,24326.05,200,24329.2,125,0,1111775
NIFTY-II.NFO,05/08/2024,10:48:19,24326,24326,75,24329.6,25,100,1111775
NIFTY-II.NFO,05/08/2024,10:48:21,24326,24326,25,24328.85,125,50,1111775
NIFTY-II.NFO,05/08/2024,10:48:22,24328.85,24326.2,50,24330,200,75,1111775
NIFTY-II.NFO,05/08/2024,10:48:24,24326,24325,25,24327.95,25,75,1111775
NIFTY-II.NFO,05/08/2024,10:48:26,24328,24324.95,200,24327.85,125,150,1111775
NIFTY-II.NFO,05/08/2024,10:48:26,24324.3,24324.95,200,24327.85,125,0,1111775
NIFTY-II.NFO,05/08/2024,10:48:27,24328,24324.3,200,24326.95,25,0,1111775
NIFTY-II.NFO,05/08/2024,10:48:29,24324.25,24324,50,24325.95,125,25,1111775
NIFTY-II.NFO,05/08/2024,10:48:29,24324.25,24324,50,24325.95,125,0,1111775
NIFTY-II.NFO,05/08/2024,10:48:31,24322.55,24322.85,200,24326,25,225,1111775
NIFTY-II.NFO,05/08/2024,10:48:31,24322.55,24322.85,200,24326,25,0,1111775
NIFTY-II.NFO,05/08/2024,10:48:32,24322.5,24321.6,200,24325.95,25,175,1111775
NIFTY-II.NFO,05/08/2024,10:48:32,24322.5,24321.6,200,24325.95,25,0,1111775
NIFTY-II.NFO,05/08/2024,10:48:34,24322.5,24321.6,200,24325.95,25,0,1111775
NIFTY-II.NFO,05/08/2024,10:48:36,24325.95,24322.05,200,24325.55,125,75,1111775
NIFTY-II.NFO,05/08/2024,10:48:37,24321.7,24323.15,175,24325.5,125,75,1111775
NIFTY-II.NFO,05/08/2024,10:48:37,24321.7,24323.15,175,24325.5,125,0,1111775
NIFTY-II.NFO,05/08/2024,10:48:39,24325.5,24323.1,150,24325.45,125,50,1111775
NIFTY-II.NFO,05/08/2024,10:48:41,24325.45,24322,150,24324.3,125,200,1111775
NIFTY-II.NFO,05/08/2024,10:48:42,24325.45,24322.15,150,24324.35,125,0,1111775
NIFTY-II.NFO,05/08/2024,10:48:44,24329.35,24324.05,275,24325.5,125,1800,1111775
NIFTY-II.NFO,05/08/2024,10:48:45,24325.95,24323.75,200,24325.95,100,50,1111775
NIFTY-II.NFO,05/08/2024,10:48:47,24322.8,24322.7,275,24326,125,50,1111775
NIFTY-II.NFO,05/08/2024,10:48:49,24322.8,24322.05,200,24324.35,125,0,1111775
NIFTY-II.NFO,05/08/2024,10:48:50,24322.8,24322,25,24322.8,100,0,1111775
NIFTY-II.NFO,05/08/2024,10:48:52,24322.8,24322,25,24324.35,125,100,1117000
NIFTY-II.NFO,05/08/2024,10:48:54,24322.8,24322.4,275,24325.95,125,0,1117000
NIFTY-II.NFO,05/08/2024,10:48:55,24325.3,24322.55,50,24325.35,125,25,1117000
NIFTY-II.NFO,05/08/2024,10:48:57,24325.3,24322.7,125,24327.2,50,0,1117000
NIFTY-II.NFO,05/08/2024,10:48:58,24322.8,24322.95,50,24325.4,50,1725,1117000
NIFTY-II.NFO,05/08/2024,10:49:00,24322.8,24324.4,200,24325.4,50,0,1117000
NIFTY-II.NFO,05/08/2024,10:49:02,24322.8,24324,200,24325.4,50,0,1117000
NIFTY-II.NFO,05/08/2024,10:49:03,24325.4,24322,50,24324.75,50,25,1117000
NIFTY-II.NFO,05/08/2024,10:49:05,24324.95,24322,50,24324.5,25,175,1117000
NIFTY-II.NFO,05/08/2024,10:49:07,24320.6,24320.25,25,24321.95,250,1150,1117000
NIFTY-II.NFO,05/08/2024,10:49:07,24320.6,24320.25,25,24321.95,250,0,1117000
NIFTY-II.NFO,05/08/2024,10:49:08,24318.8,24316,25,24318.75,25,900,1117000
NIFTY-II.NFO,05/08/2024,10:49:08,24318,24316,25,24318.75,25,0,1117000
NIFTY-II.NFO,05/08/2024,10:49:10,24318.8,24316,25,24320.85,50,0,1117000
NIFTY-II.NFO,05/08/2024,10:49:12,24319.25,24316,25,24319.35,75,150,1117000
NIFTY-II.NFO,05/08/2024,10:49:13,24315,24315.05,50,24319.95,150,250,1117000
NIFTY-II.NFO,05/08/2024,10:49:13,24315,24315.05,50,24319.95,150,0,1117000
NIFTY-II.NFO,05/08/2024,10:49:15,24319.95,24316.15,50,24320.25,125,25,1117000
NIFTY-II.NFO,05/08/2024,10:49:17,24318,24318,75,24320.25,125,25,1117000
NIFTY-II.NFO,05/08/2024,10:49:18,24315,24315,1650,24317.8,25,550,1117000
NIFTY-II.NFO,05/08/2024,10:49:20,24316.9,24315,1525,24317,250,200,1117000
NIFTY-II.NFO,05/08/2024,10:49:21,24315,24315,1375,24317.8,25,150,1117000
NIFTY-II.NFO,05/08/2024,10:49:23,24310,24310,1875,24311.3,25,2125,1117000
NIFTY-II.NFO,05/08/2024,10:49:23,24310,24310,1875,24311.3,25,0,1117000
NIFTY-II.NFO,05/08/2024,10:49:25,24305.8,24305.8,25,24308.5,250,2150,1117000
NIFTY-II.NFO,05/08/2024,10:49:25,24305.8,24305.8,25,24308.5,250,0,1117000
NIFTY-II.NFO,05/08/2024,10:49:26,24305,24303.9,25,24305.75,125,175,1117000
NIFTY-II.NFO,05/08/2024,10:49:26,24305,24303.9,25,24305.75,125,0,1117000
NIFTY-II.NFO,05/08/2024,10:49:28,24301.15,24301,525,24303.95,25,300,1117000
NIFTY-II.NFO,05/08/2024,10:49:28,24301.15,24301,525,24303.95,25,0,1117000
NIFTY-II.NFO,05/08/2024,10:49:30,24301.75,24302.35,50,24306.9,175,250,1117000
NIFTY-II.NFO,05/08/2024,10:49:31,24306.9,24305,25,24306.9,75,75,1117000
NIFTY-II.NFO,05/08/2024,10:49:33,24305,24302.7,50,24305.95,25,25,1117000
NIFTY-II.NFO,05/08/2024,10:49:35,24304.25,24304.25,50,24306.1,175,50,1117000
NIFTY-II.NFO,05/08/2024,10:49:36,24305.2,24304.25,50,24304.65,75,325,1117000
NIFTY-II.NFO,05/08/2024,10:49:38,24304.25,24302.2,475,24304.95,25,175,1117000
NIFTY-II.NFO,05/08/2024,10:49:40,24302.2,24302.2,450,24303.95,125,150,1117000
NIFTY-II.NFO,05/08/2024,10:49:41,24304.65,24302.2,450,24305.9,50,150,1117000
NIFTY-II.NFO,05/08/2024,10:49:43,24302.25,24301.9,125,24304.85,125,800,1117000
NIFTY-II.NFO,05/08/2024,10:49:45,24310.1,24307.65,200,24310.9,50,400,1117000
NIFTY-II.NFO,05/08/2024,10:49:46,24306.2,24307.45,200,24310.95,25,125,1117000
NIFTY-II.NFO,05/08/2024,10:49:48,24315.5,24316.05,200,24320.85,125,1825,1117000
NIFTY-II.NFO,05/08/2024,10:49:50,24313.45,24312.35,50,24316.9,125,125,1117000
NIFTY-II.NFO,05/08/2024,10:49:51,24313.9,24310.1,50,24313.8,100,25,1117000
NIFTY-II.NFO,05/08/2024,10:49:53,24307.45,24306.2,25,24308.95,25,200,1117000
NIFTY-II.NFO,05/08/2024,10:49:55,24307.45,24308.35,200,24313.45,50,0,1117000
NIFTY-II.NFO,05/08/2024,10:49:56,24307.45,24306.6,200,24310.95,25,0,1117000
NIFTY-II.NFO,05/08/2024,10:49:58,24312.65,24309.55,275,24313.45,50,125,1117000
NIFTY-II.NFO,05/08/2024,10:50:00,24312.65,24307.35,200,24311.95,25,0,1117000
NIFTY-II.NFO,05/08/2024,10:50:01,24312.65,24308.45,200,24311.95,125,0,1117000
NIFTY-II.NFO,05/08/2024,10:50:03,24310,24307.85,275,24311.95,125,25,1117000
NIFTY-II.NFO,05/08/2024,10:50:05,24308.6,24308.6,275,24310.7,125,50,1117000
NIFTY-II.NFO,05/08/2024,10:50:06,24311.95,24309.3,200,24311.95,100,300,1117000
NIFTY-II.NFO,05/08/2024,10:50:08,24311.95,24310.3,325,24311.95,100,0,1117000
NIFTY-II.NFO,05/08/2024,10:50:10,24309.5,24308.8,200,24311.95,125,50,1117000
NIFTY-II.NFO,05/08/2024,10:50:11,24310.05,24310.05,200,24313.45,50,175,1117000
NIFTY-II.NFO,05/08/2024,10:50:13,24309.25,24309.2,250,24313.45,25,50,1117000
NIFTY-II.NFO,05/08/2024,10:50:15,24313.45,24307.2,175,24312.8,200,25,1117000
NIFTY-II.NFO,05/08/2024,10:50:16,24311.5,24307,25,24311.4,100,125,1117000
NIFTY-II.NFO,05/08/2024,10:50:18,24311.6,24307,25,24310.2,125,100,1117000
NIFTY-II.NFO,05/08/2024,10:50:20,24311.6,24307,25,24310.2,125,0,1117000
NIFTY-II.NFO,05/08/2024,10:50:21,24311.8,24307.8,50,24309.95,125,125,1117000
NIFTY-II.NFO,05/08/2024,10:50:23,24311.8,24307,25,24309.95,125,0,1117000
NIFTY-II.NFO,05/08/2024,10:50:25,24311.8,24307,25,24308,25,0,1117000
NIFTY-II.NFO,05/08/2024,10:50:26,24309.45,24308.2,50,24309.85,125,400,1117000
NIFTY-II.NFO,05/08/2024,10:50:28,24309.45,24307.05,50,24310.95,125,0,1117000
NIFTY-II.NFO,05/08/2024,10:50:30,24309.45,24307,125,24308.95,125,0,1117000
NIFTY-II.NFO,05/08/2024,10:50:31,24309.45,24307.05,25,24307.75,125,0,1117000
NIFTY-II.NFO,05/08/2024,10:50:35,24307.05,24307,150,24307.95,125,50,1117000
NIFTY-II.NFO,05/08/2024,10:50:36,24308,24309.45,25,24311.35,25,25,1117000
NIFTY-II.NFO,05/08/2024,10:50:38,24308.05,24307.95,100,24311.35,25,50,1117000
NIFTY-II.NFO,05/08/2024,10:50:40,24311.35,24308,25,24310.35,125,25,1117000
NIFTY-II.NFO,05/08/2024,10:50:41,24308.7,24308.6,125,24310,25,225,1117000
NIFTY-II.NFO,05/08/2024,10:50:43,24310,24308,25,24311.6,25,25,1117000
NIFTY-II.NFO,05/08/2024,10:50:45,24310,24309.05,50,24311.6,25,0,1117000
NIFTY-II.NFO,05/08/2024,10:50:47,24311.95,24309,100,24311.9,125,50,1117000
NIFTY-II.NFO,05/08/2024,10:50:48,24309,24309,75,24311.9,125,25,1117000
NIFTY-II.NFO,05/08/2024,10:50:50,24311.9,24309,75,24311.5,125,25,1117000
NIFTY-II.NFO,05/08/2024,10:50:52,24311.9,24309,75,24311.5,125,0,1117000
NIFTY-II.NFO,05/08/2024,10:50:53,24310,24309,75,24311.5,125,25,1117000
NIFTY-II.NFO,05/08/2024,10:50:55,24309,24309,25,24310.35,25,100,1117000
NIFTY-II.NFO,05/08/2024,10:50:57,24310,24308,75,24311.45,25,325,1117000
NIFTY-II.NFO,05/08/2024,10:50:58,24308.1,24308.35,50,24312.95,50,550,1117000
NIFTY-II.NFO,05/08/2024,10:51:00,24308.1,24310,100,24312.2,25,0,1117000
NIFTY-II.NFO,05/08/2024,10:51:02,24309.85,24309.05,200,24313.2,250,225,1117000
NIFTY-II.NFO,05/08/2024,10:51:03,24309.85,24308.1,200,24313.35,25,0,1117000
NIFTY-II.NFO,05/08/2024,10:51:05,24307,24306,25,24308.7,25,350,1117000
NIFTY-II.NFO,05/08/2024,10:51:07,24309.65,24306.2,25,24310.85,250,125,1117000
NIFTY-II.NFO,05/08/2024,10:51:08,24308.6,24308.6,200,24309.55,125,25,1117000
NIFTY-II.NFO,05/08/2024,10:51:10,24307,24306,50,24306.95,125,125,1117000
NIFTY-II.NFO,05/08/2024,10:51:12,24306.95,24307.1,275,24311,25,25,1117000
NIFTY-II.NFO,05/08/2024,10:51:13,24308.1,24308.1,275,24311,25,175,1117000
NIFTY-II.NFO,05/08/2024,10:51:15,24308.1,24306,50,24309.95,50,0,1117000
NIFTY-II.NFO,05/08/2024,10:51:17,24308.1,24307.55,200,24310,100,0,1117000
NIFTY-II.NFO,05/08/2024,10:51:18,24310,24308.15,200,24310,50,75,1117000
NIFTY-II.NFO,05/08/2024,10:51:20,24308.1,24307.65,200,24310,50,25,1117000
NIFTY-II.NFO,05/08/2024,10:51:22,24313.6,24307.15,200,24311.8,150,325,1117000
NIFTY-II.NFO,05/08/2024,10:51:23,24313.6,24308.1,25,24311.75,100,0,1117000
NIFTY-II.NFO,05/08/2024,10:51:25,24311.75,24308.1,25,24310.55,125,75,1117000
NIFTY-II.NFO,05/08/2024,10:51:26,24310.55,24308.1,25,24310.95,125,50,1117000
NIFTY-II.NFO,05/08/2024,10:51:28,24310.95,24306,50,24309.3,125,50,1117000
NIFTY-II.NFO,05/08/2024,10:51:30,24306.75,24306.55,200,24309.9,25,150,1117000
NIFTY-II.NFO,05/08/2024,10:51:31,24306.05,24307.45,50,24310.8,125,100,1117000
NIFTY-II.NFO,05/08/2024,10:51:33,24310.8,24306.75,275,24311.8,150,25,1117000
NIFTY-II.NFO,05/08/2024,10:51:35,24310.8,24306.5,200,24310.8,100,0,1117000
NIFTY-II.NFO,05/08/2024,10:51:36,24310.8,24306.25,50,24309.75,125,0,1117000
NIFTY-II.NFO,05/08/2024,10:51:38,24310.95,24308.95,275,24311.65,125,25,1117000
NIFTY-II.NFO,05/08/2024,10:51:40,24311.65,24306.7,50,24310,25,25,1117000
NIFTY-II.NFO,05/08/2024,10:51:41,24310,24307.4,200,24309.95,125,25,1117000
NIFTY-II.NFO,05/08/2024,10:51:43,24309.95,24306.25,200,24306.75,25,50,1117000
NIFTY-II.NFO,05/08/2024,10:51:44,24306.75,24308.15,200,24311.35,125,25,1117000
NIFTY-II.NFO,05/08/2024,10:51:46,24311.8,24306.95,250,24309.95,125,125,1117000
NIFTY-II.NFO,05/08/2024,10:51:48,24311.8,24307,200,24309.95,125,0,1117000
NIFTY-II.NFO,05/08/2024,10:51:49,24309.95,24306.9,200,24309.95,50,75,1117000
NIFTY-II.NFO,05/08/2024,10:51:51,24309.95,24307.15,275,24309.95,50,0,1123950
NIFTY-II.NFO,05/08/2024,10:51:53,24310.95,24306.75,25,24311.15,25,1200,1123950
NIFTY-II.NFO,05/08/2024,10:51:54,24310.8,24309.95,25,24310.85,125,25,1123950
NIFTY-II.NFO,05/08/2024,10:51:56,24306.75,24306.25,200,24310.85,125,75,1123950
NIFTY-II.NFO,05/08/2024,10:51:57,24306.75,24307.6,50,24310.85,125,0,1123950
NIFTY-II.NFO,05/08/2024,10:51:59,24306.75,24308.65,250,24311.85,125,0,1123950
NIFTY-II.NFO,05/08/2024,10:52:01,24306.75,24307,25,24311.8,50,0,1123950
NIFTY-II.NFO,05/08/2024,10:52:02,24306.75,24307.35,200,24311.85,125,0,1123950
NIFTY-II.NFO,05/08/2024,10:52:04,24307.25,24307.85,275,24311.85,75,75,1123950
NIFTY-II.NFO,05/08/2024,10:52:05,24311.85,24308.65,75,24311.85,50,25,1123950
NIFTY-II.NFO,05/08/2024,10:52:07,24314.6,24310.85,250,24311.85,125,550,1123950
NIFTY-II.NFO,05/08/2024,10:52:09,24314.6,24310.85,250,24311.85,125,0,1123950
NIFTY-II.NFO,05/08/2024,10:52:10,24311.85,24310.85,175,24311.85,75,125,1123950
NIFTY-II.NFO,05/08/2024,10:52:12,24310.85,24310.85,75,24311.8,125,150,1123950
NIFTY-II.NFO,05/08/2024,10:52:14,24311,24310.85,100,24311.8,125,75,1123950
NIFTY-II.NFO,05/08/2024,10:52:15,24311,24310.85,100,24311.8,125,0,1123950
NIFTY-II.NFO,05/08/2024,10:52:17,24311.8,24310.85,100,24311.6,125,50,1123950
NIFTY-II.NFO,05/08/2024,10:52:18,24310.85,24310.85,75,24311.6,125,25,1123950
NIFTY-II.NFO,05/08/2024,10:52:20,24310,24310,125,24311.8,125,300,1123950
NIFTY-II.NFO,05/08/2024,10:52:22,24311.25,24306.75,250,24311.25,25,1125,1123950
NIFTY-II.NFO,05/08/2024,10:52:23,24307,24306.9,200,24311.8,175,50,1123950
NIFTY-II.NFO,05/08/2024,10:52:25,24307,24305.1,200,24309.9,175,0,1123950
NIFTY-II.NFO,05/08/2024,10:52:27,24307,24308,50,24310.15,175,0,1123950
NIFTY-II.NFO,05/08/2024,10:52:28,24305.05,24305,425,24308.55,25,175,1123950
NIFTY-II.NFO,05/08/2024,10:52:30,24306.05,24305,450,24307.85,75,250,1123950
NIFTY-II.NFO,05/08/2024,10:52:32,24308.95,24306.2,25,24308.95,50,25,1123950
NIFTY-II.NFO,05/08/2024,10:52:33,24307.25,24307.25,25,24311.6,25,100,1123950
NIFTY-II.NFO,05/08/2024,10:52:35,24307.25,24306.55,100,24311.5,200,0,1123950
NIFTY-II.NFO,05/08/2024,10:52:37,24311.8,24306,25,24310.8,200,225,1123950
NIFTY-II.NFO,05/08/2024,10:52:38,24311.8,24306,25,24309.35,200,0,1123950
NIFTY-II.NFO,05/08/2024,10:52:40,24306,24305,400,24308.9,200,50,1123950
NIFTY-II.NFO,05/08/2024,10:52:42,24308.8,24305,375,24308.45,200,100,1123950
NIFTY-II.NFO,05/08/2024,10:52:43,24303.05,24303,850,24306.95,25,600,1123950
NIFTY-II.NFO,05/08/2024,10:52:45,24303.05,24303,850,24307.2,200,0,1123950
NIFTY-II.NFO,05/08/2024,10:52:47,24307.9,24303,825,24307.6,100,275,1123950
NIFTY-II.NFO,05/08/2024,10:52:48,24303.05,24303,825,24306.7,100,25,1123950
NIFTY-II.NFO,05/08/2024,10:52:50,24303,24303.2,275,24307.85,125,100,1123950
NIFTY-II.NFO,05/08/2024,10:52:52,24303,24305.3,275,24309.95,125,0,1123950
NIFTY-II.NFO,05/08/2024,10:52:54,24307.75,24307.75,25,24312.25,50,475,1123950
NIFTY-II.NFO,05/08/2024,10:52:55,24307.25,24305.6,125,24310.95,25,175,1123950
NIFTY-II.NFO,05/08/2024,10:52:57,24307.25,24305.5,125,24310.9,125,0,1123950
NIFTY-II.NFO,05/08/2024,10:52:59,24307.25,24305.2,25,24307.45,275,0,1123950
NIFTY-II.NFO,05/08/2024,10:53:00,24303,24303,625,24305.45,200,175,1123950
NIFTY-II.NFO,05/08/2024,10:53:02,24304.8,24303,625,24306.6,275,50,1123950
NIFTY-II.NFO,05/08/2024,10:53:04,24303,24303,600,24305,75,175,1123950
NIFTY-II.NFO,05/08/2024,10:53:05,24303,24303,575,24305.05,275,50,1123950
NIFTY-II.NFO,05/08/2024,10:53:07,24300,24300,2625,24300.65,325,2175,1123950
NIFTY-II.NFO,05/08/2024,10:53:07,24300,24300,2625,24300.65,325,0,1123950
NIFTY-II.NFO,05/08/2024,10:53:09,24299.6,24295,50,24299,200,2675,1123950
NIFTY-II.NFO,05/08/2024,10:53:09,24299,24295,50,24299,200,0,1123950
NIFTY-II.NFO,05/08/2024,10:53:10,24298.65,24295,50,24298.6,200,125,1123950
NIFTY-II.NFO,05/08/2024,10:53:10,24297.35,24295,50,24298.6,200,0,1123950
NIFTY-II.NFO,05/08/2024,10:53:12,24298.5,24295,50,24297.35,125,25,1123950
NIFTY-II.NFO,05/08/2024,10:53:14,24295,24292.95,25,24296.7,75,50,1123950
NIFTY-II.NFO,05/08/2024,10:53:14,24295,24292.95,25,24296.7,75,0,1123950
NIFTY-II.NFO,05/08/2024,10:53:15,24294.15,24292.95,25,24294.15,200,125,1123950
NIFTY-II.NFO,05/08/2024,10:53:15,24294.15,24292.95,25,24294.15,200,0,1123950
NIFTY-II.NFO,05/08/2024,10:53:17,24293.25,24292.95,25,24295.05,150,50,1123950
NIFTY-II.NFO,05/08/2024,10:53:17,24293.25,24292.95,25,24295.05,150,0,1123950
NIFTY-II.NFO,05/08/2024,10:53:18,24290.35,24290.05,150,24292.7,100,250,1123950
NIFTY-II.NFO,05/08/2024,10:53:18,24290.35,24290.05,150,24292.7,100,0,1123950
NIFTY-II.NFO,05/08/2024,10:53:20,24290.75,24290.05,150,24292.25,125,50,1123950
NIFTY-II.NFO,05/08/2024,10:53:22,24290.05,24290.05,125,24292,25,25,1123950
NIFTY-II.NFO,05/08/2024,10:53:22,24290.05,24290.05,125,24292,25,0,1123950
NIFTY-II.NFO,05/08/2024,10:53:23,24287.95,24287.3,25,24290,75,1125,1123950
NIFTY-II.NFO,05/08/2024,10:53:23,24287.65,24287.3,25,24290,75,0,1123950
NIFTY-II.NFO,05/08/2024,10:53:25,24287.3,24285,150,24288.85,75,350,1123950
NIFTY-II.NFO,05/08/2024,10:53:25,24287.3,24285,150,24288.85,75,0,1123950
NIFTY-II.NFO,05/08/2024,10:53:27,24287.95,24285,125,24287.95,100,50,1123950
NIFTY-II.NFO,05/08/2024,10:53:27,24285.1,24285,125,24287.95,100,0,1123950
NIFTY-II.NFO,05/08/2024,10:53:28,24285.05,24285.85,125,24290.05,25,50,1123950
NIFTY-II.NFO,05/08/2024,10:53:28,24285.05,24285.85,125,24290.05,25,0,1123950
NIFTY-II.NFO,05/08/2024,10:53:30,24290.95,24288.15,50,24292.95,150,150,1123950
NIFTY-II.NFO,05/08/2024,10:53:32,24292.95,24288.85,125,24292.85,125,50,1123950
NIFTY-II.NFO,05/08/2024,10:53:33,24289.85,24285.2,125,24289.95,25,50,1123950
NIFTY-II.NFO,05/08/2024,10:53:35,24285,24285,100,24289,50,50,1123950
NIFTY-II.NFO,05/08/2024,10:53:35,24285,24285,100,24289,50,0,1123950
NIFTY-II.NFO,05/08/2024,10:53:37,24285,24285,50,24286.8,250,50,1123950
NIFTY-II.NFO,05/08/2024,10:53:38,24285,24285,50,24288.75,300,0,1123950
NIFTY-II.NFO,05/08/2024,10:53:40,24290,24285.8,125,24290.95,100,400,1123950
NIFTY-II.NFO,05/08/2024,10:53:42,24290,24286.15,50,24290.35,125,0,1123950
NIFTY-II.NFO,05/08/2024,10:53:43,24291,24286.8,50,24289.9,25,75,1123950
NIFTY-II.NFO,05/08/2024,10:53:45,24287.75,24285,50,24288.8,75,675,1123950
NIFTY-II.NFO,05/08/2024,10:53:47,24288.95,24286.75,500,24290.8,125,25,1123950
NIFTY-II.NFO,05/08/2024,10:53:48,24288.15,24285,475,24289.85,200,25,1123950
NIFTY-II.NFO,05/08/2024,10:53:50,24286.5,24285,50,24286.1,225,300,1123950
NIFTY-II.NFO,05/08/2024,10:53:52,24285,24282,50,24285.25,225,50,1123950
NIFTY-II.NFO,05/08/2024,10:53:53,24286.2,24285,25,24287.05,75,25,1123950
NIFTY-II.NFO,05/08/2024,10:53:55,24286.2,24285,25,24288.3,250,0,1123950
NIFTY-II.NFO,05/08/2024,10:53:57,24286.2,24285,25,24288.85,75,0,1123950
NIFTY-II.NFO,05/08/2024,10:53:58,24286.55,24285.45,125,24289.95,200,100,1123950
NIFTY-II.NFO,05/08/2024,10:54:00,24285.35,24285,50,24289.95,275,75,1123950
NIFTY-II.NFO,05/08/2024,10:54:02,24285.35,24285,75,24288.3,275,0,1123950
NIFTY-II.NFO,05/08/2024,10:54:03,24284.1,24282,50,24285.35,125,175,1123950
NIFTY-II.NFO,05/08/2024,10:54:03,24284.1,24282,50,24285.35,125,0,1123950
NIFTY-II.NFO,05/08/2024,10:54:05,24284.1,24282,50,24285.3,200,0,1123950
NIFTY-II.NFO,05/08/2024,10:54:07,24282.55,24281.05,25,24283.1,250,1050,1123950
NIFTY-II.NFO,05/08/2024,10:54:07,24282,24281.05,25,24283.1,250,0,1123950
NIFTY-II.NFO,05/08/2024,10:54:08,24283.95,24280.35,50,24284.1,125,1525,1123950
NIFTY-II.NFO,05/08/2024,10:54:08,24280,24280.35,50,24284.1,125,0,1123950
NIFTY-II.NFO,05/08/2024,10:54:10,24285.35,24284.1,125,24287.75,250,300,1123950
NIFTY-II.NFO,05/08/2024,10:54:12,24285,24283.45,75,24285,1025,650,1123950
NIFTY-II.NFO,05/08/2024,10:54:13,24285,24282.25,125,24285,850,275,1123950
NIFTY-II.NFO,05/08/2024,10:54:15,24285,24281.1,175,24284.35,125,350,1123950
NIFTY-II.NFO,05/08/2024,10:54:17,24288.55,24285.05,50,24288.7,250,1350,1123950
NIFTY-II.NFO,05/08/2024,10:54:18,24289.1,24285.55,125,24289.1,175,325,1123950
NIFTY-II.NFO,05/08/2024,10:54:20,24285,24285,350,24289.05,250,1800,1123950
NIFTY-II.NFO,05/08/2024,10:54:22,24285.1,24285.1,100,24289.7,250,350,1123950
NIFTY-II.NFO,05/08/2024,10:54:23,24283,24280.95,25,24286.15,50,2300,1123950
NIFTY-II.NFO,05/08/2024,10:54:25,24286.2,24287.8,75,24289.9,25,250,1123950
NIFTY-II.NFO,05/08/2024,10:54:27,24289.65,24285.05,50,24289.65,150,425,1123950
NIFTY-II.NFO,05/08/2024,10:54:28,24287.8,24285.85,125,24289.75,25,575,1123950
NIFTY-II.NFO,05/08/2024,10:54:30,24290,24285.5,125,24289.4,125,350,1123950
NIFTY-II.NFO,05/08/2024,10:54:32,24290,24286.85,125,24290,75,500,1123950
NIFTY-II.NFO,05/08/2024,10:54:33,24293.9,24287.4,275,24293.85,50,350,1123950
NIFTY-II.NFO,05/08/2024,10:54:35,24289.85,24285.85,50,24289.85,25,525,1123950
NIFTY-II.NFO,05/08/2024,10:54:37,24285.05,24285.2,125,24290.75,125,1025,1123950
NIFTY-II.NFO,05/08/2024,10:54:38,24288.95,24285,50,24289,125,50,1123950
NIFTY-II.NFO,05/08/2024,10:54:40,24287.15,24285,50,24287.15,125,50,1123950
NIFTY-II.NFO,05/08/2024,10:54:42,24287.25,24287.25,50,24288.3,75,75,1123950
NIFTY-II.NFO,05/08/2024,10:54:43,24288.95,24286,50,24288.9,25,175,1123950
NIFTY-II.NFO,05/08/2024,10:54:45,24288.95,24287.3,50,24290.3,25,175,1123950
NIFTY-II.NFO,05/08/2024,10:54:47,24285.45,24285,125,24287.1,25,75,1123950
NIFTY-II.NFO,05/08/2024,10:54:48,24285,24281.55,50,24287.05,100,250,1123950
NIFTY-II.NFO,05/08/2024,10:54:50,24285,24282,50,24286.6,325,0,1123950
NIFTY-II.NFO,05/08/2024,10:54:52,24286.6,24281.25,25,24284.8,75,250,1141000
NIFTY-II.NFO,05/08/2024,10:54:53,24285.95,24281.55,50,24286.3,150,125,1141000
NIFTY-II.NFO,05/08/2024,10:54:55,24280,24280.05,50,24285.2,125,300,1141000
NIFTY-II.NFO,05/08/2024,10:54:56,24285.2,24280.05,50,24285.2,75,25,1141000
NIFTY-II.NFO,05/08/2024,10:54:58,24280.05,24282,75,24283.65,100,25,1141000
NIFTY-II.NFO,05/08/2024,10:55:00,24280,24280,50,24282.65,100,275,1141000
NIFTY-II.NFO,05/08/2024,10:55:02,24280,24280,275,24282.15,100,25,1141000
NIFTY-II.NFO,05/08/2024,10:55:03,24283.95,24280.05,50,24284.15,250,100,1141000
NIFTY-II.NFO,05/08/2024,10:55:05,24282.85,24280,100,24282.85,75,175,1141000
NIFTY-II.NFO,05/08/2024,10:55:07,24282.85,24280,100,24281.45,100,100,1141000
NIFTY-II.NFO,05/08/2024,10:55:08,24277.25,24277.25,25,24282.35,325,250,1141000
NIFTY-II.NFO,05/08/2024,10:55:08,24277,24277.25,25,24282.35,325,0,1141000
NIFTY-II.NFO,05/08/2024,10:55:10,24279,24277,25,24279,175,100,1141000
NIFTY-II.NFO,05/08/2024,10:55:12,24279.1,24277,25,24278.55,300,50,1141000
NIFTY-II.NFO,05/08/2024,10:55:13,24278.9,24275,50,24278.9,100,300,1141000
NIFTY-II.NFO,05/08/2024,10:55:13,24275,24275,50,24278.9,100,0,1141000
NIFTY-II.NFO,05/08/2024,10:55:15,24276.7,24275,100,24277.2,250,150,1141000
NIFTY-II.NFO,05/08/2024,10:55:17,24275,24275.3,125,24280,50,50,1141000
NIFTY-II.NFO,05/08/2024,10:55:18,24275,24275,50,24278,75,125,1141000
NIFTY-II.NFO,05/08/2024,10:55:20,24278,24275.05,275,24278,50,125,1141000
NIFTY-II.NFO,05/08/2024,10:55:22,24278,24274.4,275,24278,25,25,1141000
NIFTY-II.NFO,05/08/2024,10:55:23,24274.9,24274.8,325,24278,25,50,1141000
NIFTY-II.NFO,05/08/2024,10:55:23,24274.9,24274.8,325,24278,25,0,1141000
NIFTY-II.NFO,05/08/2024,10:55:25,24280,24279.35,25,24280,25,50,1141000
NIFTY-II.NFO,05/08/2024,10:55:26,24279.35,24278.15,75,24283.3,50,100,1141000
NIFTY-II.NFO,05/08/2024,10:55:28,24279.35,24278.25,50,24283.35,125,0,1141000
NIFTY-II.NFO,05/08/2024,10:55:30,24278,24275,25,24278.1,475,275,1141000
NIFTY-II.NFO,05/08/2024,10:55:31,24273.35,24271,25,24275.8,50,200,1141000
NIFTY-II.NFO,05/08/2024,10:55:31,24273.35,24271,25,24275.8,50,0,1141000
NIFTY-II.NFO,05/08/2024,10:55:33,24270.05,24270.05,200,24271.9,25,50,1141000
NIFTY-II.NFO,05/08/2024,10:55:33,24270.05,24270.05,200,24271.9,25,0,1141000
NIFTY-II.NFO,05/08/2024,10:55:35,24271.9,24275.8,50,24280.85,25,25,1141000
NIFTY-II.NFO,05/08/2024,10:55:36,24281.5,24276.35,100,24281.45,75,75,1141000
NIFTY-II.NFO,05/08/2024,10:55:38,24281.5,24275.8,275,24279.95,150,0,1141000
NIFTY-II.NFO,05/08/2024,10:55:40,24281.5,24274.6,275,24278.15,125,0,1141000
NIFTY-II.NFO,05/08/2024,10:55:41,24281.5,24273.65,25,24278.15,125,0,1141000
NIFTY-II.NFO,05/08/2024,10:55:43,24275.9,24272.8,275,24276.8,25,25,1141000
NIFTY-II.NFO,05/08/2024,10:55:45,24275.9,24272.5,275,24274.95,125,0,1141000
NIFTY-II.NFO,05/08/2024,10:55:46,24275.9,24273.05,275,24275,200,0,1141000
NIFTY-II.NFO,05/08/2024,10:55:48,24275,24274.05,200,24277.95,125,225,1141000
NIFTY-II.NFO,05/08/2024,10:55:50,24274.35,24274.95,275,24277.95,125,75,1141000
NIFTY-II.NFO,05/08/2024,10:55:51,24273.5,24274.2,150,24277.95,125,300,1141000
NIFTY-II.NFO,05/08/2024,10:55:53,24274.35,24274.35,125,24277.95,125,25,1141000
NIFTY-II.NFO,05/08/2024,10:55:55,24274.35,24274.25,125,24277.95,125,0,1141000
NIFTY-II.NFO,05/08/2024,10:55:56,24277.95,24274.95,75,24278.15,200,25,1141000
NIFTY-II.NFO,05/08/2024,10:55:58,24274.95,24275,150,24278.2,125,75,1141000
NIFTY-II.NFO,05/08/2024,10:56:00,24278.2,24274.95,100,24278.2,100,175,1141000
NIFTY-II.NFO,05/08/2024,10:56:01,24275.9,24274.25,150,24278.2,125,50,1141000
NIFTY-II.NFO,05/08/2024,10:56:03,24275.4,24274.2,75,24278.2,125,125,1141000
NIFTY-II.NFO,05/08/2024,10:56:04,24277.95,24275.95,75,24278.2,125,50,1141000
NIFTY-II.NFO,05/08/2024,10:56:06,24276.75,24276.75,50,24278.95,125,450,1141000
NIFTY-II.NFO,05/08/2024,10:56:08,24286.45,24286.45,100,24289.95,200,375,1141000
NIFTY-II.NFO,05/08/2024,10:56:09,24290,24290,25,24291.65,150,25,1141000
NIFTY-II.NFO,05/08/2024,10:56:11,24285.45,24287.5,200,24291.2,200,450,1141000
NIFTY-II.NFO,05/08/2024,10:56:13,24289.95,24286.7,125,24290.2,200,25,1141000
NIFTY-II.NFO,05/08/2024,10:56:14,24288.95,24281.65,125,24286.2,200,25,1141000
NIFTY-II.NFO,05/08/2024,10:56:16,24286.7,24283.2,125,24287,475,300,1141000
NIFTY-II.NFO,05/08/2024,10:56:18,24283.25,24285.9,75,24289.95,200,25,1141000
NIFTY-II.NFO,05/08/2024,10:56:19,24287.25,24283.7,125,24287.75,450,175,1141000
NIFTY-II.NFO,05/08/2024,10:56:21,24287.25,24285.75,125,24289.1,25,0,1141000
NIFTY-II.NFO,05/08/2024,10:56:23,24287.25,24285.6,125,24289.1,25,0,1141000
NIFTY-II.NFO,05/08/2024,10:56:24,24287.25,24287.75,50,24289.1,25,0,1141000
NIFTY-II.NFO,05/08/2024,10:56:26,24290,24289.45,250,24290,175,450,1141000
NIFTY-II.NFO,05/08/2024,10:56:28,24293.2,24290.95,125,24293.85,75,325,1141000
NIFTY-II.NFO,05/08/2024,10:56:29,24293.4,24290.55,125,24293.85,75,750,1141000
NIFTY-II.NFO,05/08/2024,10:56:31,24293.4,24291.45,200,24293.85,75,0,1141000
NIFTY-II.NFO,05/08/2024,10:56:33,24293.9,24290.4,200,24294.75,25,125,1141000
NIFTY-II.NFO,05/08/2024,10:56:34,24290.1,24291.6,250,24294.7,25,350,1141000
NIFTY-II.NFO,05/08/2024,10:56:36,24293.4,24293.2,25,24294.65,25,25,1141000
NIFTY-II.NFO,05/08/2024,10:56:38,24293.95,24289.05,25,24293.95,275,175,1141000
NIFTY-II.NFO,05/08/2024,10:56:39,24293.95,24287.8,25,24292.45,275,0,1141000
NIFTY-II.NFO,05/08/2024,10:56:41,24291,24287.75,50,24291,475,75,1141000
NIFTY-II.NFO,05/08/2024,10:56:43,24290.25,24287.75,50,24290.2,200,25,1141000
NIFTY-II.NFO,05/08/2024,10:56:44,24287.75,24287.75,25,24289.8,100,25,1141000
NIFTY-II.NFO,05/08/2024,10:56:46,24287.75,24285,75,24288.95,325,75,1141000
NIFTY-II.NFO,05/08/2024,10:56:48,24285,24282.1,125,24287.6,175,100,1141000
NIFTY-II.NFO,05/08/2024,10:56:49,24287.3,24282.25,150,24287.3,250,50,1141000
NIFTY-II.NFO,05/08/2024,10:56:51,24287.3,24280.15,150,24285,125,0,1141000
NIFTY-II.NFO,05/08/2024,10:56:53,24287.3,24280.05,150,24285.25,250,0,1141000
NIFTY-II.NFO,05/08/2024,10:56:54,24284.85,24280,125,24283.7,150,50,1141000
NIFTY-II.NFO,05/08/2024,10:56:56,24284.85,24280,125,24284.2,250,0,1141000
NIFTY-II.NFO,05/08/2024,10:56:58,24284.85,24281.4,125,24286,100,0,1141000
NIFTY-II.NFO,05/08/2024,10:56:59,24283,24283,225,24285,25,125,1141000
NIFTY-II.NFO,05/08/2024,10:57:01,24286.35,24283,100,24286.35,275,200,1141000
NIFTY-II.NFO,05/08/2024,10:57:03,24283.55,24280,125,24283.4,250,1125,1141000
NIFTY-II.NFO,05/08/2024,10:57:04,24283.45,24280.4,125,24283.5,25,50,1141000
NIFTY-II.NFO,05/08/2024,10:57:06,24283.5,24280,125,24282.35,25,25,1141000
NIFTY-II.NFO,05/08/2024,10:57:08,24282.5,24280,125,24283.75,325,50,1141000
NIFTY-II.NFO,05/08/2024,10:57:09,24282.95,24280,125,24281.7,100,375,1141000
NIFTY-II.NFO,05/08/2024,10:57:11,24280,24275.9,200,24281.15,100,125,1141000
NIFTY-II.NFO,05/08/2024,10:57:13,24275,24275,425,24278.3,150,150,1141000
NIFTY-II.NFO,05/08/2024,10:57:14,24275,24275,350,24280.35,300,75,1141000
NIFTY-II.NFO,05/08/2024,10:57:16,24280,24275,350,24279.9,175,75,1141000
NIFTY-II.NFO,05/08/2024,10:57:18,24278.45,24275,350,24276.8,25,525,1141000
NIFTY-II.NFO,05/08/2024,10:57:20,24275.8,24273,25,24275.85,100,375,1141000
NIFTY-II.NFO,05/08/2024,10:57:21,24274.7,24271.05,100,24273.2,75,50,1141000
NIFTY-II.NFO,05/08/2024,10:57:23,24271,24270,550,24272.8,100,200,1141000
NIFTY-II.NFO,05/08/2024,10:57:25,24270,24268.95,50,24273.6,125,550,1141000
NIFTY-II.NFO,05/08/2024,10:57:25,24270,24268.95,50,24273.6,125,0,1141000
NIFTY-II.NFO,05/08/2024,10:57:26,24271.8,24267.35,200,24271.8,100,50,1141000
NIFTY-II.NFO,05/08/2024,10:57:28,24271.85,24267.55,200,24271.75,25,150,1141000
NIFTY-II.NFO,05/08/2024,10:57:28,24268.55,24267.55,200,24271.75,25,0,1141000
NIFTY-II.NFO,05/08/2024,10:57:30,24271.85,24267,50,24270.3,25,0,1141000
NIFTY-II.NFO,05/08/2024,10:57:31,24267,24265,800,24267.7,75,125,1141000
NIFTY-II.NFO,05/08/2024,10:57:31,24267,24265,800,24267.7,75,0,1141000
NIFTY-II.NFO,05/08/2024,10:57:33,24266.75,24265,550,24267.65,75,425,1141000
NIFTY-II.NFO,05/08/2024,10:57:33,24265,24265,550,24267.65,75,0,1141000
NIFTY-II.NFO,05/08/2024,10:57:35,24265,24265,550,24267.6,75,75,1141000
NIFTY-II.NFO,05/08/2024,10:57:36,24265,24265,375,24268.65,175,250,1141000
NIFTY-II.NFO,05/08/2024,10:57:38,24268.8,24265,300,24268.8,25,125,1141000
NIFTY-II.NFO,05/08/2024,10:57:39,24266.55,24265,50,24266.8,75,350,1141000
NIFTY-II.NFO,05/08/2024,10:57:41,24265,24262.05,275,24267.45,75,275,1141000
NIFTY-II.NFO,05/08/2024,10:57:41,24260.15,24262.05,275,24267.45,75,0,1141000
NIFTY-II.NFO,05/08/2024,10:57:43,24263.75,24262.2,325,24266.9,75,25,1141000
NIFTY-II.NFO,05/08/2024,10:57:44,24260.15,24260.9,125,24265.8,75,100,1141000
NIFTY-II.NFO,05/08/2024,10:57:46,24263.9,24260,550,24263.7,200,100,1141000
NIFTY-II.NFO,05/08/2024,10:57:46,24260.1,24260,550,24263.7,200,0,1141000
NIFTY-II.NFO,05/08/2024,10:57:48,24260.25,24260.25,200,24264.65,50,100,1141000
NIFTY-II.NFO,05/08/2024,10:57:49,24268.45,24264.65,275,24268.5,25,125,1141000
NIFTY-II.NFO,05/08/2024,10:57:51,24268.5,24266.4,225,24269.7,50,75,1141000
NIFTY-II.NFO,05/08/2024,10:57:53,24266.5,24265.4,50,24269.3,225,100,1141875
NIFTY-II.NFO,05/08/2024,10:57:54,24267,24265.8,175,24267,25,75,1141875
NIFTY-II.NFO,05/08/2024,10:57:56,24265.95,24266.85,200,24270.25,25,275,1141875
NIFTY-II.NFO,05/08/2024,10:57:58,24268.3,24271.7,125,24275.7,50,125,1141875
NIFTY-II.NFO,05/08/2024,10:57:59,24267,24267,75,24270.85,200,125,1141875
NIFTY-II.NFO,05/08/2024,10:58:01,24269,24264.25,50,24268.85,200,275,1141875
NIFTY-II.NFO,05/08/2024,10:58:02,24264.65,24264.05,25,24264.65,50,175,1141875
NIFTY-II.NFO,05/08/2024,10:58:04,24264.3,24264,100,24264.3,50,175,1141875
NIFTY-II.NFO,05/08/2024,10:58:06,24265,24265,1125,24265.7,50,600,1141875
NIFTY-II.NFO,05/08/2024,10:58:07,24265,24265,100,24266.45,200,1025,1141875
NIFTY-II.NFO,05/08/2024,10:58:09,24264,24262.5,125,24267.55,50,200,1141875
NIFTY-II.NFO,05/08/2024,10:58:11,24263.5,24263.7,125,24268.75,150,100,1141875
NIFTY-II.NFO,05/08/2024,10:58:12,24261.85,24263.1,150,24268.35,200,75,1141875
NIFTY-II.NFO,05/08/2024,10:58:14,24261.5,24264.25,50,24269.45,150,100,1141875
NIFTY-II.NFO,05/08/2024,10:58:16,24263.35,24263.4,50,24269.85,200,125,1141875
NIFTY-II.NFO,05/08/2024,10:58:17,24261.85,24260,650,24261.85,25,250,1141875
NIFTY-II.NFO,05/08/2024,10:58:19,24260.15,24261.05,50,24265.9,25,125,1141875
NIFTY-II.NFO,05/08/2024,10:58:19,24260,24261.05,50,24265.9,25,0,1141875
NIFTY-II.NFO,05/08/2024,10:58:20,24265.9,24263.35,75,24268.8,50,300,1141875
NIFTY-II.NFO,05/08/2024,10:58:22,24261.4,24261.85,50,24268.45,50,150,1141875
NIFTY-II.NFO,05/08/2024,10:58:24,24267,24265.25,75,24267,100,100,1141875
NIFTY-II.NFO,05/08/2024,10:58:25,24267,24266.6,50,24269.35,25,275,1141875
NIFTY-II.NFO,05/08/2024,10:58:27,24269.35,24269.35,25,24271.5,50,350,1141875
NIFTY-II.NFO,05/08/2024,10:58:29,24269.8,24270.95,50,24275,50,425,1141875
NIFTY-II.NFO,05/08/2024,10:58:30,24270.55,24270.95,225,24275,25,300,1141875
NIFTY-II.NFO,05/08/2024,10:58:32,24268.65,24267.7,225,24273.85,50,125,1141875
NIFTY-II.NFO,05/08/2024,10:58:34,24273.25,24267.8,100,24273.2,275,200,1141875
NIFTY-II.NFO,05/08/2024,10:58:35,24269.7,24270.95,125,24273.55,25,125,1141875
NIFTY-II.NFO,05/08/2024,10:58:37,24272.35,24272.7,50,24275,25,425,1141875
NIFTY-II.NFO,05/08/2024,10:58:39,24281.2,24276.9,25,24281.2,25,275,1141875
NIFTY-II.NFO,05/08/2024,10:58:40,24276.5,24275.75,50,24281.85,125,150,1141875
NIFTY-II.NFO,05/08/2024,10:58:42,24275,24275,75,24278.5,275,175,1141875
NIFTY-II.NFO,05/08/2024,10:58:44,24272.75,24270.55,125,24276.3,50,175,1141875
NIFTY-II.NFO,05/08/2024,10:58:45,24272.75,24273.45,50,24276.85,25,0,1141875
NIFTY-II.NFO,05/08/2024,10:58:47,24278.25,24275,25,24278.3,50,100,1141875
NIFTY-II.NFO,05/08/2024,10:58:49,24275.05,24275,25,24278.7,200,25,1141875
NIFTY-II.NFO,05/08/2024,10:58:50,24279.6,24275.25,325,24281.2,50,725,1141875
NIFTY-II.NFO,05/08/2024,10:58:52,24277.1,24278.3,25,24280,25,50,1141875
NIFTY-II.NFO,05/08/2024,10:58:54,24277.75,24277.9,200,24282.6,150,75,1141875
NIFTY-II.NFO,05/08/2024,10:58:55,24277.9,24279.6,200,24283.9,750,25,1141875
NIFTY-II.NFO,05/08/2024,10:58:57,24283.9,24280.15,50,24283.95,125,100,1141875
NIFTY-II.NFO,05/08/2024,10:58:59,24282,24280.95,125,24284.45,50,75,1141875
NIFTY-II.NFO,05/08/2024,10:59:00,24287.75,24287.25,200,24291,50,275,1141875
NIFTY-II.NFO,05/08/2024,10:59:02,24283.85,24283.9,200,24289.75,300,50,1141875
NIFTY-II.NFO,05/08/2024,10:59:04,24289.9,24285.1,50,24289.85,200,500,1141875
NIFTY-II.NFO,05/08/2024,10:59:05,24289.9,24284.4,50,24290,50,0,1141875
NIFTY-II.NFO,05/08/2024,10:59:07,24284,24282.3,200,24283.9,25,225,1141875
NIFTY-II.NFO,05/08/2024,10:59:09,24284.2,24280,25,24285,50,50,1141875
NIFTY-II.NFO,05/08/2024,10:59:10,24280,24278.55,50,24282.8,125,100,1141875
NIFTY-II.NFO,05/08/2024,10:59:12,24280,24278.4,50,24280,25,50,1141875
NIFTY-II.NFO,05/08/2024,10:59:14,24278.05,24278.05,200,24282.6,50,100,1141875
NIFTY-II.NFO,05/08/2024,10:59:15,24278,24278,75,24281.85,75,50,1141875
NIFTY-II.NFO,05/08/2024,10:59:17,24278,24274.4,250,24278,25,100,1141875
NIFTY-II.NFO,05/08/2024,10:59:19,24273.2,24273.2,200,24278.7,125,75,1141875
NIFTY-II.NFO,05/08/2024,10:59:20,24279.55,24273.65,200,24279.35,100,350,1141875
NIFTY-II.NFO,05/08/2024,10:59:22,24280,24279.7,25,24280,25,50,1141875
NIFTY-II.NFO,05/08/2024,10:59:24,24274.7,24275.85,175,24280,25,125,1141875
NIFTY-II.NFO,05/08/2024,10:59:25,24280,24277.75,350,24282.35,200,25,1141875
NIFTY-II.NFO,05/08/2024,10:59:27,24280,24280,350,24283.65,200,0,1141875
NIFTY-II.NFO,05/08/2024,10:59:29,24279.25,24279.5,300,24282.65,50,75,1141875
NIFTY-II.NFO,05/08/2024,10:59:31,24279.75,24277.8,250,24279.75,25,150,1141875
NIFTY-II.NFO,05/08/2024,10:59:32,24281.2,24281.2,375,24283.3,200,175,1141875
NIFTY-II.NFO,05/08/2024,10:59:34,24281.2,24281.2,75,24282.1,100,325,1141875
NIFTY-II.NFO,05/08/2024,10:59:35,24282.05,24281.2,50,24281.75,100,50,1141875
NIFTY-II.NFO,05/08/2024,10:59:37,24280,24275.25,350,24279.8,50,100,1141875
NIFTY-II.NFO,05/08/2024,10:59:39,24279.6,24276.7,50,24280,25,50,1141875
NIFTY-II.NFO,05/08/2024,10:59:40,24279.7,24276.7,50,24280,25,50,1141875
NIFTY-II.NFO,05/08/2024,10:59:42,24280,24276.75,100,24281.85,25,50,1141875
NIFTY-II.NFO,05/08/2024,10:59:44,24280,24276.7,125,24282.15,175,250,1141875
NIFTY-II.NFO,05/08/2024,10:59:45,24278.75,24275,75,24279.4,125,75,1141875
NIFTY-II.NFO,05/08/2024,10:59:47,24278.75,24275,75,24278.5,200,0,1141875
NIFTY-II.NFO,05/08/2024,10:59:49,24275,24275,25,24278.45,25,50,1141875
NIFTY-II.NFO,05/08/2024,10:59:50,24273.9,24273.85,25,24276,50,100,1141875
NIFTY-II.NFO,05/08/2024,10:59:52,24275,24273.85,25,24275.65,125,50,1141875
NIFTY-II.NFO,05/08/2024,10:59:53,24273.2,24270.55,25,24274.7,75,125,1141875
NIFTY-II.NFO,05/08/2024,10:59:55,24273.2,24271,750,24273.65,50,475,1141875
NIFTY-II.NFO,05/08/2024,10:59:57,24270.5,24270.5,350,24271.6,150,50,1141875
NIFTY-II.NFO,05/08/2024,10:59:58,24270.5,24270,100,24271.45,150,150,1141875
NIFTY-II.NFO,05/08/2024,11:00:00,24271.45,24270.3,25,24271.5,225,50,1141875
NIFTY-II.NFO,05/08/2024,11:00:02,24271.5,24270,125,24272.05,150,50,1141875
NIFTY-II.NFO,05/08/2024,11:00:03,24272.05,24270,125,24271.5,50,25,1141875
NIFTY-II.NFO,05/08/2024,11:00:05,24271.5,24270,75,24271.9,200,150,1141875
NIFTY-II.NFO,05/08/2024,11:00:07,24270,24270,100,24272.3,75,25,1141875
NIFTY-II.NFO,05/08/2024,11:00:08,24271.5,24270,100,24271.65,125,50,1141875
NIFTY-II.NFO,05/08/2024,11:00:10,24268.4,24264.05,50,24268.35,200,350,1141875
NIFTY-II.NFO,05/08/2024,11:00:12,24268.3,24262,50,24266.3,50,50,1141875
NIFTY-II.NFO,05/08/2024,11:00:13,24261,24260.1,25,24262.2,200,125,1141875
NIFTY-II.NFO,05/08/2024,11:00:15,24262.15,24260,375,24262.15,25,575,1141875
NIFTY-II.NFO,05/08/2024,11:00:17,24257,24255,50,24258.1,175,450,1141875
NIFTY-II.NFO,05/08/2024,11:00:17,24257,24255,50,24258.1,175,0,1141875
NIFTY-II.NFO,05/08/2024,11:00:18,24257,24255,50,24258.3,50,0,1141875
NIFTY-II.NFO,05/08/2024,11:00:20,24257,24255,50,24257.5,50,0,1141875
NIFTY-II.NFO,05/08/2024,11:00:22,24253.85,24252,25,24255.05,50,125,1141875
NIFTY-II.NFO,05/08/2024,11:00:22,24253.85,24252,25,24255.05,50,0,1141875
NIFTY-II.NFO,05/08/2024,11:00:23,24252,24251.15,25,24253.75,50,25,1141875
NIFTY-II.NFO,05/08/2024,11:00:23,24252,24251.15,25,24253.75,50,0,1141875
NIFTY-II.NFO,05/08/2024,11:00:25,24251,24251,75,24253.8,25,150,1141875
NIFTY-II.NFO,05/08/2024,11:00:25,24251,24251,75,24253.8,25,0,1141875
NIFTY-II.NFO,05/08/2024,11:00:27,24251,24251,75,24252.3,50,0,1141875
NIFTY-II.NFO,05/08/2024,11:00:28,24252.3,24251,50,24252.3,25,50,1141875
NIFTY-II.NFO,05/08/2024,11:00:30,24251,24251.15,275,24252.3,25,25,1141875
NIFTY-II.NFO,05/08/2024,11:00:32,24253,24253.4,50,24256.95,150,175,1141875
NIFTY-II.NFO,05/08/2024,11:00:33,24258.9,24257.8,200,24259.8,50,1150,1141875
NIFTY-II.NFO,05/08/2024,11:00:35,24260,24260,1175,24263.65,25,350,1141875
NIFTY-II.NFO,05/08/2024,11:00:37,24264.6,24260.05,100,24263.7,25,1700,1141875
NIFTY-II.NFO,05/08/2024,11:00:38,24264.9,24264.65,275,24265.9,50,175,1141875
NIFTY-II.NFO,05/08/2024,11:00:40,24264.9,24265.45,275,24270,25,0,1141875
NIFTY-II.NFO,05/08/2024,11:00:42,24265.5,24261.85,200,24266.75,25,100,1141875
NIFTY-II.NFO,05/08/2024,11:00:43,24261.7,24261.7,25,24265.75,200,400,1141875
NIFTY-II.NFO,05/08/2024,11:00:45,24265,24265,1325,24265.55,50,325,1141875
NIFTY-II.NFO,05/08/2024,11:00:47,24265,24265,225,24265.55,50,1125,1141875
NIFTY-II.NFO,05/08/2024,11:00:48,24269.8,24267.6,175,24270,25,250,1141875
NIFTY-II.NFO,05/08/2024,11:00:50,24269.8,24269.05,125,24270,25,0,1141875
NIFTY-II.NFO,05/08/2024,11:00:52,24270,24269.4,125,24273.6,200,25,1141875
NIFTY-II.NFO,05/08/2024,11:00:53,24265.65,24265.65,25,24269.1,150,25,1146500
NIFTY-II.NFO,05/08/2024,11:00:55,24270.1,24265.55,75,24270.9,200,25,1146500
NIFTY-II.NFO,05/08/2024,11:00:57,24271,24266.55,75,24271.1,150,75,1146500
NIFTY-II.NFO,05/08/2024,11:00:58,24271,24265,275,24268.2,200,0,1146500
NIFTY-II.NFO,05/08/2024,11:01:00,24268.9,24265,275,24268.9,200,50,1146500
NIFTY-II.NFO,05/08/2024,11:01:01,24265,24265.4,200,24270.05,50,125,1146500
NIFTY-II.NFO,05/08/2024,11:01:03,24268.9,24266,200,24271.05,200,25,1146500
NIFTY-II.NFO,05/08/2024,11:01:05,24270,24265.95,125,24270,400,125,1146500
NIFTY-II.NFO,05/08/2024,11:01:06,24270,24268.9,25,24270,375,0,1146500
NIFTY-II.NFO,05/08/2024,11:01:08,24270,24268,1100,24270,350,100,1146500
NIFTY-II.NFO,05/08/2024,11:01:10,24268,24268,1075,24269.4,200,100,1146500
NIFTY-II.NFO,05/08/2024,11:01:11,24268,24265.9,50,24268.5,250,1100,1146500
NIFTY-II.NFO,05/08/2024,11:01:13,24265.9,24265.9,25,24266.3,75,50,1146500
NIFTY-II.NFO,05/08/2024,11:01:15,24261.75,24265.75,200,24268.75,25,250,1146500
NIFTY-II.NFO,05/08/2024,11:01:16,24268.75,24267.3,250,24269.45,25,50,1146500
NIFTY-II.NFO,05/08/2024,11:01:18,24268.75,24267.7,200,24270,350,0,1146500
NIFTY-II.NFO,05/08/2024,11:01:20,24268.75,24269.15,250,24270,350,0,1146500
NIFTY-II.NFO,05/08/2024,11:01:21,24271.8,24268.95,250,24271.75,25,425,1146500
NIFTY-II.NFO,05/08/2024,11:01:23,24271.8,24268.9,500,24270,25,0,1146500
NIFTY-II.NFO,05/08/2024,11:01:25,24271.85,24270,125,24272.25,25,75,1146500
NIFTY-II.NFO,05/08/2024,11:01:26,24271.85,24270,150,24271.95,25,0,1146500
NIFTY-II.NFO,05/08/2024,11:01:28,24272,24272,300,24273.15,25,425,1146500
NIFTY-II.NFO,05/08/2024,11:01:29,24272,24272,200,24273.7,25,175,1146500
NIFTY-II.NFO,05/08/2024,11:01:31,24274.9,24272,125,24273.8,25,1075,1146500
NIFTY-II.NFO,05/08/2024,11:01:33,24274.9,24272,125,24273.45,25,0,1146500
NIFTY-II.NFO,05/08/2024,11:01:34,24268.95,24268.75,50,24272,225,250,1146500
NIFTY-II.NFO,05/08/2024,11:01:36,24271.55,24268.75,25,24272.3,125,225,1146500
NIFTY-II.NFO,05/08/2024,11:01:38,24271.2,24265.5,25,24267.75,125,125,1146500
NIFTY-II.NFO,05/08/2024,11:01:39,24268.75,24268.75,75,24268.9,25,275,1146500
NIFTY-II.NFO,05/08/2024,11:01:41,24265,24265,25,24267.7,25,450,1146500
NIFTY-II.NFO,05/08/2024,11:01:43,24264,24261.65,200,24266.65,25,100,1146500
NIFTY-II.NFO,05/08/2024,11:01:45,24265.7,24261.25,200,24265.65,200,50,1146500
NIFTY-II.NFO,05/08/2024,11:01:46,24264.6,24261,75,24265.1,25,150,1146500
NIFTY-II.NFO,05/08/2024,11:01:48,24261,24262.45,50,24264.95,25,75,1146500
NIFTY-II.NFO,05/08/2024,11:01:50,24263.05,24261.05,200,24266.05,150,50,1146500
NIFTY-II.NFO,05/08/2024,11:01:51,24260.55,24260,350,24262.2,50,150,1146500
NIFTY-II.NFO,05/08/2024,11:01:53,24261,24260.05,200,24262.2,50,75,1146500
NIFTY-II.NFO,05/08/2024,11:01:55,24261,24260.55,100,24261.25,25,225,1146500
NIFTY-II.NFO,05/08/2024,11:01:56,24260.55,24260.55,75,24263.1,50,50,1146500
NIFTY-II.NFO,05/08/2024,11:01:58,24260.55,24260.55,75,24263.15,25,0,1146500
NIFTY-II.NFO,05/08/2024,11:02:00,24262.8,24260.3,200,24263.65,150,375,1146500
NIFTY-II.NFO,05/08/2024,11:02:01,24260.3,24264.8,25,24265.8,25,25,1146500
NIFTY-II.NFO,05/08/2024,11:02:03,24268.9,24265.8,200,24270.1,150,75,1146500
NIFTY-II.NFO,05/08/2024,11:02:04,24268.9,24267.6,200,24269.8,25,50,1146500
NIFTY-II.NFO,05/08/2024,11:02:06,24268.9,24266.55,50,24269.5,150,0,1146500
NIFTY-II.NFO,05/08/2024,11:02:08,24265.95,24266.7,200,24269.4,150,25,1146500
NIFTY-II.NFO,05/08/2024,11:02:09,24270.3,24268.55,275,24272,150,25,1146500
NIFTY-II.NFO,05/08/2024,11:02:11,24272.75,24268.95,250,24272.75,100,200,1146500
NIFTY-II.NFO,05/08/2024,11:02:13,24272.8,24269.05,250,24273.25,150,50,1146500
NIFTY-II.NFO,05/08/2024,11:02:14,24273.2,24269.6,125,24273.25,350,150,1146500
NIFTY-II.NFO,05/08/2024,11:02:16,24269,24267.7,25,24272.7,200,100,1146500
NIFTY-II.NFO,05/08/2024,11:02:18,24269,24265.95,25,24269.3,250,0,1146500
NIFTY-II.NFO,05/08/2024,11:02:19,24267.6,24261.2,25,24265.7,125,225,1146500
NIFTY-II.NFO,05/08/2024,11:02:21,24265.3,24261,25,24264,25,75,1146500
NIFTY-II.NFO,05/08/2024,11:02:22,24260,24260,200,24261.45,25,1350,1146500
NIFTY-II.NFO,05/08/2024,11:02:24,24260,24260.1,200,24261.2,25,100,1146500
NIFTY-II.NFO,05/08/2024,11:02:26,24263,24261,25,24264.7,150,125,1146500
NIFTY-II.NFO,05/08/2024,11:02:27,24260,24255,50,24257.85,200,175,1146500
NIFTY-II.NFO,05/08/2024,11:02:29,24260,24255.1,50,24259.85,200,0,1146500
NIFTY-II.NFO,05/08/2024,11:02:31,24257.85,24255,50,24257.85,125,225,1146500
NIFTY-II.NFO,05/08/2024,11:02:32,24256,24252.3,25,24255.7,25,75,1146500
NIFTY-II.NFO,05/08/2024,11:02:34,24251,24251,1050,24253.6,25,200,1146500
NIFTY-II.NFO,05/08/2024,11:02:36,24251.25,24249.5,25,24251.25,25,2375,1146500
NIFTY-II.NFO,05/08/2024,11:02:36,24250,24249.5,25,24251.25,25,0,1146500
NIFTY-II.NFO,05/08/2024,11:02:37,24248,24245,50,24247.3,125,175,1146500
NIFTY-II.NFO,05/08/2024,11:02:37,24245.6,24245,50,24247.3,125,0,1146500
NIFTY-II.NFO,05/08/2024,11:02:39,24246.2,24242.85,25,24244.2,25,225,1146500
NIFTY-II.NFO,05/08/2024,11:02:39,24245,24242.85,25,24244.2,25,0,1146500
NIFTY-II.NFO,05/08/2024,11:02:41,24244.75,24242.05,50,24244.6,25,400,1146500
NIFTY-II.NFO,05/08/2024,11:02:41,24242.1,24242.05,50,24244.6,25,0,1146500
NIFTY-II.NFO,05/08/2024,11:02:42,24237,24236,100,24239,25,1100,1146500
NIFTY-II.NFO,05/08/2024,11:02:42,24237,24236,100,24239,25,0,1146500
NIFTY-II.NFO,05/08/2024,11:02:44,24238.85,24235.1,200,24239,50,225,1146500
NIFTY-II.NFO,05/08/2024,11:02:44,24236,24235.1,200,24239,50,0,1146500
NIFTY-II.NFO,05/08/2024,11:02:46,24234.05,24233.7,50,24238.35,100,25,1146500
NIFTY-II.NFO,05/08/2024,11:02:46,24234.05,24233.7,50,24238.35,100,0,1146500
NIFTY-II.NFO,05/08/2024,11:02:47,24232.25,24232.25,25,24235,25,175,1146500
NIFTY-II.NFO,05/08/2024,11:02:47,24232.25,24232.25,25,24235,25,0,1146500
NIFTY-II.NFO,05/08/2024,11:02:49,24231.7,24231.25,50,24234.95,50,125,1146500
NIFTY-II.NFO,05/08/2024,11:02:49,24231.6,24231.25,50,24234.95,50,0,1146500
NIFTY-II.NFO,05/08/2024,11:02:51,24236,24234.55,125,24236,25,125,1146500
NIFTY-II.NFO,05/08/2024,11:02:51,24231.3,24234.55,125,24236,25,0,1146500
NIFTY-II.NFO,05/08/2024,11:02:52,24230.65,24230.25,50,24234.25,25,175,1146500
NIFTY-II.NFO,05/08/2024,11:02:52,24230.65,24230.25,50,24234.25,25,0,1146500
NIFTY-II.NFO,05/08/2024,11:02:54,24236.15,24232.95,50,24237.85,200,175,1146500
NIFTY-II.NFO,05/08/2024,11:02:56,24232.25,24232.8,50,24237.2,25,125,1146500
NIFTY-II.NFO,05/08/2024,11:02:57,24233.1,24230.65,50,24233.15,25,225,1146500
NIFTY-II.NFO,05/08/2024,11:02:59,24226.7,24226.05,275,24229,25,1625,1146500
NIFTY-II.NFO,05/08/2024,11:02:59,24226.7,24226.05,275,24229,25,0,1146500
NIFTY-II.NFO,05/08/2024,11:03:01,24226.05,24226,25,24228.25,25,75,1146500
NIFTY-II.NFO,05/08/2024,11:03:01,24226.05,24226,25,24228.25,25,0,1146500
NIFTY-II.NFO,05/08/2024,11:03:02,24229,24225.75,25,24228.8,25,150,1146500
NIFTY-II.NFO,05/08/2024,11:03:02,24226,24225.75,25,24228.8,25,0,1146500
NIFTY-II.NFO,05/08/2024,11:03:04,24225,24224,25,24225.65,75,300,1146500
NIFTY-II.NFO,05/08/2024,11:03:04,24225,24224,25,24225.65,75,0,1146500
NIFTY-II.NFO,05/08/2024,11:03:06,24221.85,24220,250,24222,50,250,1146500
NIFTY-II.NFO,05/08/2024,11:03:06,24221.85,24220,250,24222,50,0,1146500
NIFTY-II.NFO,05/08/2024,11:03:07,24223.5,24220.15,50,24224.5,25,125,1146500
NIFTY-II.NFO,05/08/2024,11:03:07,24220.1,24220.15,50,24224.5,25,0,1146500
NIFTY-II.NFO,05/08/2024,11:03:09,24221.35,24220.1,25,24224.95,200,225,1146500
NIFTY-II.NFO,05/08/2024,11:03:11,24223.8,24222.25,25,24225.75,25,50,1146500
NIFTY-II.NFO,05/08/2024,11:03:12,24223.8,24225.65,250,24226.85,50,0,1146500
NIFTY-II.NFO,05/08/2024,11:03:14,24229.9,24228.8,125,24232,75,300,1146500
NIFTY-II.NFO,05/08/2024,11:03:16,24227.45,24227.8,50,24231.25,25,450,1146500
NIFTY-II.NFO,05/08/2024,11:03:17,24232,24230.25,225,24232,50,425,1146500
NIFTY-II.NFO,05/08/2024,11:03:19,24229.75,24229,25,24232,25,75,1146500
NIFTY-II.NFO,05/08/2024,11:03:21,24228.25,24225.75,100,24227.3,25,150,1146500
NIFTY-II.NFO,05/08/2024,11:03:22,24225.8,24225.75,50,24228.25,275,75,1146500
NIFTY-II.NFO,05/08/2024,11:03:24,24223.05,24223,25,24228.25,275,575,1146500
NIFTY-II.NFO,05/08/2024,11:03:26,24227.3,24223.05,25,24228,25,175,1146500
NIFTY-II.NFO,05/08/2024,11:03:27,24228,24225.25,100,24228.8,50,100,1146500
NIFTY-II.NFO,05/08/2024,11:03:29,24228,24226.2,100,24228.8,50,0,1146500
NIFTY-II.NFO,05/08/2024,11:03:31,24228,24224.35,50,24228.8,75,75,1146500
NIFTY-II.NFO,05/08/2024,11:03:32,24225.05,24224.05,25,24228.65,100,200,1146500
NIFTY-II.NFO,05/08/2024,11:03:34,24225.05,24223,25,24226.7,250,0,1146500
NIFTY-II.NFO,05/08/2024,11:03:36,24223,24222.3,175,24225.35,25,400,1146500
NIFTY-II.NFO,05/08/2024,11:03:37,24228.2,24224.1,200,24228.1,25,600,1146500
NIFTY-II.NFO,05/08/2024,11:03:39,24228.2,24224.3,275,24228.1,25,0,1146500
NIFTY-II.NFO,05/08/2024,11:03:40,24224.3,24224.65,200,24228.8,50,100,1146500
NIFTY-II.NFO,05/08/2024,11:03:42,24228.8,24225.45,275,24228.8,25,25,1146500
NIFTY-II.NFO,05/08/2024,11:03:44,24228.75,24225,25,24228.8,25,25,1146500
NIFTY-II.NFO,05/08/2024,11:03:45,24228.75,24228.75,25,24228.8,25,75,1146500
NIFTY-II.NFO,05/08/2024,11:03:47,24228.75,24228.75,25,24228.8,75,0,1146500
NIFTY-II.NFO,05/08/2024,11:03:48,24228.75,24229,25,24231,200,100,1146500
NIFTY-II.NFO,05/08/2024,11:03:50,24229,24225,50,24228.8,25,25,1146500
NIFTY-II.NFO,05/08/2024,11:03:52,24229.9,24225.05,275,24230.2,50,100,1150850
NIFTY-II.NFO,05/08/2024,11:03:53,24229,24226.5,200,24230.95,25,25,1150850
NIFTY-II.NFO,05/08/2024,11:03:55,24231.95,24226.85,150,24232,125,75,1150850
NIFTY-II.NFO,05/08/2024,11:03:57,24232.3,24225.05,200,24231,50,25,1150850
NIFTY-II.NFO,05/08/2024,11:03:58,24230,24227.2,200,24232.5,150,175,1150850
NIFTY-II.NFO,05/08/2024,11:04:00,24230,24228.7,75,24233,150,0,1150850
NIFTY-II.NFO,05/08/2024,11:04:02,24235,24231.7,200,24237,50,25,1150850
NIFTY-II.NFO,05/08/2024,11:04:03,24233.25,24237.05,25,24241.3,100,100,1150850
NIFTY-II.NFO,05/08/2024,11:04:05,24239.55,24233.1,275,24238.45,200,50,1150850
NIFTY-II.NFO,05/08/2024,11:04:07,24237.15,24239.05,25,24242,1500,225,1150850
NIFTY-II.NFO,05/08/2024,11:04:08,24237.15,24238.8,175,24241.65,50,0,1150850
NIFTY-II.NFO,05/08/2024,11:04:10,24235.6,24233.75,50,24239.95,50,550,1150850
NIFTY-II.NFO,05/08/2024,11:04:12,24240,24238.75,75,24241.95,50,25,1150850
NIFTY-II.NFO,05/08/2024,11:04:13,24241.75,24237.15,125,24240.4,125,75,1150850
NIFTY-II.NFO,05/08/2024,11:04:15,24241,24237.15,125,24239.5,75,50,1150850
NIFTY-II.NFO,05/08/2024,11:04:17,24235,24231.95,25,24234.95,200,325,1150850
NIFTY-II.NFO,05/08/2024,11:04:18,24235.65,24231.95,25,24234.2,200,75,1150850
NIFTY-II.NFO,05/08/2024,11:04:20,24231.95,24230,25,24231.8,25,25,1150850
NIFTY-II.NFO,05/08/2024,11:04:21,24231.75,24230,25,24231.75,75,75,1150850
NIFTY-II.NFO,05/08/2024,11:04:23,24230,24225,800,24226.6,200,75,1150850
NIFTY-II.NFO,05/08/2024,11:04:25,24225,24225,750,24226.6,75,225,1150850
NIFTY-II.NFO,05/08/2024,11:04:26,24225,24225,450,24227.3,175,300,1150850
NIFTY-II.NFO,05/08/2024,11:04:28,24225,24225,275,24228.4,125,200,1150850
NIFTY-II.NFO,05/08/2024,11:04:30,24225,24225,250,24227.2,25,25,1150850
NIFTY-II.NFO,05/08/2024,11:04:31,24222,24222,25,24225.7,75,300,1150850
NIFTY-II.NFO,05/08/2024,11:04:33,24222,24221.05,300,24226.3,25,175,1150850
NIFTY-II.NFO,05/08/2024,11:04:35,24225,24224.1,275,24228.05,25,50,1150850
NIFTY-II.NFO,05/08/2024,11:04:36,24225.05,24225.1,275,24230,50,25,1150850
NIFTY-II.NFO,05/08/2024,11:04:38,24231.5,24232.85,200,24237.75,150,125,1150850
NIFTY-II.NFO,05/08/2024,11:04:40,24234.25,24230.95,200,24237.15,250,25,1150850
NIFTY-II.NFO,05/08/2024,11:04:41,24234.25,24229.15,275,24234.7,125,0,1150850
NIFTY-II.NFO,05/08/2024,11:04:43,24229.15,24232.05,200,24236.7,150,25,1150850
NIFTY-II.NFO,05/08/2024,11:04:45,24232.95,24234.75,75,24237.9,25,250,1150850
NIFTY-II.NFO,05/08/2024,11:04:46,24235.25,24236.3,150,24238.45,150,25,1150850
NIFTY-II.NFO,05/08/2024,11:04:48,24235.25,24235.25,25,24237.85,50,25,1150850
NIFTY-II.NFO,05/08/2024,11:04:50,24235.25,24232.5,275,24236,75,25,1150850
NIFTY-II.NFO,05/08/2024,11:04:51,24236,24236.95,125,24238.8,25,75,1150850
NIFTY-II.NFO,05/08/2024,11:04:53,24235.5,24238.1,50,24240,700,575,1150850
NIFTY-II.NFO,05/08/2024,11:04:55,24237.85,24237.3,100,24238.1,25,125,1150850
NIFTY-II.NFO,05/08/2024,11:04:56,24238.1,24237.2,100,24239.95,25,25,1150850
NIFTY-II.NFO,05/08/2024,11:04:58,24238.1,24235.3,100,24238.25,25,0,1150850
NIFTY-II.NFO,05/08/2024,11:05:00,24235.25,24230.05,100,24233.95,25,25,1150850
NIFTY-II.NFO,05/08/2024,11:05:01,24233.95,24230,25,24233.35,275,50,1150850
NIFTY-II.NFO,05/08/2024,11:05:03,24226.05,24225.7,175,24230,100,125,1150850
NIFTY-II.NFO,05/08/2024,11:05:05,24226.05,24225.65,175,24230,100,0,1150850
NIFTY-II.NFO,05/08/2024,11:05:06,24228.8,24226.8,175,24230,25,25,1150850
NIFTY-II.NFO,05/08/2024,11:05:08,24233.1,24229.3,175,24233.6,50,50,1150850
NIFTY-II.NFO,05/08/2024,11:05:10,24230,24225.05,175,24229.65,200,25,1150850
NIFTY-II.NFO,05/08/2024,11:05:11,24229.95,24225.25,250,24230,525,75,1150850
NIFTY-II.NFO,05/08/2024,11:05:13,24230,24225,25,24229.4,250,25,1150850
NIFTY-II.NFO,05/08/2024,11:05:15,24228.1,24225.05,175,24230,500,25,1150850
NIFTY-II.NFO,05/08/2024,11:05:16,24224.95,24223.55,250,24224.95,75,75,1150850
NIFTY-II.NFO,05/08/2024,11:05:18,24224.95,24223.8,175,24228.45,150,75,1150850
NIFTY-II.NFO,05/08/2024,11:05:20,24224.95,24224.75,175,24229.95,225,0,1150850
NIFTY-II.NFO,05/08/2024,11:05:21,24220,24220,1225,24221.35,150,275,1150850
NIFTY-II.NFO,05/08/2024,11:05:21,24220,24220,1225,24221.35,150,0,1150850
NIFTY-II.NFO,05/08/2024,11:05:23,24220,24220,625,24221.4,25,650,1150850
NIFTY-II.NFO,05/08/2024,11:05:25,24220,24220,500,24221.9,200,125,1150850
NIFTY-II.NFO,05/08/2024,11:05:26,24218,24218,150,24221.65,125,600,1150850
NIFTY-II.NFO,05/08/2024,11:05:26,24218,24218,150,24221.65,125,0,1150850
NIFTY-II.NFO,05/08/2024,11:05:28,24218,24219.1,125,24223.95,50,0,1150850
NIFTY-II.NFO,05/08/2024,11:05:30,24219.15,24218.35,175,24223.9,25,75,1150850
NIFTY-II.NFO,05/08/2024,11:05:31,24223.9,24221.05,25,24225.6,200,25,1150850
NIFTY-II.NFO,05/08/2024,11:05:33,24220.05,24220,25,24222.2,25,25,1150850
NIFTY-II.NFO,05/08/2024,11:05:34,24220,24219.05,25,24223.9,25,25,1150850
NIFTY-II.NFO,05/08/2024,11:05:36,24220,24218.05,25,24223.8,250,0,1150850
NIFTY-II.NFO,05/08/2024,11:05:38,24218.35,24222,25,24223.05,200,100,1150850
NIFTY-II.NFO,05/08/2024,11:05:39,24222,24218,125,24221.35,50,25,1150850
NIFTY-II.NFO,05/08/2024,11:05:41,24218,24215,1125,24218.4,50,175,1150850
NIFTY-II.NFO,05/08/2024,11:05:43,24215,24213.05,175,24217.75,125,1125,1150850
NIFTY-II.NFO,05/08/2024,11:05:43,24215,24213.05,175,24217.75,125,0,1150850
NIFTY-II.NFO,05/08/2024,11:05:44,24215,24214.05,25,24218,100,0,1150850
NIFTY-II.NFO,05/08/2024,11:05:46,24212.95,24212,75,24216.2,275,50,1150850
NIFTY-II.NFO,05/08/2024,11:05:46,24212.95,24212,75,24216.2,275,0,1150850
NIFTY-II.NFO,05/08/2024,11:05:48,24212,24211,125,24213,25,75,1150850
NIFTY-II.NFO,05/08/2024,11:05:48,24212,24211,125,24213,25,0,1150850
NIFTY-II.NFO,05/08/2024,11:05:49,24214.8,24211.1,175,24214.75,200,100,1150850
NIFTY-II.NFO,05/08/2024,11:05:51,24210.15,24210.1,50,24211.9,25,300,1150850
NIFTY-II.NFO,05/08/2024,11:05:51,24210.15,24210.1,50,24211.9,25,0,1150850
NIFTY-II.NFO,05/08/2024,11:05:53,24211.05,24210.35,150,24215.7,125,200,1150850
NIFTY-II.NFO,05/08/2024,11:05:54,24212.05,24210.15,75,24211.75,25,50,1150850
NIFTY-II.NFO,05/08/2024,11:05:56,24217,24213.1,50,24217,25,150,1150850
NIFTY-II.NFO,05/08/2024,11:05:58,24216.05,24216.1,50,24220,525,1450,1150850
NIFTY-II.NFO,05/08/2024,11:05:59,24216.05,24217.35,75,24220,525,0,1150850
NIFTY-II.NFO,05/08/2024,11:06:01,24220,24214.3,125,24219.95,100,25,1150850
NIFTY-II.NFO,05/08/2024,11:06:03,24217.05,24218.6,25,24220,500,50,1150850
NIFTY-II.NFO,05/08/2024,11:06:04,24218.6,24218.9,75,24220,475,50,1150850
NIFTY-II.NFO,05/08/2024,11:06:06,24220,24220.1,325,24222,25,475,1150850
NIFTY-II.NFO,05/08/2024,11:06:08,24222,24222.5,325,24224,25,25,1150850
NIFTY-II.NFO,05/08/2024,11:06:09,24223.65,24220.05,25,24223.45,200,300,1150850
NIFTY-II.NFO,05/08/2024,11:06:11,24223.45,24223.95,250,24225,25,200,1150850
NIFTY-II.NFO,05/08/2024,11:06:13,24224.05,24224.05,25,24227.85,175,175,1150850
NIFTY-II.NFO,05/08/2024,11:06:14,24224.75,24220.05,125,24224.75,100,125,1150850
NIFTY-II.NFO,05/08/2024,11:06:16,24222.05,24224.05,25,24227.8,125,175,1150850
NIFTY-II.NFO,05/08/2024,11:06:18,24227.45,24224.05,25,24227.65,50,125,1150850
NIFTY-II.NFO,05/08/2024,11:06:19,24227.45,24222.35,175,24227.7,100,0,1150850
NIFTY-II.NFO,05/08/2024,11:06:21,24228,24223.1,175,24228.15,25,50,1150850
NIFTY-II.NFO,05/08/2024,11:06:23,24228,24225.1,175,24228.75,25,0,1150850
NIFTY-II.NFO,05/08/2024,11:06:24,24228.3,24228.3,250,24229,25,525,1150850
NIFTY-II.NFO,05/08/2024,11:06:26,24233.8,24231.1,150,24233.8,25,375,1150850
NIFTY-II.NFO,05/08/2024,11:06:28,24233.8,24236.95,25,24238.1,25,0,1150850
NIFTY-II.NFO,05/08/2024,11:06:29,24238.2,24238.2,75,24239.05,25,200,1150850
NIFTY-II.NFO,05/08/2024,11:06:31,24238.05,24239.85,100,24240,75,75,1150850
NIFTY-II.NFO,05/08/2024,11:06:33,24246.25,24247.5,325,24250,75,1925,1150850
NIFTY-II.NFO,05/08/2024,11:06:34,24246.25,24243.05,25,24246.75,300,75,1150850
NIFTY-II.NFO,05/08/2024,11:06:36,24242.2,24241.05,25,24244.7,100,50,1150850
NIFTY-II.NFO,05/08/2024,11:06:38,24242.1,24242.05,25,24245.75,100,50,1150850
NIFTY-II.NFO,05/08/2024,11:06:39,24246.2,24243.05,25,24246.35,25,50,1150850
NIFTY-II.NFO,05/08/2024,11:06:41,24240.1,24238.05,50,24241.05,125,125,1150850
NIFTY-II.NFO,05/08/2024,11:06:43,24242,24238.1,50,24242.2,25,200,1150850
NIFTY-II.NFO,05/08/2024,11:06:44,24245,24243.3,175,24245,250,75,1150850
NIFTY-II.NFO,05/08/2024,11:06:46,24245,24246.05,25,24249.95,100,250,1150850
NIFTY-II.NFO,05/08/2024,11:06:48,24245,24244.05,25,24248.3,50,0,1150850
NIFTY-II.NFO,05/08/2024,11:06:49,24242.2,24240.5,25,24242.5,325,50,1150850
NIFTY-II.NFO,05/08/2024,11:06:51,24244.75,24240.5,25,24244.25,325,125,1150850
NIFTY-II.NFO,05/08/2024,11:06:53,24244.75,24240.5,25,24244.95,125,25,1150850
NIFTY-II.NFO,05/08/2024,11:06:54,24244.75,24240.55,25,24245,100,0,1150850
NIFTY-II.NFO,05/08/2024,11:06:56,24243.5,24241.1,50,24245,25,25,1151275
NIFTY-II.NFO,05/08/2024,11:06:58,24243.5,24242.05,25,24245,25,0,1151275
NIFTY-II.NFO,05/08/2024,11:06:59,24245,24243.05,100,24247.65,125,25,1151275
NIFTY-II.NFO,05/08/2024,11:07:01,24245,24246.05,100,24249.95,50,0,1151275
NIFTY-II.NFO,05/08/2024,11:07:03,24245,24242.5,125,24245,25,0,1151275
NIFTY-II.NFO,05/08/2024,11:07:04,24245,24247.05,25,24250,50,25,1151275
NIFTY-II.NFO,05/08/2024,11:07:06,24246.05,24246.05,25,24249.6,125,75,1151275
NIFTY-II.NFO,05/08/2024,11:07:08,24250,24245,100,24248.55,125,25,1151275
NIFTY-II.NFO,05/08/2024,11:07:09,24246.05,24245.05,25,24249.5,25,100,1151275
NIFTY-II.NFO,05/08/2024,11:07:11,24246.05,24248.4,75,24250,25,0,1151275
NIFTY-II.NFO,05/08/2024,11:07:13,24246.05,24246.05,25,24249.55,50,0,1151275
NIFTY-II.NFO,05/08/2024,11:07:14,24250.95,24247.05,25,24249.5,25,100,1151275
NIFTY-II.NFO,05/08/2024,11:07:16,24245,24245,150,24247.45,125,375,1151275
NIFTY-II.NFO,05/08/2024,11:07:18,24249.4,24245,100,24247.6,50,75,1151275
NIFTY-II.NFO,05/08/2024,11:07:19,24246.7,24242,150,24244.75,125,150,1151275
NIFTY-II.NFO,05/08/2024,11:07:21,24242,24240,175,24242.7,50,150,1151275
NIFTY-II.NFO,05/08/2024,11:07:22,24240,24237.4,25,24239.95,50,225,1151275
NIFTY-II.NFO,05/08/2024,11:07:24,24240,24237.4,25,24239.95,125,0,1151275
NIFTY-II.NFO,05/08/2024,11:07:26,24237.4,24234.05,100,24239.8,125,25,1151275
NIFTY-II.NFO,05/08/2024,11:07:27,24237.4,24235.8,175,24240,225,25,1151275
NIFTY-II.NFO,05/08/2024,11:07:29,24240,24241.1,100,24244.6,25,225,1151275
NIFTY-II.NFO,05/08/2024,11:07:31,24240,24241.8,150,24247.5,50,0,1151275
NIFTY-II.NFO,05/08/2024,11:07:32,24240,24240.55,100,24246.75,50,0,1151275
NIFTY-II.NFO,05/08/2024,11:07:34,24242.1,24245.05,25,24248.85,25,25,1151275
NIFTY-II.NFO,05/08/2024,11:07:36,24249.7,24245.1,175,24249.9,25,250,1151275
NIFTY-II.NFO,05/08/2024,11:07:37,24248.5,24243.1,100,24248.5,75,75,1151275
NIFTY-II.NFO,05/08/2024,11:07:39,24248.2,24243.1,175,24247.95,75,25,1151275
NIFTY-II.NFO,05/08/2024,11:07:41,24248.2,24240.25,175,24245.4,25,0,1151275
NIFTY-II.NFO,05/08/2024,11:07:42,24247.15,24240.3,175,24245.4,50,50,1151275
NIFTY-II.NFO,05/08/2024,11:07:44,24240,24240,25,24242.35,50,350,1151275
NIFTY-II.NFO,05/08/2024,11:07:46,24244.65,24240.8,100,24245.05,25,100,1151275
NIFTY-II.NFO,05/08/2024,11:07:47,24240.8,24240.75,100,24244.5,175,100,1151275
NIFTY-II.NFO,05/08/2024,11:07:49,24240,24240,1025,24244.1,200,250,1151275
NIFTY-II.NFO,05/08/2024,11:07:50,24240,24240,875,24241.75,125,200,1151275
NIFTY-II.NFO,05/08/2024,11:07:52,24240,24240,875,24243.45,25,0,1151275
NIFTY-II.NFO,05/08/2024,11:07:54,24240,24240,675,24242.6,75,300,1151275
NIFTY-II.NFO,05/08/2024,11:07:55,24240,24240,625,24243.85,175,125,1151275
NIFTY-II.NFO,05/08/2024,11:07:57,24240,24242.25,325,24245.5,25,0,1151275
NIFTY-II.NFO,05/08/2024,11:07:59,24240,24243.8,175,24248.2,25,0,1151275
NIFTY-II.NFO,05/08/2024,11:08:00,24244.25,24243.85,125,24248.1,50,50,1151275
NIFTY-II.NFO,05/08/2024,11:08:02,24244.25,24240.8,100,24243.3,25,0,1151275
NIFTY-II.NFO,05/08/2024,11:08:03,24241.65,24241.25,375,24246.25,100,25,1151275
NIFTY-II.NFO,05/08/2024,11:08:05,24245.45,24245.55,100,24246.75,25,475,1151275
NIFTY-II.NFO,05/08/2024,11:08:07,24245,24245.4,175,24248.2,25,25,1151275
NIFTY-II.NFO,05/08/2024,11:08:08,24245,24244.7,100,24248.2,25,0,1151275
NIFTY-II.NFO,05/08/2024,11:08:10,24246.45,24244.25,75,24246.1,25,500,1151275
NIFTY-II.NFO,05/08/2024,11:08:12,24240.8,24240.1,100,24245.15,75,175,1151275
NIFTY-II.NFO,05/08/2024,11:08:13,24240.2,24240.5,25,24244.25,25,50,1151275
NIFTY-II.NFO,05/08/2024,11:08:15,24244.25,24241.2,150,24244.25,950,175,1151275
NIFTY-II.NFO,05/08/2024,11:08:17,24244.25,24244.15,175,24248.2,25,950,1151275
NIFTY-II.NFO,05/08/2024,11:08:18,24248.2,24245,25,24248.7,25,25,1151275
NIFTY-II.NFO,05/08/2024,11:08:20,24243.65,24240,750,24242.25,25,400,1151275
NIFTY-II.NFO,05/08/2024,11:08:22,24238.6,24234.2,100,24240.05,300,1550,1151275
NIFTY-II.NFO,05/08/2024,11:08:23,24237.35,24232.5,200,24237.15,150,75,1151275
NIFTY-II.NFO,05/08/2024,11:08:25,24233.35,24228.05,200,24233.1,75,100,1151275
NIFTY-II.NFO,05/08/2024,11:08:27,24230.2,24225.65,100,24231,125,1100,1151275
NIFTY-II.NFO,05/08/2024,11:08:28,24231.8,24228.05,25,24232,125,250,1151275
NIFTY-II.NFO,05/08/2024,11:08:30,24225.5,24225,75,24227.65,200,100,1151275
NIFTY-II.NFO,05/08/2024,11:08:32,24225.9,24223.05,25,24226.5,125,100,1151275
NIFTY-II.NFO,05/08/2024,11:08:33,24221.05,24220.8,100,24224.9,25,150,1151275
NIFTY-II.NFO,05/08/2024,11:08:35,24224.4,24220,400,24221.9,25,75,1151275
NIFTY-II.NFO,05/08/2024,11:08:37,24220,24220,325,24221.3,100,100,1151275
NIFTY-II.NFO,05/08/2024,11:08:38,24221.4,24220,325,24223.15,125,25,1151275
NIFTY-II.NFO,05/08/2024,11:08:40,24220,24220.05,200,24223.9,25,150,1151275
NIFTY-II.NFO,05/08/2024,11:08:42,24217.5,24216,25,24219.4,25,325,1151275
NIFTY-II.NFO,05/08/2024,11:08:43,24215,24215.05,100,24219.95,25,50,1151275
NIFTY-II.NFO,05/08/2024,11:08:45,24220,24215.8,175,24222.15,25,50,1151275
NIFTY-II.NFO,05/08/2024,11:08:47,24220,24215,25,24218.75,200,0,1151275
NIFTY-II.NFO,05/08/2024,11:08:48,24217.4,24217.05,100,24222.5,50,100,1151275
NIFTY-II.NFO,05/08/2024,11:08:50,24214,24212,25,24214.45,100,325,1151275
NIFTY-II.NFO,05/08/2024,11:08:52,24210,24210.05,25,24214.85,50,1175,1151275
NIFTY-II.NFO,05/08/2024,11:08:52,24210,24210.05,25,24214.85,50,0,1151275
NIFTY-II.NFO,05/08/2024,11:08:53,24210,24210,1300,24210.5,50,1125,1151275
NIFTY-II.NFO,05/08/2024,11:08:55,24206.05,24205.4,100,24210.4,50,1350,1151275
NIFTY-II.NFO,05/08/2024,11:08:55,24206.05,24205.4,100,24210.4,50,0,1151275
NIFTY-II.NFO,05/08/2024,11:08:57,24206.05,24206.05,25,24210.95,100,1250,1151275
NIFTY-II.NFO,05/08/2024,11:08:57,24205,24206.05,25,24210.95,100,0,1151275
NIFTY-II.NFO,05/08/2024,11:08:58,24203.55,24202,1650,24203.7,125,1350,1151275
NIFTY-II.NFO,05/08/2024,11:08:58,24202,24202,1650,24203.7,125,0,1151275
NIFTY-II.NFO,05/08/2024,11:09:00,24200,24200,11975,24200.35,125,4325,1151275
NIFTY-II.NFO,05/08/2024,11:09:00,24200,24200,11975,24200.35,125,0,1151275
NIFTY-II.NFO,05/08/2024,11:09:02,24200,24200,11300,24201.3,25,675,1151275
NIFTY-II.NFO,05/08/2024,11:09:03,24200,24200,7725,24200.1,125,3600,1151275
NIFTY-II.NFO,05/08/2024,11:09:05,24200,24200.55,50,24202.45,50,2900,1151275
NIFTY-II.NFO,05/08/2024,11:09:07,24200,24200,3750,24200.4,250,1775,1151275
NIFTY-II.NFO,05/08/2024,11:09:08,24202.35,24202.35,100,24204.95,125,525,1151275
NIFTY-II.NFO,05/08/2024,11:09:10,24202.55,24202.85,100,24206.7,125,50,1151275
NIFTY-II.NFO,05/08/2024,11:09:12,24209.8,24206.1,50,24209.9,200,175,1151275
NIFTY-II.NFO,05/08/2024,11:09:13,24210,24208.05,100,24211.15,250,25,1151275
NIFTY-II.NFO,05/08/2024,11:09:15,24210,24208.4,50,24211.45,50,0,1151275
NIFTY-II.NFO,05/08/2024,11:09:17,24212.6,24208.05,25,24211.75,425,25,1151275
NIFTY-II.NFO,05/08/2024,11:09:18,24211,24208,125,24212.45,200,50,1151275
NIFTY-II.NFO,05/08/2024,11:09:20,24211.95,24207.9,125,24211.95,200,150,1151275
NIFTY-II.NFO,05/08/2024,11:09:22,24212.8,24211.6,50,24215.8,50,100,1151275
NIFTY-II.NFO,05/08/2024,11:09:23,24219.55,24214.7,75,24219.15,100,275,1151275
NIFTY-II.NFO,05/08/2024,11:09:25,24212.6,24212.6,25,24214.7,325,275,1151275
NIFTY-II.NFO,05/08/2024,11:09:27,24215,24214.05,25,24217.75,50,50,1151275
NIFTY-II.NFO,05/08/2024,11:09:28,24214.05,24215.5,125,24219.1,125,25,1151275
NIFTY-II.NFO,05/08/2024,11:09:30,24219.9,24219.9,25,24224.8,175,125,1151275
NIFTY-II.NFO,05/08/2024,11:09:32,24222.7,24222.35,75,24225,25,25,1151275
NIFTY-II.NFO,05/08/2024,11:09:33,24222.05,24220.05,25,24223.25,50,975,1151275
NIFTY-II.NFO,05/08/2024,11:09:35,24225,24221.05,25,24225.6,100,75,1151275
NIFTY-II.NFO,05/08/2024,11:09:37,24224.9,24219.9,150,24224.8,150,150,1151275
NIFTY-II.NFO,05/08/2024,11:09:38,24222.5,24216.25,50,24221.3,125,25,1151275
NIFTY-II.NFO,05/08/2024,11:09:40,24218.1,24219.1,100,24222.8,200,75,1151275
NIFTY-II.NFO,05/08/2024,11:09:42,24223.1,24219.85,100,24223.15,200,50,1151275
NIFTY-II.NFO,05/08/2024,11:09:43,24223.2,24220.05,125,24224.05,200,50,1151275
NIFTY-II.NFO,05/08/2024,11:09:45,24221.6,24220.9,100,24222.95,25,100,1151275
NIFTY-II.NFO,05/08/2024,11:09:46,24222.8,24222.75,175,24224.9,675,200,1151275
NIFTY-II.NFO,05/08/2024,11:09:48,24224.5,24223.05,25,24224.9,925,475,1151275
NIFTY-II.NFO,05/08/2024,11:09:50,24224.5,24222.8,125,24223.8,125,0,1151275
NIFTY-II.NFO,05/08/2024,11:09:51,24223.75,24220.75,125,24223.75,25,150,1151275
NIFTY-II.NFO,05/08/2024,11:09:53,24222.45,24221.6,125,24224.8,50,275,1151275
NIFTY-II.NFO,05/08/2024,11:09:55,24220.75,24221.35,75,24224.7,50,300,1158400
NIFTY-II.NFO,05/08/2024,11:09:56,24215,24214.35,50,24219,175,100,1158400
NIFTY-II.NFO,05/08/2024,11:09:58,24215,24212.6,100,24216.2,125,0,1158400
NIFTY-II.NFO,05/08/2024,11:10:00,24211.95,24210,75,24211.95,50,175,1158400
NIFTY-II.NFO,05/08/2024,11:10:01,24212.15,24210,25,24213.05,50,375,1158400
NIFTY-II.NFO,05/08/2024,11:10:03,24208.75,24205.25,225,24209.05,25,2000,1158400
NIFTY-II.NFO,05/08/2024,11:10:05,24208.8,24203.4,75,24208.8,25,750,1158400
NIFTY-II.NFO,05/08/2024,11:10:06,24208.8,24208.2,25,24212.8,50,150,1158400
NIFTY-II.NFO,05/08/2024,11:10:08,24212.65,24204.2,125,24211.1,150,75,1158400
NIFTY-II.NFO,05/08/2024,11:10:10,24212.65,24206.1,50,24210.7,275,0,1158400
NIFTY-II.NFO,05/08/2024,11:10:11,24212.65,24210.05,25,24213.85,100,0,1158400
NIFTY-II.NFO,05/08/2024,11:10:13,24210.05,24210,50,24212.8,200,25,1158400
NIFTY-II.NFO,05/08/2024,11:10:14,24205.35,24202.35,50,24207.45,25,425,1158400
NIFTY-II.NFO,05/08/2024,11:10:16,24203.7,24203.7,25,24207.15,25,100,1158400
NIFTY-II.NFO,05/08/2024,11:10:18,24210.05,24205,25,24209.35,150,400,1158400
NIFTY-II.NFO,05/08/2024,11:10:19,24205,24204.25,75,24210,150,25,1158400
NIFTY-II.NFO,05/08/2024,11:10:21,24205.35,24205.35,25,24208.55,225,50,1158400
NIFTY-II.NFO,05/08/2024,11:10:23,24207.25,24207.25,50,24209.6,50,150,1158400
NIFTY-II.NFO,05/08/2024,11:10:24,24209.55,24207.25,25,24208.05,50,75,1158400
NIFTY-II.NFO,05/08/2024,11:10:26,24210.05,24209.1,325,24211,25,150,1158400
NIFTY-II.NFO,05/08/2024,11:10:28,24211,24210.45,350,24211,50,25,1158400
NIFTY-II.NFO,05/08/2024,11:10:29,24216.25,24216.3,50,24219.5,150,450,1158400
NIFTY-II.NFO,05/08/2024,11:10:31,24216.25,24216.25,225,24218.05,25,75,1158400
NIFTY-II.NFO,05/08/2024,11:10:33,24213.1,24210.5,25,24213.2,25,25,1158400
NIFTY-II.NFO,05/08/2024,11:10:34,24214.4,24210.65,250,24214.5,25,100,1158400
NIFTY-II.NFO,05/08/2024,11:10:36,24207.25,24207.4,225,24211.3,25,75,1158400
NIFTY-II.NFO,05/08/2024,11:10:38,24211.5,24208.1,250,24211.45,25,25,1158400
NIFTY-II.NFO,05/08/2024,11:10:39,24207.25,24206,400,24210,25,175,1158400
NIFTY-II.NFO,05/08/2024,11:10:41,24211.95,24209.25,575,24212.35,25,75,1158400
NIFTY-II.NFO,05/08/2024,11:10:43,24214.15,24213.75,475,24216.85,25,25,1158400
NIFTY-II.NFO,05/08/2024,11:10:45,24214.15,24213,425,24216.95,25,0,1158400
NIFTY-II.NFO,05/08/2024,11:10:46,24214.15,24214.1,125,24217.9,25,0,1158400
NIFTY-II.NFO,05/08/2024,11:10:48,24218,24214.8,125,24218,475,25,1158400
NIFTY-II.NFO,05/08/2024,11:10:50,24218,24212.5,425,24216.9,25,0,1158400
NIFTY-II.NFO,05/08/2024,11:10:51,24218,24212.75,500,24217,25,0,1158400
NIFTY-II.NFO,05/08/2024,11:10:53,24218,24213.75,850,24216.95,25,300,1158400
NIFTY-II.NFO,05/08/2024,11:10:55,24217,24214.15,25,24216.85,25,25,1158400
NIFTY-II.NFO,05/08/2024,11:10:56,24214.15,24214.9,500,24217,25,25,1158400
NIFTY-II.NFO,05/08/2024,11:10:58,24217,24213.95,50,24218,525,50,1158400
NIFTY-II.NFO,05/08/2024,11:11:00,24215.55,24212,25,24215.25,25,25,1158400
NIFTY-II.NFO,05/08/2024,11:11:01,24216,24212.55,175,24217.45,50,325,1158400
NIFTY-II.NFO,05/08/2024,11:11:03,24216,24213.05,100,24217,25,0,1158400
NIFTY-II.NFO,05/08/2024,11:11:05,24213.55,24213.05,25,24215.8,50,100,1158400
NIFTY-II.NFO,05/08/2024,11:11:06,24213.05,24213,25,24215.8,50,25,1158400
NIFTY-II.NFO,05/08/2024,11:11:08,24213,24211,25,24215.3,175,25,1158400
NIFTY-II.NFO,05/08/2024,11:11:10,24212.9,24210.5,25,24212.85,200,250,1158400
NIFTY-II.NFO,05/08/2024,11:11:11,24210,24210,25,24212.85,25,50,1158400
NIFTY-II.NFO,05/08/2024,11:11:13,24211,24207.8,100,24212.2,25,75,1158400
NIFTY-II.NFO,05/08/2024,11:11:15,24209,24207.3,25,24208.95,25,25,1158400
NIFTY-II.NFO,05/08/2024,11:11:16,24207.25,24207.25,225,24211.05,100,75,1158400
NIFTY-II.NFO,05/08/2024,11:11:18,24207.25,24207.45,125,24211.1,25,0,1158400
NIFTY-II.NFO,05/08/2024,11:11:19,24212.75,24212.85,175,24214.55,25,25,1158400
NIFTY-II.NFO,05/08/2024,11:11:21,24212.75,24210.3,75,24214.7,100,0,1158400
NIFTY-II.NFO,05/08/2024,11:11:23,24212,24209.65,225,24214,50,25,1158400
NIFTY-II.NFO,05/08/2024,11:11:24,24212,24213.1,100,24215,50,0,1158400
NIFTY-II.NFO,05/08/2024,11:11:26,24212,24213.1,25,24215,50,50,1158400
NIFTY-II.NFO,05/08/2024,11:11:28,24213.1,24213.1,125,24215,50,50,1158400
NIFTY-II.NFO,05/08/2024,11:11:29,24215,24213.1,50,24215,75,25,1158400
NIFTY-II.NFO,05/08/2024,11:11:31,24215,24213.1,50,24214.95,100,25,1158400
NIFTY-II.NFO,05/08/2024,11:11:33,24216.9,24211.35,175,24217,50,375,1158400
NIFTY-II.NFO,05/08/2024,11:11:34,24218,24214.5,100,24217,50,150,1158400
NIFTY-II.NFO,05/08/2024,11:11:36,24220,24219.2,175,24221.95,50,600,1158400
NIFTY-II.NFO,05/08/2024,11:11:38,24220,24216.75,100,24220,25,0,1158400
NIFTY-II.NFO,05/08/2024,11:11:39,24220,24215.7,50,24219.95,25,0,1158400
NIFTY-II.NFO,05/08/2024,11:11:41,24220,24216.9,25,24220,75,0,1158400
NIFTY-II.NFO,05/08/2024,11:11:42,24220.7,24216.5,100,24219.5,25,300,1158400
NIFTY-II.NFO,05/08/2024,11:11:44,24220.7,24216.5,50,24219.5,25,0,1158400
NIFTY-II.NFO,05/08/2024,11:11:46,24218.8,24214.1,50,24218,25,25,1158400
NIFTY-II.NFO,05/08/2024,11:11:47,24214.1,24213.25,150,24217.4,25,25,1158400
NIFTY-II.NFO,05/08/2024,11:11:49,24219,24214.3,150,24218,50,50,1158400
NIFTY-II.NFO,05/08/2024,11:11:51,24214.95,24213.45,100,24216.25,25,75,1158400
NIFTY-II.NFO,05/08/2024,11:11:52,24213.5,24211.5,50,24216.25,50,300,1158400
NIFTY-II.NFO,05/08/2024,11:11:54,24210,24210,525,24213.95,100,275,1158400
NIFTY-II.NFO,05/08/2024,11:11:56,24210,24210,350,24210.2,25,175,1158400
NIFTY-II.NFO,05/08/2024,11:11:57,24210,24209,25,24211.45,25,350,1158400
NIFTY-II.NFO,05/08/2024,11:11:59,24207,24206.15,125,24210.2,25,100,1158400
NIFTY-II.NFO,05/08/2024,11:12:01,24210.35,24205.05,25,24210.35,100,175,1158400
NIFTY-II.NFO,05/08/2024,11:12:02,24203.45,24203.45,25,24209.05,100,175,1158400
NIFTY-II.NFO,05/08/2024,11:12:04,24203.05,24203.05,25,24208.7,150,50,1158400
NIFTY-II.NFO,05/08/2024,11:12:05,24208.9,24206.1,125,24211.85,25,1875,1158400
NIFTY-II.NFO,05/08/2024,11:12:07,24208.9,24208.3,175,24213.4,50,0,1158400
NIFTY-II.NFO,05/08/2024,11:12:09,24212.1,24212.1,100,24217.3,50,25,1158400
NIFTY-II.NFO,05/08/2024,11:12:10,24217,24212.25,100,24217.05,25,25,1158400
NIFTY-II.NFO,05/08/2024,11:12:12,24212.05,24212.8,125,24217.5,25,50,1158400
NIFTY-II.NFO,05/08/2024,11:12:14,24213.35,24211.1,125,24217.45,25,250,1158400
NIFTY-II.NFO,05/08/2024,11:12:15,24213.15,24213.1,50,24217.45,50,300,1158400
NIFTY-II.NFO,05/08/2024,11:12:17,24213.15,24212.95,250,24217.2,25,0,1158400
NIFTY-II.NFO,05/08/2024,11:12:18,24212.55,24212.55,100,24217.5,50,25,1158400
NIFTY-II.NFO,05/08/2024,11:12:20,24212.55,24211.75,250,24216.4,75,0,1158400
NIFTY-II.NFO,05/08/2024,11:12:22,24212.55,24210,25,24211.9,25,0,1158400
NIFTY-II.NFO,05/08/2024,11:12:23,24212.3,24207.1,125,24212.3,100,125,1158400
NIFTY-II.NFO,05/08/2024,11:12:25,24212.3,24206,25,24210.75,175,0,1158400
NIFTY-II.NFO,05/08/2024,11:12:27,24210,24206,25,24210.85,25,50,1158400
NIFTY-II.NFO,05/08/2024,11:12:28,24210.8,24206.05,25,24210.85,25,25,1158400
NIFTY-II.NFO,05/08/2024,11:12:30,24210,24206.05,25,24210,25,25,1158400
NIFTY-II.NFO,05/08/2024,11:12:32,24210,24206.5,25,24210,25,0,1158400
NIFTY-II.NFO,05/08/2024,11:12:33,24208.4,24208.35,50,24212.85,25,750,1158400
NIFTY-II.NFO,05/08/2024,11:12:35,24208.05,24207,500,24212.1,100,300,1158400
NIFTY-II.NFO,05/08/2024,11:12:37,24207,24207,475,24210,25,25,1158400
NIFTY-II.NFO,05/08/2024,11:12:38,24210,24207,475,24211.1,125,25,1158400
NIFTY-II.NFO,05/08/2024,11:12:40,24212.45,24207.15,25,24212.15,100,25,1158400
NIFTY-II.NFO,05/08/2024,11:12:41,24212.45,24208.45,25,24212.05,125,0,1158400
NIFTY-II.NFO,05/08/2024,11:12:43,24213.1,24208.1,50,24213.5,100,250,1158400
NIFTY-II.NFO,05/08/2024,11:12:45,24214.05,24209.2,150,24214.05,100,25,1158400
NIFTY-II.NFO,05/08/2024,11:12:46,24214.05,24210,325,24213.85,100,0,1158400
NIFTY-II.NFO,05/08/2024,11:12:48,24212.95,24210,325,24212.95,175,25,1158400
NIFTY-II.NFO,05/08/2024,11:12:50,24210,24210,225,24212.6,100,100,1158400
NIFTY-II.NFO,05/08/2024,11:12:51,24207,24207,625,24208.45,25,250,1158400
NIFTY-II.NFO,05/08/2024,11:12:53,24208.65,24207,600,24209.35,175,125,1158400
NIFTY-II.NFO,05/08/2024,11:12:55,24207,24207,575,24211.6,75,25,1159275
NIFTY-II.NFO,05/08/2024,11:12:57,24207,24207.05,100,24210,25,100,1159275
NIFTY-II.NFO,05/08/2024,11:12:58,24207,24207,450,24207.75,25,175,1159275
NIFTY-II.NFO,05/08/2024,11:13:00,24205,24205,450,24206.4,75,575,1159275
NIFTY-II.NFO,05/08/2024,11:13:01,24204.2,24203.15,25,24205,25,550,1159275
NIFTY-II.NFO,05/08/2024,11:13:03,24203,24203,50,24206.25,150,75,1159275
NIFTY-II.NFO,05/08/2024,11:13:05,24203,24201.55,150,24207.05,75,50,1159275
NIFTY-II.NFO,05/08/2024,11:13:06,24204.5,24201.05,100,24204.5,25,1200,1159275
NIFTY-II.NFO,05/08/2024,11:13:08,24201,24200.1,25,24202,25,925,1159275
NIFTY-II.NFO,05/08/2024,11:13:10,24195.1,24195,125,24196.15,25,4050,1159275
NIFTY-II.NFO,05/08/2024,11:13:10,24195.1,24195,125,24196.15,25,0,1159275
NIFTY-II.NFO,05/08/2024,11:13:11,24196.1,24195.05,100,24197.9,25,25,1159275
NIFTY-II.NFO,05/08/2024,11:13:13,24196.1,24195.05,100,24197.9,25,0,1159275
NIFTY-II.NFO,05/08/2024,11:13:15,24196.1,24195,125,24197,25,0,1159275
NIFTY-II.NFO,05/08/2024,11:13:16,24193,24191,25,24193.5,75,175,1159275
NIFTY-II.NFO,05/08/2024,11:13:16,24193,24191,25,24193.5,75,0,1159275
NIFTY-II.NFO,05/08/2024,11:13:18,24189.75,24186.3,25,24190.15,50,575,1159275
NIFTY-II.NFO,05/08/2024,11:13:18,24188,24186.3,25,24190.15,50,0,1159275
NIFTY-II.NFO,05/08/2024,11:13:20,24189.65,24183.6,175,24189.35,50,400,1159275
NIFTY-II.NFO,05/08/2024,11:13:20,24182.6,24183.6,175,24189.35,50,0,1159275
NIFTY-II.NFO,05/08/2024,11:13:21,24181.05,24181.25,150,24186.9,75,150,1159275
NIFTY-II.NFO,05/08/2024,11:13:21,24181.05,24181.25,150,24186.9,75,0,1159275
NIFTY-II.NFO,05/08/2024,11:13:23,24187.75,24181.5,175,24186.75,25,100,1159275
NIFTY-II.NFO,05/08/2024,11:13:25,24187.75,24181.4,150,24186.1,25,0,1159275
NIFTY-II.NFO,05/08/2024,11:13:26,24186.1,24186.05,100,24189.65,25,75,1159275
NIFTY-II.NFO,05/08/2024,11:13:28,24189.65,24188.1,100,24192,25,25,1159275
NIFTY-II.NFO,05/08/2024,11:13:30,24188.7,24185.7,175,24191.1,75,75,1159275
NIFTY-II.NFO,05/08/2024,11:13:31,24188.7,24189.7,100,24191.1,25,0,1159275
NIFTY-II.NFO,05/08/2024,11:13:33,24192,24190.8,175,24194.5,175,50,1159275
NIFTY-II.NFO,05/08/2024,11:13:35,24191.25,24194.55,100,24196.1,25,50,1159275
NIFTY-II.NFO,05/08/2024,11:13:36,24199.3,24198.65,25,24204.3,100,175,1159275
NIFTY-II.NFO,05/08/2024,11:13:38,24197.55,24195.9,50,24201.9,100,100,1159275
NIFTY-II.NFO,05/08/2024,11:13:40,24193.95,24191.9,50,24197.9,175,250,1159275
NIFTY-II.NFO,05/08/2024,11:13:41,24193.95,24194.9,50,24199.95,25,0,1159275
NIFTY-II.NFO,05/08/2024,11:13:43,24196.95,24191.05,50,24197.2,100,25,1159275
NIFTY-II.NFO,05/08/2024,11:13:45,24191,24191.45,25,24195.95,25,75,1159275
NIFTY-II.NFO,05/08/2024,11:13:46,24191,24195.6,100,24199.25,25,0,1159275
NIFTY-II.NFO,05/08/2024,11:13:48,24201.6,24196.05,50,24199.95,25,450,1159275
NIFTY-II.NFO,05/08/2024,11:13:50,24201.6,24192.3,50,24197.3,25,0,1159275
NIFTY-II.NFO,05/08/2024,11:13:51,24195.4,24194.3,50,24199.9,175,50,1159275
NIFTY-II.NFO,05/08/2024,11:13:53,24191.05,24191,225,24194.35,175,75,1159275
NIFTY-II.NFO,05/08/2024,11:13:55,24192.6,24191.35,100,24196.8,100,125,1159275
NIFTY-II.NFO,05/08/2024,11:13:56,24191.05,24191,225,24195,25,600,1159275
NIFTY-II.NFO,05/08/2024,11:13:58,24195,24191,225,24194.85,100,25,1159275
NIFTY-II.NFO,05/08/2024,11:14:00,24195,24191,225,24192.95,25,0,1159275
NIFTY-II.NFO,05/08/2024,11:14:01,24191,24191,200,24193.2,25,25,1159275
NIFTY-II.NFO,05/08/2024,11:14:03,24191,24191,175,24193.55,25,75,1159275
NIFTY-II.NFO,05/08/2024,11:14:05,24191,24191,175,24195,25,0,1159275
NIFTY-II.NFO,05/08/2024,11:14:06,24191,24191,150,24192.5,100,25,1159275
NIFTY-II.NFO,05/08/2024,11:14:08,24191,24191,25,24191.8,75,375,1159275
NIFTY-II.NFO,05/08/2024,11:14:09,24190,24190,75,24191.5,25,50,1159275
NIFTY-II.NFO,05/08/2024,11:14:11,24186.3,24182.2,25,24185.95,25,200,1159275
NIFTY-II.NFO,05/08/2024,11:14:13,24183.95,24182.2,25,24184.95,25,175,1159275
NIFTY-II.NFO,05/08/2024,11:14:14,24180,24180.05,100,24183.95,25,100,1159275
NIFTY-II.NFO,05/08/2024,11:14:14,24180,24180.05,100,24183.95,25,0,1159275
NIFTY-II.NFO,05/08/2024,11:14:16,24184.65,24180.7,50,24184.95,25,100,1159275
NIFTY-II.NFO,05/08/2024,11:14:18,24186.95,24180.05,100,24182.95,25,25,1159275
NIFTY-II.NFO,05/08/2024,11:14:19,24185,24185.05,50,24188,25,225,1159275
NIFTY-II.NFO,05/08/2024,11:14:21,24188,24188.75,50,24193.9,25,25,1159275
NIFTY-II.NFO,05/08/2024,11:14:23,24188.4,24184.4,100,24187.9,25,50,1159275
NIFTY-II.NFO,05/08/2024,11:14:24,24188.95,24181.2,150,24184.95,25,75,1159275
NIFTY-II.NFO,05/08/2024,11:14:26,24184.95,24183.4,175,24186.95,25,50,1159275
NIFTY-II.NFO,05/08/2024,11:14:27,24184.5,24184.5,100,24190.9,175,600,1159275
NIFTY-II.NFO,05/08/2024,11:14:29,24187.95,24184,50,24187.95,25,25,1159275
NIFTY-II.NFO,05/08/2024,11:14:31,24183.95,24180,1275,24183.95,100,25,1159275
NIFTY-II.NFO,05/08/2024,11:14:32,24183.95,24180,1275,24183.95,25,0,1159275
NIFTY-II.NFO,05/08/2024,11:14:34,24180,24180,1175,24183.9,125,350,1159275
NIFTY-II.NFO,05/08/2024,11:14:36,24180.65,24180,1175,24182.9,150,50,1159275
NIFTY-II.NFO,05/08/2024,11:14:37,24180,24180,1125,24182.95,25,75,1159275
NIFTY-II.NFO,05/08/2024,11:14:39,24180,24180,1025,24183.5,25,100,1159275
NIFTY-II.NFO,05/08/2024,11:14:41,24180,24180,875,24182.65,50,275,1159275
NIFTY-II.NFO,05/08/2024,11:14:42,24180,24180,825,24182.55,25,50,1159275
NIFTY-II.NFO,05/08/2024,11:14:44,24183.95,24181.95,50,24187.65,100,25,1159275
NIFTY-II.NFO,05/08/2024,11:14:46,24180,24180,800,24182.9,50,75,1159275
NIFTY-II.NFO,05/08/2024,11:14:47,24180,24180,750,24183.75,175,100,1159275
NIFTY-II.NFO,05/08/2024,11:14:49,24186.8,24183.05,25,24187.15,25,100,1159275
NIFTY-II.NFO,05/08/2024,11:14:51,24188.8,24184.95,75,24188.9,50,175,1159275
NIFTY-II.NFO,05/08/2024,11:14:52,24188.9,24185.65,75,24188.9,50,25,1159275
NIFTY-II.NFO,05/08/2024,11:14:54,24187.45,24187.05,125,24188.9,25,75,1159275
NIFTY-II.NFO,05/08/2024,11:14:56,24188.9,24182.95,175,24188.9,150,25,1159275
NIFTY-II.NFO,05/08/2024,11:14:57,24188.9,24182,25,24185.9,25,0,1159275
NIFTY-II.NFO,05/08/2024,11:14:59,24188.9,24182,25,24186.2,175,0,1159275
NIFTY-II.NFO,05/08/2024,11:15:01,24185.9,24181,50,24184.9,175,50,1159275
NIFTY-II.NFO,05/08/2024,11:15:02,24185.9,24181.35,100,24185.75,50,0,1159275
NIFTY-II.NFO,05/08/2024,11:15:04,24185.9,24181,50,24185.9,225,125,1159275
NIFTY-II.NFO,05/08/2024,11:15:06,24181,24181,25,24185.6,225,150,1159275
NIFTY-II.NFO,05/08/2024,11:15:07,24184.4,24181,25,24183.05,25,250,1159275
NIFTY-II.NFO,05/08/2024,11:15:09,24183.05,24181,25,24183.9,50,50,1159275
NIFTY-II.NFO,05/08/2024,11:15:11,24183.9,24182.1,125,24185,25,125,1159275
NIFTY-II.NFO,05/08/2024,11:15:12,24183.9,24181,75,24184.9,100,0,1159275
NIFTY-II.NFO,05/08/2024,11:15:14,24185.85,24183,25,24184.75,225,25,1159275
NIFTY-II.NFO,05/08/2024,11:15:16,24183,24181.05,100,24185.85,100,125,1159275
NIFTY-II.NFO,05/08/2024,11:15:17,24183,24181,75,24183.9,25,25,1159275
NIFTY-II.NFO,05/08/2024,11:15:19,24183,24181,75,24185.15,100,200,1159275
NIFTY-II.NFO,05/08/2024,11:15:20,24180,24180.05,25,24184.25,50,275,1159275
NIFTY-II.NFO,05/08/2024,11:15:22,24180,24183,50,24185.5,25,100,1159275
NIFTY-II.NFO,05/08/2024,11:15:24,24183,24180.05,25,24183,25,100,1159275
NIFTY-II.NFO,05/08/2024,11:15:25,24183,24180.8,25,24183.55,50,25,1159275
NIFTY-II.NFO,05/08/2024,11:15:27,24187.4,24185.4,125,24188,50,275,1159275
NIFTY-II.NFO,05/08/2024,11:15:29,24185.45,24185.8,125,24187.95,25,25,1159275
NIFTY-II.NFO,05/08/2024,11:15:30,24185.45,24183.25,125,24187.9,100,0,1159275
NIFTY-II.NFO,05/08/2024,11:15:32,24183,24183,75,24186,100,50,1159275
NIFTY-II.NFO,05/08/2024,11:15:34,24183,24180,1000,24183.95,25,75,1159275
NIFTY-II.NFO,05/08/2024,11:15:35,24180,24180,850,24182.1,50,50,1159275
NIFTY-II.NFO,05/08/2024,11:15:37,24179,24178,25,24178.6,150,925,1159275
NIFTY-II.NFO,05/08/2024,11:15:37,24179,24178,25,24178.6,150,0,1159275
NIFTY-II.NFO,05/08/2024,11:15:38,24175,24172,100,24175,1150,1250,1159275
NIFTY-II.NFO,05/08/2024,11:15:38,24175,24172,100,24175,1150,0,1159275
NIFTY-II.NFO,05/08/2024,11:15:40,24175,24172.3,75,24175,625,650,1159275
NIFTY-II.NFO,05/08/2024,11:15:40,24172.65,24172.3,75,24175,625,0,1159275
NIFTY-II.NFO,05/08/2024,11:15:42,24175,24174.8,75,24180,100,625,1159275
NIFTY-II.NFO,05/08/2024,11:15:43,24179,24175.15,75,24180,75,50,1159275
NIFTY-II.NFO,05/08/2024,11:15:45,24177.75,24177.75,25,24180,75,75,1159275
NIFTY-II.NFO,05/08/2024,11:15:47,24179.15,24178.25,325,24180,25,275,1159275
NIFTY-II.NFO,05/08/2024,11:15:48,24177.2,24177.5,200,24180,25,50,1159275
NIFTY-II.NFO,05/08/2024,11:15:50,24178.95,24177,25,24177.4,325,25,1159275
NIFTY-II.NFO,05/08/2024,11:15:52,24177.4,24177,25,24177.4,250,75,1159275
NIFTY-II.NFO,05/08/2024,11:15:53,24177.4,24175,50,24177.4,250,50,1159275
NIFTY-II.NFO,05/08/2024,11:15:55,24180,24176.55,200,24180,25,300,1162350
NIFTY-II.NFO,05/08/2024,11:15:56,24177,24175,50,24177.6,50,25,1162350
NIFTY-II.NFO,05/08/2024,11:15:58,24175,24174,25,24176.25,100,75,1162350
NIFTY-II.NFO,05/08/2024,11:16:00,24175.9,24171,75,24174.55,100,250,1162350
NIFTY-II.NFO,05/08/2024,11:16:00,24172,24171,75,24174.55,100,0,1162350
NIFTY-II.NFO,05/08/2024,11:16:01,24174.95,24171,75,24174.95,25,25,1162350
NIFTY-II.NFO,05/08/2024,11:16:03,24174.9,24170.05,50,24174.9,100,300,1162350
NIFTY-II.NFO,05/08/2024,11:16:03,24170,24170.05,50,24174.9,100,0,1162350
NIFTY-II.NFO,05/08/2024,11:16:05,24174.95,24171.15,150,24176.55,25,200,1162350
NIFTY-II.NFO,05/08/2024,11:16:06,24176.6,24170.7,50,24175.9,25,50,1162350
NIFTY-II.NFO,05/08/2024,11:16:08,24175.25,24170.2,50,24175.25,25,175,1162350
NIFTY-II.NFO,05/08/2024,11:16:10,24170.15,24170.05,100,24174.9,25,125,1162350
NIFTY-II.NFO,05/08/2024,11:16:11,24170,24170,600,24173.8,50,200,1162350
NIFTY-II.NFO,05/08/2024,11:16:13,24170,24170,350,24173.7,25,275,1162350
NIFTY-II.NFO,05/08/2024,11:16:15,24171,24171,25,24173.05,200,100,1162350
NIFTY-II.NFO,05/08/2024,11:16:16,24171,24170.15,50,24173.35,25,25,1162350
NIFTY-II.NFO,05/08/2024,11:16:18,24172.35,24170.15,25,24172.4,150,1075,1162350
NIFTY-II.NFO,05/08/2024,11:16:20,24170,24170,250,24170.15,50,1150,1162350
NIFTY-II.NFO,05/08/2024,11:16:21,24165.05,24165,25,24168.9,100,375,1162350
NIFTY-II.NFO,05/08/2024,11:16:21,24165.05,24165,25,24168.9,100,0,1162350
NIFTY-II.NFO,05/08/2024,11:16:23,24166.85,24162,25,24166.75,375,1050,1162350
NIFTY-II.NFO,05/08/2024,11:16:23,24165,24162,25,24166.75,375,0,1162350
NIFTY-II.NFO,05/08/2024,11:16:25,24164.35,24162.05,75,24168.05,25,1050,1162350
NIFTY-II.NFO,05/08/2024,11:16:25,24164.35,24162.05,75,24168.05,25,0,1162350
NIFTY-II.NFO,05/08/2024,11:16:26,24164.35,24165.3,175,24167.9,25,0,1162350
NIFTY-II.NFO,05/08/2024,11:16:28,24170.15,24169.1,100,24172.75,25,75,1162350
NIFTY-II.NFO,05/08/2024,11:16:30,24175.2,24173.55,150,24175.25,25,200,1162350
NIFTY-II.NFO,05/08/2024,11:16:31,24173.85,24172.25,100,24175.25,25,25,1162350
NIFTY-II.NFO,05/08/2024,11:16:33,24173.85,24169.8,125,24174.9,100,0,1162350
NIFTY-II.NFO,05/08/2024,11:16:35,24169.8,24169.85,175,24174.9,75,300,1162350
NIFTY-II.NFO,05/08/2024,11:16:36,24169.8,24169.9,100,24175.2,75,0,1162350
NIFTY-II.NFO,05/08/2024,11:16:38,24169.8,24169.05,225,24173.95,25,0,1162350
NIFTY-II.NFO,05/08/2024,11:16:40,24169,24169.95,25,24174.95,25,500,1162350
NIFTY-II.NFO,05/08/2024,11:16:41,24175,24172,50,24175.25,25,150,1162350
NIFTY-II.NFO,05/08/2024,11:16:43,24175.25,24172.9,275,24175.9,25,25,1162350
NIFTY-II.NFO,05/08/2024,11:16:45,24180,24179.95,75,24184.35,150,225,1162350
NIFTY-II.NFO,05/08/2024,11:16:46,24190,24188.35,75,24193,25,75,1162350
NIFTY-II.NFO,05/08/2024,11:16:48,24187.05,24183.05,100,24188.8,100,25,1162350
NIFTY-II.NFO,05/08/2024,11:16:50,24188.95,24186.05,100,24192.4,25,25,1162350
NIFTY-II.NFO,05/08/2024,11:16:51,24191.45,24185.05,25,24190.2,175,325,1162350
NIFTY-II.NFO,05/08/2024,11:16:53,24189.95,24185.05,25,24190.75,50,50,1162350
NIFTY-II.NFO,05/08/2024,11:16:55,24189.95,24185.05,25,24189.7,125,0,1162350
NIFTY-II.NFO,05/08/2024,11:16:56,24178.55,24181.9,75,24184.95,25,1550,1162350
NIFTY-II.NFO,05/08/2024,11:16:58,24185.9,24183.35,225,24188.7,125,50,1162350
NIFTY-II.NFO,05/08/2024,11:17:00,24188.65,24185,25,24186.5,50,100,1162350
NIFTY-II.NFO,05/08/2024,11:17:01,24185,24180,700,24183.4,175,25,1162350
NIFTY-II.NFO,05/08/2024,11:17:03,24180,24180,675,24183.15,175,25,1162350
NIFTY-II.NFO,05/08/2024,11:17:05,24180,24180,525,24182.9,50,150,1162350
NIFTY-II.NFO,05/08/2024,11:17:06,24182.45,24180,525,24182.35,100,50,1162350
NIFTY-II.NFO,05/08/2024,11:17:08,24181.6,24174,25,24180.05,125,1850,1162350
NIFTY-II.NFO,05/08/2024,11:17:10,24181.6,24176.85,25,24180,25,0,1162350
NIFTY-II.NFO,05/08/2024,11:17:11,24181.35,24179.4,25,24183.85,50,50,1162350
NIFTY-II.NFO,05/08/2024,11:17:13,24184.2,24180.1,25,24184,50,25,1162350
NIFTY-II.NFO,05/08/2024,11:17:15,24184.2,24182.25,25,24187.1,50,0,1162350
NIFTY-II.NFO,05/08/2024,11:17:16,24184.2,24183.1,25,24188.25,100,0,1162350
NIFTY-II.NFO,05/08/2024,11:17:18,24184.2,24186.65,225,24188.9,25,0,1162350
NIFTY-II.NFO,05/08/2024,11:17:20,24188.85,24184.55,50,24188.75,125,25,1162350
NIFTY-II.NFO,05/08/2024,11:17:21,24192.65,24188.45,225,24192.1,125,100,1162350
NIFTY-II.NFO,05/08/2024,11:17:23,24187.65,24188.2,75,24192.05,75,150,1162350
NIFTY-II.NFO,05/08/2024,11:17:25,24191.8,24187.15,200,24191.2,125,25,1162350
NIFTY-II.NFO,05/08/2024,11:17:26,24190.55,24187.75,200,24190.55,25,2000,1162350
NIFTY-II.NFO,05/08/2024,11:17:28,24187.8,24187.8,50,24192.7,50,250,1162350
NIFTY-II.NFO,05/08/2024,11:17:30,24193.95,24193.1,50,24198.75,125,25,1162350
NIFTY-II.NFO,05/08/2024,11:17:31,24192.25,24189.05,75,24196.6,100,225,1162350
NIFTY-II.NFO,05/08/2024,11:17:33,24196.7,24189.1,25,24194.85,100,75,1162350
NIFTY-II.NFO,05/08/2024,11:17:35,24195.25,24191.4,25,24195.4,225,75,1162350
NIFTY-II.NFO,05/08/2024,11:17:36,24193.35,24187.75,100,24191.9,50,50,1162350
NIFTY-II.NFO,05/08/2024,11:17:38,24193.35,24187.05,100,24191.4,150,0,1162350
NIFTY-II.NFO,05/08/2024,11:17:40,24193.35,24182.15,50,24185.95,175,0,1162350
NIFTY-II.NFO,05/08/2024,11:17:41,24190.8,24185.1,100,24189.4,50,50,1162350
NIFTY-II.NFO,05/08/2024,11:17:43,24189.9,24184.2,200,24189.95,25,800,1162350
NIFTY-II.NFO,05/08/2024,11:17:45,24189.7,24186.05,100,24189.95,25,250,1162350
NIFTY-II.NFO,05/08/2024,11:17:46,24189.7,24186.05,25,24191.25,200,0,1162350
NIFTY-II.NFO,05/08/2024,11:17:48,24190.95,24186.05,100,24191.9,125,75,1162350
NIFTY-II.NFO,05/08/2024,11:17:50,24190.95,24188.6,175,24194.7,125,0,1162350
NIFTY-II.NFO,05/08/2024,11:17:51,24190.95,24190.95,25,24195.4,125,0,1162350
NIFTY-II.NFO,05/08/2024,11:17:53,24190.95,24186,25,24191.6,375,25,1162350
NIFTY-II.NFO,05/08/2024,11:17:55,24192.15,24186.05,25,24191.55,125,25,1162350
NIFTY-II.NFO,05/08/2024,11:17:56,24190.3,24186,100,24190.85,125,275,1162350
NIFTY-II.NFO,05/08/2024,11:17:58,24185,24182.2,175,24187.95,25,100,1162350
NIFTY-II.NFO,05/08/2024,11:18:00,24185,24182.15,50,24185.9,50,0,1162350
NIFTY-II.NFO,05/08/2024,11:18:03,24182.15,24182.15,25,24185.95,25,50,1162350
NIFTY-II.NFO,05/08/2024,11:18:05,24182.15,24181.6,25,24184.6,125,25,1162350
NIFTY-II.NFO,05/08/2024,11:18:06,24182.15,24181.6,25,24183.85,75,0,1162350
NIFTY-II.NFO,05/08/2024,11:18:08,24181.6,24181,25,24182.55,100,25,1162350
NIFTY-II.NFO,05/08/2024,11:18:10,24180,24175,275,24177.55,125,175,1162350
NIFTY-II.NFO,05/08/2024,11:18:11,24175,24175,125,24176.05,125,200,1162350
NIFTY-II.NFO,05/08/2024,11:18:13,24178.8,24175,125,24179.9,125,25,1162350
NIFTY-II.NFO,05/08/2024,11:18:15,24178.8,24176.3,100,24181.9,50,0,1162350
NIFTY-II.NFO,05/08/2024,11:18:16,24178.9,24174.3,100,24178.9,25,150,1162350
NIFTY-II.NFO,05/08/2024,11:18:18,24178.7,24174.3,175,24178.95,75,75,1162350
NIFTY-II.NFO,05/08/2024,11:18:19,24178.7,24175.05,175,24180.7,150,0,1162350
NIFTY-II.NFO,05/08/2024,11:18:21,24181.2,24172.65,175,24178.95,75,200,1162350
NIFTY-II.NFO,05/08/2024,11:18:23,24175,24175.05,175,24178.75,25,25,1162350
NIFTY-II.NFO,05/08/2024,11:18:24,24178.55,24175.05,100,24177.75,25,150,1162350
NIFTY-II.NFO,05/08/2024,11:18:26,24177.75,24175,225,24177.75,75,450,1162350
NIFTY-II.NFO,05/08/2024,11:18:28,24175.9,24171,75,24172.7,25,350,1162350
NIFTY-II.NFO,05/08/2024,11:18:29,24171,24171,25,24172.45,25,50,1162350
NIFTY-II.NFO,05/08/2024,11:18:31,24167.25,24165.9,25,24169.95,150,500,1162350
NIFTY-II.NFO,05/08/2024,11:18:33,24165.95,24160.15,100,24166.8,175,425,1162350
NIFTY-II.NFO,05/08/2024,11:18:34,24162.35,24159,50,24162.45,75,700,1162350
NIFTY-II.NFO,05/08/2024,11:18:34,24160,24159,50,24162.45,75,0,1162350
NIFTY-II.NFO,05/08/2024,11:18:36,24158.4,24159.95,25,24164.15,100,150,1162350
NIFTY-II.NFO,05/08/2024,11:18:36,24158,24159.95,25,24164.15,100,0,1162350
NIFTY-II.NFO,05/08/2024,11:18:38,24160.3,24160.3,25,24162.55,125,175,1162350
NIFTY-II.NFO,05/08/2024,11:18:39,24153.05,24153.75,100,24158.9,25,675,1162350
NIFTY-II.NFO,05/08/2024,11:18:39,24153.05,24153.75,100,24158.9,25,0,1162350
NIFTY-II.NFO,05/08/2024,11:18:41,24153,24152.4,25,24154.25,25,100,1162350
NIFTY-II.NFO,05/08/2024,11:18:41,24153,24152.4,25,24154.25,25,0,1162350
NIFTY-II.NFO,05/08/2024,11:18:43,24151,24152.2,175,24155.85,50,725,1162350
NIFTY-II.NFO,05/08/2024,11:18:43,24151,24152.2,175,24155.85,50,0,1162350
NIFTY-II.NFO,05/08/2024,11:18:44,24152.25,24153.1,100,24160.1,50,50,1162350
NIFTY-II.NFO,05/08/2024,11:18:46,24153.55,24150.15,100,24156.8,50,125,1162350
NIFTY-II.NFO,05/08/2024,11:18:48,24150,24151.15,50,24154.45,50,150,1162350
NIFTY-II.NFO,05/08/2024,11:18:48,24150,24151.15,50,24154.45,50,0,1162350
NIFTY-II.NFO,05/08/2024,11:18:49,24154.45,24153.05,100,24158.6,50,75,1162350
NIFTY-II.NFO,05/08/2024,11:18:51,24153,24150,2150,24152.25,25,25,1162350
NIFTY-II.NFO,05/08/2024,11:18:53,24150,24150,2075,24152.25,25,100,1162350
NIFTY-II.NFO,05/08/2024,11:18:54,24150.3,24150.05,675,24153.2,25,250,1162350
NIFTY-II.NFO,05/08/2024,11:18:56,24150.05,24150.05,550,24153.3,25,125,1169775
NIFTY-II.NFO,05/08/2024,11:18:58,24153.8,24155.05,100,24159.95,25,100,1169775
NIFTY-II.NFO,05/08/2024,11:18:59,24152.55,24152.45,50,24158.9,100,425,1169775
NIFTY-II.NFO,05/08/2024,11:19:01,24153.8,24154,25,24155.9,100,25,1169775
NIFTY-II.NFO,05/08/2024,11:19:03,24152.55,24155.2,50,24159.95,100,125,1169775
NIFTY-II.NFO,05/08/2024,11:19:04,24152.55,24153.85,50,24157.25,100,0,1169775
NIFTY-II.NFO,05/08/2024,11:19:06,24160,24159.95,75,24160.7,25,275,1169775
NIFTY-II.NFO,05/08/2024,11:19:08,24155.35,24156.1,50,24161.95,25,1450,1169775
NIFTY-II.NFO,05/08/2024,11:19:09,24158.8,24156.65,125,24161.35,25,125,1169775
NIFTY-II.NFO,05/08/2024,11:19:11,24158.8,24157.1,125,24163.7,175,0,1169775
NIFTY-II.NFO,05/08/2024,11:19:12,24161.3,24154.1,50,24158.8,175,50,1169775
NIFTY-II.NFO,05/08/2024,11:19:14,24161.3,24153,50,24155.75,175,0,1169775
NIFTY-II.NFO,05/08/2024,11:19:16,24154.7,24155.15,50,24160,100,50,1169775
NIFTY-II.NFO,05/08/2024,11:19:17,24153,24153,25,24156.95,25,25,1169775
NIFTY-II.NFO,05/08/2024,11:19:19,24157.25,24153,25,24155.85,75,325,1169775
NIFTY-II.NFO,05/08/2024,11:19:21,24150.1,24152.05,50,24155.95,25,250,1169775
NIFTY-II.NFO,05/08/2024,11:19:22,24150.1,24153.1,50,24158.7,175,0,1169775
NIFTY-II.NFO,05/08/2024,11:19:24,24151.75,24151.8,125,24157.8,225,500,1169775
NIFTY-II.NFO,05/08/2024,11:19:26,24159.6,24153.15,100,24158.7,175,500,1169775
NIFTY-II.NFO,05/08/2024,11:19:27,24152.05,24154.6,75,24159.8,25,25,1169775
NIFTY-II.NFO,05/08/2024,11:19:29,24159.75,24154.2,75,24159.75,175,100,1169775
NIFTY-II.NFO,05/08/2024,11:19:31,24159.7,24151.85,100,24156.95,100,250,1169775
NIFTY-II.NFO,05/08/2024,11:19:33,24159.7,24155.1,175,24160,50,0,1169775
NIFTY-II.NFO,05/08/2024,11:19:34,24160,24155.45,50,24159.9,125,50,1169775
NIFTY-II.NFO,05/08/2024,11:19:36,24160,24153.1,100,24158.75,50,0,1169775
NIFTY-II.NFO,05/08/2024,11:19:38,24163.95,24158.8,100,24164.7,50,100,1169775
NIFTY-II.NFO,05/08/2024,11:19:39,24157.5,24159.9,75,24163.7,50,225,1169775
NIFTY-II.NFO,05/08/2024,11:19:41,24161,24159.9,100,24161,25,75,1169775
NIFTY-II.NFO,05/08/2024,11:19:43,24161,24160,25,24163.9,25,50,1169775
NIFTY-II.NFO,05/08/2024,11:19:44,24159.9,24155.45,100,24159.7,350,200,1169775
NIFTY-II.NFO,05/08/2024,11:19:46,24157.5,24155.05,100,24159.7,425,25,1169775
NIFTY-II.NFO,05/08/2024,11:19:48,24159.7,24155.55,175,24159.7,250,100,1169775
NIFTY-II.NFO,05/08/2024,11:19:49,24157.05,24155.25,100,24158.95,25,175,1169775
NIFTY-II.NFO,05/08/2024,11:19:51,24157.4,24155.25,100,24158.95,25,250,1169775
NIFTY-II.NFO,05/08/2024,11:19:53,24157.4,24158.05,100,24159.7,225,0,1169775
NIFTY-II.NFO,05/08/2024,11:19:54,24159.7,24160.75,500,24165.4,50,225,1169775
NIFTY-II.NFO,05/08/2024,11:19:56,24167.95,24162.8,125,24167.3,150,100,1169775
NIFTY-II.NFO,05/08/2024,11:19:58,24167.3,24158.5,175,24163.75,125,100,1169775
NIFTY-II.NFO,05/08/2024,11:19:59,24155.8,24157.75,100,24162.95,25,675,1169775
NIFTY-II.NFO,05/08/2024,11:20:01,24157.7,24157.7,50,24163.35,175,50,1169775
NIFTY-II.NFO,05/08/2024,11:20:03,24158.35,24158.35,25,24162.95,25,25,1169775
NIFTY-II.NFO,05/08/2024,11:20:04,24164.85,24162.95,25,24166.95,50,50,1169775
NIFTY-II.NFO,05/08/2024,11:20:06,24167.2,24160.3,125,24166.1,125,1150,1169775
NIFTY-II.NFO,05/08/2024,11:20:08,24167.2,24159.65,75,24165.55,175,0,1169775
NIFTY-II.NFO,05/08/2024,11:20:09,24163.9,24159,25,24163.9,175,25,1169775
NIFTY-II.NFO,05/08/2024,11:20:11,24162.9,24158.1,150,24163.9,125,100,1169775
NIFTY-II.NFO,05/08/2024,11:20:13,24162.9,24158.45,100,24162.95,25,0,1169775
NIFTY-II.NFO,05/08/2024,11:20:14,24162.95,24158.8,50,24163.95,25,800,1169775
NIFTY-II.NFO,05/08/2024,11:20:16,24163.95,24164,175,24165.9,100,25,1169775
NIFTY-II.NFO,05/08/2024,11:20:18,24164,24160.55,50,24165.5,100,175,1169775
NIFTY-II.NFO,05/08/2024,11:20:19,24164,24159.05,50,24163.6,125,0,1169775
NIFTY-II.NFO,05/08/2024,11:20:21,24164,24158.35,25,24162.35,100,0,1169775
NIFTY-II.NFO,05/08/2024,11:20:23,24158.45,24158.35,25,24162.2,125,25,1169775
NIFTY-II.NFO,05/08/2024,11:20:24,24158.4,24158,25,24159.3,125,125,1169775
NIFTY-II.NFO,05/08/2024,11:20:26,24158,24157.05,550,24158.8,225,25,1169775
NIFTY-II.NFO,05/08/2024,11:20:28,24157.05,24157.05,400,24158.25,300,150,1169775
NIFTY-II.NFO,05/08/2024,11:20:29,24158.9,24155,125,24158.85,100,450,1169775
NIFTY-II.NFO,05/08/2024,11:20:31,24156.8,24154,25,24156.8,125,375,1169775
NIFTY-II.NFO,05/08/2024,11:20:33,24147,24147,25,24149.75,75,2850,1169775
NIFTY-II.NFO,05/08/2024,11:20:33,24147,24147,25,24149.75,75,0,1169775
NIFTY-II.NFO,05/08/2024,11:20:34,24148.2,24147,25,24148.45,75,25,1169775
NIFTY-II.NFO,05/08/2024,11:20:36,24149.9,24147,25,24150.9,50,25,1169775
NIFTY-II.NFO,05/08/2024,11:20:38,24147.05,24146,25,24147.05,75,50,1169775
NIFTY-II.NFO,05/08/2024,11:20:39,24145,24142,25,24145.3,75,75,1169775
NIFTY-II.NFO,05/08/2024,11:20:39,24145,24142,25,24145.3,75,0,1169775
NIFTY-II.NFO,05/08/2024,11:20:41,24145,24142,25,24144.35,75,0,1169775
NIFTY-II.NFO,05/08/2024,11:20:43,24141.75,24140.8,25,24144.85,125,125,1169775
NIFTY-II.NFO,05/08/2024,11:20:43,24141.75,24140.8,25,24144.85,125,0,1169775
NIFTY-II.NFO,05/08/2024,11:20:44,24140.8,24140.6,25,24144.35,25,25,1169775
NIFTY-II.NFO,05/08/2024,11:20:44,24140.8,24140.6,25,24144.35,25,0,1169775
NIFTY-II.NFO,05/08/2024,11:20:46,24141.65,24140,250,24141.7,25,225,1169775
NIFTY-II.NFO,05/08/2024,11:20:46,24140,24140,250,24141.7,25,0,1169775
NIFTY-II.NFO,05/08/2024,11:20:48,24138.8,24136.25,325,24140.65,50,325,1169775
NIFTY-II.NFO,05/08/2024,11:20:48,24138,24136.25,325,24140.65,50,0,1169775
NIFTY-II.NFO,05/08/2024,11:20:49,24140.75,24136.05,225,24140.7,150,700,1169775
NIFTY-II.NFO,05/08/2024,11:20:51,24139.15,24136,100,24139.75,200,200,1169775
NIFTY-II.NFO,05/08/2024,11:20:51,24136.05,24136,100,24139.75,200,0,1169775
NIFTY-II.NFO,05/08/2024,11:20:53,24136,24136,75,24139.9,50,150,1169775
NIFTY-II.NFO,05/08/2024,11:20:53,24136,24136,75,24139.9,50,0,1169775
NIFTY-II.NFO,05/08/2024,11:20:54,24137.15,24136.1,325,24141.7,100,150,1169775
NIFTY-II.NFO,05/08/2024,11:20:56,24140,24137.9,125,24140,75,425,1169775
NIFTY-II.NFO,05/08/2024,11:20:58,24136.25,24137.65,25,24141.7,200,775,1169775
NIFTY-II.NFO,05/08/2024,11:20:59,24136.25,24136,100,24139.5,150,0,1169775
NIFTY-II.NFO,05/08/2024,11:21:01,24136.25,24136.75,275,24141,100,0,1169775
NIFTY-II.NFO,05/08/2024,11:21:03,24136.25,24136,100,24139.15,150,0,1169775
NIFTY-II.NFO,05/08/2024,11:21:04,24136,24135.55,200,24140.1,50,150,1169775
NIFTY-II.NFO,05/08/2024,11:21:06,24136.25,24135.5,25,24137.9,225,50,1169775
NIFTY-II.NFO,05/08/2024,11:21:08,24138.75,24135.5,25,24138.75,25,100,1169775
NIFTY-II.NFO,05/08/2024,11:21:08,24135.55,24135.5,25,24138.75,25,0,1169775
NIFTY-II.NFO,05/08/2024,11:21:09,24136,24136,75,24139.95,200,50,1169775
NIFTY-II.NFO,05/08/2024,11:21:11,24136.5,24136,75,24138.7,200,250,1169775
NIFTY-II.NFO,05/08/2024,11:21:13,24136,24136,25,24137,200,125,1169775
NIFTY-II.NFO,05/08/2024,11:21:13,24135.5,24136,25,24137,200,0,1169775
NIFTY-II.NFO,05/08/2024,11:21:14,24130,24130.05,50,24135.95,200,200,1169775
NIFTY-II.NFO,05/08/2024,11:21:14,24130,24130.05,50,24135.95,200,0,1169775
NIFTY-II.NFO,05/08/2024,11:21:16,24136,24131.9,125,24138.75,25,25,1169775
NIFTY-II.NFO,05/08/2024,11:21:18,24130.8,24130.5,150,24136,100,25,1169775
NIFTY-II.NFO,05/08/2024,11:21:19,24136.05,24130.55,200,24133.75,25,425,1169775
NIFTY-II.NFO,05/08/2024,11:21:21,24135.95,24131.55,200,24135,625,25,1169775
NIFTY-II.NFO,05/08/2024,11:21:22,24134,24131.5,25,24133.9,200,50,1169775
NIFTY-II.NFO,05/08/2024,11:21:24,24133.9,24130,175,24134.25,175,375,1169775
NIFTY-II.NFO,05/08/2024,11:21:26,24130,24130,50,24132.8,50,250,1169775
NIFTY-II.NFO,05/08/2024,11:21:27,24128.65,24127,25,24128.45,200,700,1169775
NIFTY-II.NFO,05/08/2024,11:21:27,24128.65,24127,25,24128.45,200,0,1169775
NIFTY-II.NFO,05/08/2024,11:21:29,24127.5,24122.95,50,24127.4,125,275,1169775
NIFTY-II.NFO,05/08/2024,11:21:29,24122.2,24122.95,50,24127.4,125,0,1169775
NIFTY-II.NFO,05/08/2024,11:21:31,24122.2,24121,50,24122.15,75,175,1169775
NIFTY-II.NFO,05/08/2024,11:21:31,24122,24121,50,24122.15,75,0,1169775
NIFTY-II.NFO,05/08/2024,11:21:32,24120,24120,125,24122.15,125,300,1169775
NIFTY-II.NFO,05/08/2024,11:21:32,24120,24120,125,24122.15,125,0,1169775
NIFTY-II.NFO,05/08/2024,11:21:34,24119.35,24118.75,100,24122.2,225,300,1169775
NIFTY-II.NFO,05/08/2024,11:21:34,24117.55,24118.75,100,24122.2,225,0,1169775
NIFTY-II.NFO,05/08/2024,11:21:35,24122.2,24118.3,25,24123.4,50,250,1169775
NIFTY-II.NFO,05/08/2024,11:21:37,24125,24125,450,24125.9,50,625,1169775
NIFTY-II.NFO,05/08/2024,11:21:39,24115.25,24113.3,25,24116.3,125,925,1169775
NIFTY-II.NFO,05/08/2024,11:21:39,24115.25,24113.3,25,24116.3,125,0,1169775
NIFTY-II.NFO,05/08/2024,11:21:41,24119.15,24113.8,25,24117.8,100,1025,1169775
NIFTY-II.NFO,05/08/2024,11:21:42,24116.8,24113.3,25,24116.5,225,425,1169775
NIFTY-II.NFO,05/08/2024,11:21:42,24113.8,24113.3,25,24116.5,225,0,1169775
NIFTY-II.NFO,05/08/2024,11:21:44,24120.75,24115.55,200,24120.75,200,75,1169775
NIFTY-II.NFO,05/08/2024,11:21:46,24114.6,24110.25,150,24113.3,25,1425,1169775
NIFTY-II.NFO,05/08/2024,11:21:46,24110,24110.25,150,24113.3,25,0,1169775
NIFTY-II.NFO,05/08/2024,11:21:47,24102.2,24104.65,200,24109.4,200,775,1169775
NIFTY-II.NFO,05/08/2024,11:21:47,24102.2,24104.65,200,24109.4,200,0,1169775
NIFTY-II.NFO,05/08/2024,11:21:49,24110.7,24110,1000,24111.2,50,50,1169775
NIFTY-II.NFO,05/08/2024,11:21:51,24108.3,24108.55,200,24113.3,25,1050,1169775
NIFTY-II.NFO,05/08/2024,11:21:52,24105,24105.1,200,24110.85,125,450,1169775
NIFTY-II.NFO,05/08/2024,11:21:54,24110.55,24108.6,200,24113.25,200,500,1169775
NIFTY-II.NFO,05/08/2024,11:21:56,24110.3,24105.05,125,24110.6,200,275,1174775
NIFTY-II.NFO,05/08/2024,11:21:57,24116,24111.05,25,24116.1,50,175,1174775
NIFTY-II.NFO,05/08/2024,11:21:59,24111.3,24115.75,75,24118.1,25,400,1174775
NIFTY-II.NFO,05/08/2024,11:22:01,24119.15,24118,450,24120.75,50,100,1174775
NIFTY-II.NFO,05/08/2024,11:22:02,24113.25,24110.8,25,24114.8,200,25,1174775
NIFTY-II.NFO,05/08/2024,11:22:04,24110,24110,525,24112.85,200,575,1174775
NIFTY-II.NFO,05/08/2024,11:22:06,24110,24111.05,25,24114.4,25,25,1174775
NIFTY-II.NFO,05/08/2024,11:22:07,24115.8,24118.25,75,24120,625,150,1174775
NIFTY-II.NFO,05/08/2024,11:22:09,24120.75,24119.5,600,24123,150,675,1174775
NIFTY-II.NFO,05/08/2024,11:22:11,24120.95,24113.8,25,24117.2,275,25,1174775
NIFTY-II.NFO,05/08/2024,11:22:12,24117.55,24113.3,50,24117.7,50,25,1174775
NIFTY-II.NFO,05/08/2024,11:22:14,24117.75,24115.8,50,24118.6,50,50,1174775
NIFTY-II.NFO,05/08/2024,11:22:16,24117.75,24118.3,50,24120,50,0,1174775
NIFTY-II.NFO,05/08/2024,11:22:17,24120,24119.5,575,24122.05,25,150,1174775
NIFTY-II.NFO,05/08/2024,11:22:19,24120,24120,25,24121.8,200,0,1174775
NIFTY-II.NFO,05/08/2024,11:22:21,24121.95,24120,225,24122.85,50,75,1174775
NIFTY-II.NFO,05/08/2024,11:22:22,24120,24120,225,24121.25,250,50,1174775
NIFTY-II.NFO,05/08/2024,11:22:24,24120,24120,125,24122.4,150,350,1174775
NIFTY-II.NFO,05/08/2024,11:22:26,24120,24120.1,100,24122.35,125,50,1174775
NIFTY-II.NFO,05/08/2024,11:22:27,24115.8,24115.8,25,24118.65,100,375,1174775
NIFTY-II.NFO,05/08/2024,11:22:29,24113.25,24111,75,24114.9,325,550,1174775
NIFTY-II.NFO,05/08/2024,11:22:31,24112.9,24111,25,24112.9,200,100,1174775
NIFTY-II.NFO,05/08/2024,11:22:32,24111.5,24111.5,50,24114.95,25,150,1174775
NIFTY-II.NFO,05/08/2024,11:22:34,24114.9,24110.1,50,24114.95,150,25,1174775
NIFTY-II.NFO,05/08/2024,11:22:35,24104.65,24104.65,325,24109.9,300,1025,1174775
NIFTY-II.NFO,05/08/2024,11:22:37,24109.9,24105.05,25,24109.7,50,25,1174775
NIFTY-II.NFO,05/08/2024,11:22:39,24109.9,24108,25,24112.55,50,0,1174775
NIFTY-II.NFO,05/08/2024,11:22:40,24112.65,24109.9,50,24112.75,125,150,1174775
NIFTY-II.NFO,05/08/2024,11:22:42,24112.6,24109.9,25,24112.25,300,75,1174775
NIFTY-II.NFO,05/08/2024,11:22:44,24108.05,24105,25,24106.45,200,300,1174775
NIFTY-II.NFO,05/08/2024,11:22:45,24100,24100.05,175,24104.45,75,1050,1174775
NIFTY-II.NFO,05/08/2024,11:22:45,24100,24100.05,175,24104.45,75,0,1174775
NIFTY-II.NFO,05/08/2024,11:22:47,24100,24100.05,200,24103.95,25,375,1174775
NIFTY-II.NFO,05/08/2024,11:22:49,24100.7,24101.2,25,24105.4,200,325,1174775
NIFTY-II.NFO,05/08/2024,11:22:50,24102.25,24101.85,50,24105.9,200,125,1174775
NIFTY-II.NFO,05/08/2024,11:22:52,24098,24098,225,24100.9,225,600,1174775
NIFTY-II.NFO,05/08/2024,11:22:52,24098,24098,225,24100.9,225,0,1174775
NIFTY-II.NFO,05/08/2024,11:22:54,24100,24100,450,24100.9,150,125,1174775
NIFTY-II.NFO,05/08/2024,11:22:55,24096.5,24094,50,24096.5,25,1100,1174775
NIFTY-II.NFO,05/08/2024,11:22:55,24095,24094,50,24096.5,25,0,1174775
NIFTY-II.NFO,05/08/2024,11:22:57,24095.9,24090.95,150,24096.9,50,575,1174775
NIFTY-II.NFO,05/08/2024,11:22:57,24090.3,24090.95,150,24096.9,50,0,1174775
NIFTY-II.NFO,05/08/2024,11:22:59,24091,24091,75,24096.55,125,75,1174775
NIFTY-II.NFO,05/08/2024,11:22:59,24090.1,24091,75,24096.55,125,0,1174775
NIFTY-II.NFO,05/08/2024,11:23:00,24090.4,24090.05,25,24093.2,200,75,1174775
NIFTY-II.NFO,05/08/2024,11:23:02,24089.75,24089.8,75,24097.4,200,1050,1174775
NIFTY-II.NFO,05/08/2024,11:23:02,24089.75,24089.8,75,24097.4,200,0,1174775
NIFTY-II.NFO,05/08/2024,11:23:04,24090.1,24091.9,75,24093.95,25,25,1174775
NIFTY-II.NFO,05/08/2024,11:23:05,24095.9,24095.9,25,24098,25,275,1174775
NIFTY-II.NFO,05/08/2024,11:23:07,24095.9,24091.05,25,24095.75,200,225,1174775
NIFTY-II.NFO,05/08/2024,11:23:09,24091,24087.75,25,24090.8,125,150,1174775
NIFTY-II.NFO,05/08/2024,11:23:10,24090.8,24086,25,24088.25,200,75,1174775
NIFTY-II.NFO,05/08/2024,11:23:10,24087.75,24086,25,24088.25,200,0,1174775
NIFTY-II.NFO,05/08/2024,11:23:12,24086,24085.15,400,24087.65,250,50,1174775
NIFTY-II.NFO,05/08/2024,11:23:12,24086,24085.15,400,24087.65,250,0,1174775
NIFTY-II.NFO,05/08/2024,11:23:14,24081,24080,75,24081.6,50,550,1174775
NIFTY-II.NFO,05/08/2024,11:23:14,24081,24080,75,24081.6,50,0,1174775
NIFTY-II.NFO,05/08/2024,11:23:15,24080,24082.8,200,24086.8,25,50,1174775
NIFTY-II.NFO,05/08/2024,11:23:15,24080,24082.8,200,24086.8,25,0,1174775
NIFTY-II.NFO,05/08/2024,11:23:17,24081.05,24080.3,75,24083.7,25,75,1174775
NIFTY-II.NFO,05/08/2024,11:23:18,24085.15,24081.1,100,24085.9,225,50,1174775
NIFTY-II.NFO,05/08/2024,11:23:20,24088.95,24083.95,50,24089.9,200,75,1174775
NIFTY-II.NFO,05/08/2024,11:23:22,24090,24087.4,150,24090.8,25,100,1174775
NIFTY-II.NFO,05/08/2024,11:23:23,24088.75,24086,100,24088.8,125,75,1174775
NIFTY-II.NFO,05/08/2024,11:23:25,24090,24088.7,25,24090.8,25,25,1174775
NIFTY-II.NFO,05/08/2024,11:23:27,24088,24087,100,24089.6,50,25,1174775
NIFTY-II.NFO,05/08/2024,11:23:28,24092.6,24087.05,50,24092.65,150,250,1174775
NIFTY-II.NFO,05/08/2024,11:23:30,24091.9,24088.05,100,24092.55,200,50,1174775
NIFTY-II.NFO,05/08/2024,11:23:32,24091.9,24088.35,100,24092.95,200,0,1174775
NIFTY-II.NFO,05/08/2024,11:23:33,24093.1,24088.6,200,24093.5,200,175,1174775
NIFTY-II.NFO,05/08/2024,11:23:35,24093,24088.5,300,24093.1,125,100,1174775
NIFTY-II.NFO,05/08/2024,11:23:37,24088.05,24090,100,24093.4,200,25,1174775
NIFTY-II.NFO,05/08/2024,11:23:38,24088.2,24088,50,24093.95,275,900,1174775
NIFTY-II.NFO,05/08/2024,11:23:40,24094,24088.85,25,24094.3,50,350,1174775
NIFTY-II.NFO,05/08/2024,11:23:42,24091,24088,50,24090,1100,125,1174775
NIFTY-II.NFO,05/08/2024,11:23:43,24087.05,24085,25,24088.05,325,175,1174775
NIFTY-II.NFO,05/08/2024,11:23:45,24088.1,24081.55,25,24087.1,200,75,1174775
NIFTY-II.NFO,05/08/2024,11:23:47,24080.45,24080.25,25,24083.4,75,475,1174775
NIFTY-II.NFO,05/08/2024,11:23:48,24086.5,24080.15,25,24083.35,175,175,1174775
NIFTY-II.NFO,05/08/2024,11:23:50,24081,24077.05,200,24080.95,25,50,1174775
NIFTY-II.NFO,05/08/2024,11:23:52,24088.9,24083.75,300,24088.7,200,100,1174775
NIFTY-II.NFO,05/08/2024,11:23:54,24085.3,24081.9,200,24085.4,125,50,1174775
NIFTY-II.NFO,05/08/2024,11:23:55,24081,24077,350,24081.75,200,50,1174775
NIFTY-II.NFO,05/08/2024,11:23:57,24081,24077,350,24077.9,175,50,1174775
NIFTY-II.NFO,05/08/2024,11:23:59,24078.75,24072.6,200,24078.45,175,475,1174775
NIFTY-II.NFO,05/08/2024,11:23:59,24075,24072.6,200,24078.45,175,0,1174775
NIFTY-II.NFO,05/08/2024,11:24:00,24079.2,24073.3,50,24077.6,150,25,1174775
NIFTY-II.NFO,05/08/2024,11:24:02,24079.2,24071.05,200,24076.35,75,0,1174775
NIFTY-II.NFO,05/08/2024,11:24:04,24077.25,24071.05,200,24077.3,125,450,1174775
NIFTY-II.NFO,05/08/2024,11:24:05,24078.75,24075.8,200,24081,50,75,1174775
NIFTY-II.NFO,05/08/2024,11:24:07,24085.75,24077.5,275,24084.4,25,450,1174775
NIFTY-II.NFO,05/08/2024,11:24:09,24077.35,24071.05,200,24076.95,250,125,1174775
NIFTY-II.NFO,05/08/2024,11:24:10,24072.75,24071,50,24074.7,25,100,1174775
NIFTY-II.NFO,05/08/2024,11:24:10,24072.6,24071,50,24074.7,25,0,1174775
NIFTY-II.NFO,05/08/2024,11:24:12,24078.9,24071.1,50,24077.55,25,75,1174775
NIFTY-II.NFO,05/08/2024,11:24:12,24072,24071.1,50,24077.55,25,0,1174775
NIFTY-II.NFO,05/08/2024,11:24:14,24081.8,24076.4,25,24080.9,25,100,1174775
NIFTY-II.NFO,05/08/2024,11:24:15,24075,24068.05,75,24075,200,1325,1174775
NIFTY-II.NFO,05/08/2024,11:24:15,24070,24068.05,75,24075,200,0,1174775
NIFTY-II.NFO,05/08/2024,11:24:17,24071.6,24065.7,275,24071.65,50,300,1174775
NIFTY-II.NFO,05/08/2024,11:24:18,24074.3,24069.1,200,24074.35,50,375,1174775
NIFTY-II.NFO,05/08/2024,11:24:18,24065.95,24069.1,200,24074.35,50,0,1174775
NIFTY-II.NFO,05/08/2024,11:24:20,24070.05,24071.55,200,24074.95,25,300,1174775
NIFTY-II.NFO,05/08/2024,11:24:22,24073.8,24066.75,325,24073.8,300,125,1174775
NIFTY-II.NFO,05/08/2024,11:24:23,24073.6,24070.25,50,24076.25,150,25,1174775
NIFTY-II.NFO,05/08/2024,11:24:25,24073.6,24071.05,50,24076.2,300,0,1174775
NIFTY-II.NFO,05/08/2024,11:24:27,24076.65,24074.05,50,24077.4,150,200,1174775
NIFTY-II.NFO,05/08/2024,11:24:28,24077.95,24077,50,24079.6,150,25,1174775
NIFTY-II.NFO,05/08/2024,11:24:30,24077,24073.25,100,24078.4,150,50,1174775
NIFTY-II.NFO,05/08/2024,11:24:32,24074.2,24073.25,25,24074.2,250,25,1174775
NIFTY-II.NFO,05/08/2024,11:24:33,24070,24067,25,24068.6,125,250,1174775
NIFTY-II.NFO,05/08/2024,11:24:35,24063.15,24060.1,50,24062.05,50,100,1174775
NIFTY-II.NFO,05/08/2024,11:24:35,24063.15,24060.1,50,24062.05,50,0,1174775
NIFTY-II.NFO,05/08/2024,11:24:37,24055,24053.25,25,24057.3,50,675,1174775
NIFTY-II.NFO,05/08/2024,11:24:37,24055,24053.25,25,24057.3,50,0,1174775
NIFTY-II.NFO,05/08/2024,11:24:38,24053.25,24055.75,425,24060.9,125,500,1174775
NIFTY-II.NFO,05/08/2024,11:24:38,24053.25,24055.75,425,24060.9,125,0,1174775
NIFTY-II.NFO,05/08/2024,11:24:40,24062.9,24056.4,25,24061.5,325,75,1174775
NIFTY-II.NFO,05/08/2024,11:24:42,24057.35,24055.25,25,24059.65,325,125,1174775
NIFTY-II.NFO,05/08/2024,11:24:43,24053.7,24055.25,25,24058.65,250,75,1174775
NIFTY-II.NFO,05/08/2024,11:24:45,24055.25,24057.55,25,24062.85,75,25,1174775
NIFTY-II.NFO,05/08/2024,11:24:47,24069.55,24067.55,150,24072,25,125,1174775
NIFTY-II.NFO,05/08/2024,11:24:48,24067.75,24065.9,50,24071.95,200,25,1174775
NIFTY-II.NFO,05/08/2024,11:24:50,24066.6,24060,50,24064.6,200,175,1174775
NIFTY-II.NFO,05/08/2024,11:24:52,24066.25,24062.1,150,24066.1,50,175,1174775
NIFTY-II.NFO,05/08/2024,11:24:53,24068.3,24069.8,25,24071.8,250,200,1174775
NIFTY-II.NFO,05/08/2024,11:24:55,24076.9,24072.7,250,24078.6,200,125,1174775
NIFTY-II.NFO,05/08/2024,11:24:57,24077.6,24077.65,200,24081.9,50,150,1176250
NIFTY-II.NFO,05/08/2024,11:24:58,24077.6,24074.1,275,24079.95,225,0,1176250
NIFTY-II.NFO,05/08/2024,11:25:00,24080,24077.8,325,24081.45,50,50,1176250
NIFTY-II.NFO,05/08/2024,11:25:02,24081.9,24078.1,50,24082.15,250,50,1176250
NIFTY-II.NFO,05/08/2024,11:25:03,24085,24083.55,150,24088.9,75,150,1176250
NIFTY-II.NFO,05/08/2024,11:25:05,24092.1,24091,100,24092.75,50,900,1176250
NIFTY-II.NFO,05/08/2024,11:25:07,24110.2,24108.45,75,24111.35,25,2300,1176250
NIFTY-II.NFO,05/08/2024,11:25:08,24137,24131.4,50,24143.6,200,2425,1176250
NIFTY-II.NFO,05/08/2024,11:25:10,24122.05,24121.9,125,24122.75,50,800,1176250
NIFTY-II.NFO,05/08/2024,11:25:12,24139.05,24133,850,24139.15,100,275,1176250
NIFTY-II.NFO,05/08/2024,11:25:13,24156.35,24153.5,750,24159.15,200,950,1176250
NIFTY-II.NFO,05/08/2024,11:25:15,24155,24150.3,125,24161.8,200,325,1176250
NIFTY-II.NFO,05/08/2024,11:25:17,24142.75,24144.05,50,24148.55,50,650,1176250
NIFTY-II.NFO,05/08/2024,11:25:18,24145.9,24139.1,200,24145.9,25,800,1176250
NIFTY-II.NFO,05/08/2024,11:25:20,24131,24131.25,750,24135.95,25,200,1176250
NIFTY-II.NFO,05/08/2024,11:25:22,24139.75,24139,750,24140.5,125,1400,1176250
NIFTY-II.NFO,05/08/2024,11:25:23,24141.05,24141.05,200,24146.4,25,125,1176250
NIFTY-II.NFO,05/08/2024,11:25:25,24132.75,24130.15,25,24132.85,200,1275,1176250
NIFTY-II.NFO,05/08/2024,11:25:27,24135,24135.75,750,24138.75,200,300,1176250
NIFTY-II.NFO,05/08/2024,11:25:28,24134.6,24134.3,50,24141.8,200,1325,1176250
NIFTY-II.NFO,05/08/2024,11:25:30,24131.5,24132.1,125,24138.95,25,200,1176250
NIFTY-II.NFO,05/08/2024,11:25:32,24143.3,24138.8,275,24143.7,50,300,1176250
NIFTY-II.NFO,05/08/2024,11:25:33,24144.7,24138.65,200,24142.55,50,125,1176250
NIFTY-II.NFO,05/08/2024,11:25:35,24148.55,24142.1,275,24148.7,125,625,1176250
NIFTY-II.NFO,05/08/2024,11:25:37,24150.6,24147.55,25,24150.55,200,250,1176250
NIFTY-II.NFO,05/08/2024,11:25:38,24142.55,24139,50,24141.4,125,225,1176250
NIFTY-II.NFO,05/08/2024,11:25:40,24137.5,24131.5,150,24132.65,125,1450,1176250
NIFTY-II.NFO,05/08/2024,11:25:42,24134.1,24131.95,50,24136.9,50,150,1176250
NIFTY-II.NFO,05/08/2024,11:25:43,24141.8,24136.25,50,24139.9,50,125,1176250
NIFTY-II.NFO,05/08/2024,11:25:45,24141.85,24136.1,75,24139.85,25,350,1176250
NIFTY-II.NFO,05/08/2024,11:25:47,24135.65,24131.5,150,24135.05,75,150,1176250
NIFTY-II.NFO,05/08/2024,11:25:48,24128.9,24126.3,275,24132.35,50,225,1176250
NIFTY-II.NFO,05/08/2024,11:25:50,24135,24129.65,200,24135.95,25,350,1176250
NIFTY-II.NFO,05/08/2024,11:25:52,24131.15,24128.9,25,24131.15,125,25,1176250
NIFTY-II.NFO,05/08/2024,11:25:53,24129.05,24125,25,24127.6,75,150,1176250
NIFTY-II.NFO,05/08/2024,11:25:55,24123.1,24118.95,25,24122.05,250,1275,1176250
NIFTY-II.NFO,05/08/2024,11:25:57,24120.35,24118.95,25,24123.05,200,225,1176250
NIFTY-II.NFO,05/08/2024,11:25:58,24123.95,24120.4,125,24125.8,200,25,1176250
NIFTY-II.NFO,05/08/2024,11:26:00,24121.4,24118.95,25,24121.5,25,450,1176250
NIFTY-II.NFO,05/08/2024,11:26:02,24120,24119,200,24121.4,25,75,1176250
NIFTY-II.NFO,05/08/2024,11:26:03,24121.4,24120.55,200,24126.95,25,25,1176250
NIFTY-II.NFO,05/08/2024,11:26:05,24122.15,24118.95,100,24124.9,125,75,1176250
NIFTY-II.NFO,05/08/2024,11:26:07,24122.35,24123.15,50,24128.15,25,25,1176250
NIFTY-II.NFO,05/08/2024,11:26:09,24135,24129.85,75,24134.95,25,225,1176250
NIFTY-II.NFO,05/08/2024,11:26:10,24140.35,24134.1,75,24140.3,200,100,1176250
NIFTY-II.NFO,05/08/2024,11:26:12,24140.35,24136.6,200,24141.5,25,0,1176250
NIFTY-II.NFO,05/08/2024,11:26:14,24140.35,24140.75,50,24145,25,0,1176250
NIFTY-II.NFO,05/08/2024,11:26:15,24139.05,24139.45,75,24146.2,25,275,1176250
NIFTY-II.NFO,05/08/2024,11:26:17,24141.55,24137.25,200,24141.85,50,50,1176250
NIFTY-II.NFO,05/08/2024,11:26:19,24143,24147.55,75,24150,250,225,1176250
NIFTY-II.NFO,05/08/2024,11:26:20,24148.4,24148.55,200,24148.7,50,250,1176250
NIFTY-II.NFO,05/08/2024,11:26:22,24150,24147.45,200,24151,150,200,1176250
NIFTY-II.NFO,05/08/2024,11:26:24,24157.05,24153.25,125,24157.05,25,325,1176250
NIFTY-II.NFO,05/08/2024,11:26:25,24160,24150.25,125,24158.55,425,50,1176250
NIFTY-II.NFO,05/08/2024,11:26:27,24157.8,24151.05,200,24157.95,75,25,1176250
NIFTY-II.NFO,05/08/2024,11:26:29,24156.85,24148.4,100,24153.75,275,125,1176250
NIFTY-II.NFO,05/08/2024,11:26:30,24151.9,24148.4,75,24153.1,275,125,1176250
NIFTY-II.NFO,05/08/2024,11:26:32,24155.8,24150.5,200,24155.8,25,75,1176250
NIFTY-II.NFO,05/08/2024,11:26:34,24153.1,24148.45,200,24153.1,100,525,1176250
NIFTY-II.NFO,05/08/2024,11:26:35,24152,24146.5,200,24152.95,300,175,1176250
NIFTY-II.NFO,05/08/2024,11:26:37,24155.2,24151.75,275,24155.9,25,25,1176250
NIFTY-II.NFO,05/08/2024,11:26:39,24157.85,24154.05,50,24157.8,25,125,1176250
NIFTY-II.NFO,05/08/2024,11:26:40,24160,24158.1,125,24159.9,150,75,1176250
NIFTY-II.NFO,05/08/2024,11:26:42,24155,24155,125,24160.3,100,25,1176250
NIFTY-II.NFO,05/08/2024,11:26:44,24165.9,24162.1,50,24167.35,25,725,1176250
NIFTY-II.NFO,05/08/2024,11:26:45,24172.05,24172.15,250,24173.9,25,600,1176250
NIFTY-II.NFO,05/08/2024,11:26:47,24178.1,24180,250,24183,350,325,1176250
NIFTY-II.NFO,05/08/2024,11:26:49,24185,24182.65,250,24188.5,200,200,1176250
NIFTY-II.NFO,05/08/2024,11:26:50,24185.75,24178.9,75,24185.75,250,75,1176250
NIFTY-II.NFO,05/08/2024,11:26:52,24174.1,24173.65,75,24180.15,250,50,1176250
NIFTY-II.NFO,05/08/2024,11:26:54,24178.95,24174.1,125,24179.85,325,50,1176250
NIFTY-II.NFO,05/08/2024,11:26:55,24182.9,24177.6,200,24183.8,275,700,1176250
NIFTY-II.NFO,05/08/2024,11:26:57,24188.3,24182.9,50,24188,25,2050,1176250
NIFTY-II.NFO,05/08/2024,11:26:59,24188,24179.65,200,24185.95,200,50,1176250
NIFTY-II.NFO,05/08/2024,11:27:00,24187.3,24178.3,200,24184.8,325,125,1176250
NIFTY-II.NFO,05/08/2024,11:27:02,24183.3,24183.85,200,24188,25,25,1176250
NIFTY-II.NFO,05/08/2024,11:27:04,24196.95,24196.95,275,24200,200,475,1176250
NIFTY-II.NFO,05/08/2024,11:27:05,24204.05,24206.35,200,24210,50,525,1176250
NIFTY-II.NFO,05/08/2024,11:27:07,24189.9,24195.05,100,24202.6,275,2575,1176250
NIFTY-II.NFO,05/08/2024,11:27:09,24199.95,24189.55,75,24195.75,200,100,1176250
NIFTY-II.NFO,05/08/2024,11:27:10,24199.95,24195.1,75,24201.05,225,0,1176250
NIFTY-II.NFO,05/08/2024,11:27:12,24199.6,24194.2,50,24199.55,200,400,1176250
NIFTY-II.NFO,05/08/2024,11:27:14,24192,24188,50,24192.8,125,225,1176250
NIFTY-II.NFO,05/08/2024,11:27:15,24181.8,24182,50,24187.1,50,150,1176250
NIFTY-II.NFO,05/08/2024,11:27:17,24176.35,24178,325,24181.6,50,150,1176250
NIFTY-II.NFO,05/08/2024,11:27:18,24181.7,24181.5,350,24185.35,75,125,1176250
NIFTY-II.NFO,05/08/2024,11:27:20,24181.7,24179.75,750,24183.4,75,0,1176250
NIFTY-II.NFO,05/08/2024,11:27:22,24179.9,24178,750,24180.95,25,550,1176250
NIFTY-II.NFO,05/08/2024,11:27:23,24180.1,24176.35,25,24180.25,75,175,1176250
NIFTY-II.NFO,05/08/2024,11:27:25,24176.5,24176,550,24180.8,50,275,1176250
NIFTY-II.NFO,05/08/2024,11:27:27,24170,24168.25,450,24172.7,50,175,1176250
NIFTY-II.NFO,05/08/2024,11:27:28,24162.1,24161.45,275,24168.3,125,625,1176250
NIFTY-II.NFO,05/08/2024,11:27:30,24160.3,24151.05,275,24159.25,75,125,1176250
NIFTY-II.NFO,05/08/2024,11:27:32,24157.05,24159.3,200,24162.9,50,75,1176250
NIFTY-II.NFO,05/08/2024,11:27:33,24165.45,24164.05,25,24167.8,75,125,1176250
NIFTY-II.NFO,05/08/2024,11:27:35,24169.25,24166.1,50,24170.65,25,100,1176250
NIFTY-II.NFO,05/08/2024,11:27:37,24169.25,24164.3,50,24169.15,125,0,1176250
NIFTY-II.NFO,05/08/2024,11:27:38,24172.05,24172.05,75,24175.5,250,50,1176250
NIFTY-II.NFO,05/08/2024,11:27:40,24178.75,24174.1,50,24178.3,200,200,1176250
NIFTY-II.NFO,05/08/2024,11:27:42,24178.75,24167.8,25,24171.4,25,0,1176250
NIFTY-II.NFO,05/08/2024,11:27:43,24171.05,24170.05,25,24173.05,250,200,1176250
NIFTY-II.NFO,05/08/2024,11:27:45,24169.1,24167.8,25,24170,200,75,1176250
NIFTY-II.NFO,05/08/2024,11:27:47,24167.8,24161,25,24163.1,125,25,1176250
NIFTY-II.NFO,05/08/2024,11:27:48,24166.9,24161.1,275,24166.9,25,100,1176250
NIFTY-II.NFO,05/08/2024,11:27:50,24164.35,24156.5,200,24160.55,125,100,1176250
NIFTY-II.NFO,05/08/2024,11:27:52,24157.35,24156.55,275,24159.7,25,25,1176250
NIFTY-II.NFO,05/08/2024,11:27:53,24161.95,24158.8,200,24162.95,200,250,1176250
NIFTY-II.NFO,05/08/2024,11:27:55,24160,24155.05,200,24159.8,50,125,1176250
NIFTY-II.NFO,05/08/2024,11:27:57,24157.9,24155.05,200,24159.45,25,50,1176250
NIFTY-II.NFO,05/08/2024,11:27:58,24155,24151.3,200,24155.6,300,50,1182675
NIFTY-II.NFO,05/08/2024,11:28:00,24162.45,24158.05,25,24160.25,25,150,1182675
NIFTY-II.NFO,05/08/2024,11:28:02,24155,24153,500,24157.8,400,900,1182675
NIFTY-II.NFO,05/08/2024,11:28:03,24155,24159.35,275,24165.15,200,0,1182675
NIFTY-II.NFO,05/08/2024,11:28:05,24164.95,24159.05,25,24162.35,400,550,1182675
NIFTY-II.NFO,05/08/2024,11:28:07,24164.95,24155.8,125,24160.5,200,0,1182675
NIFTY-II.NFO,05/08/2024,11:28:08,24154.05,24153.3,200,24158.6,25,25,1182675
NIFTY-II.NFO,05/08/2024,11:28:10,24154.05,24150.55,200,24154.85,125,0,1182675
NIFTY-II.NFO,05/08/2024,11:28:12,24154.05,24150.1,100,24152.85,25,0,1182675
NIFTY-II.NFO,05/08/2024,11:28:13,24150.1,24150.1,25,24152.85,25,75,1182675
NIFTY-II.NFO,05/08/2024,11:28:15,24153.45,24150.05,275,24153.8,25,100,1182675
NIFTY-II.NFO,05/08/2024,11:28:17,24150,24150.05,225,24156.1,75,50,1182675
NIFTY-II.NFO,05/08/2024,11:28:18,24154.05,24153.35,275,24159.25,200,300,1182675
NIFTY-II.NFO,05/08/2024,11:28:20,24161.55,24162.9,50,24168.2,50,275,1182675
NIFTY-II.NFO,05/08/2024,11:28:22,24162.95,24159.2,200,24165.25,75,50,1182675
NIFTY-II.NFO,05/08/2024,11:28:23,24158.35,24160.1,200,24165.55,50,25,1182675
NIFTY-II.NFO,05/08/2024,11:28:25,24165,24165,75,24166.8,200,100,1182675
NIFTY-II.NFO,05/08/2024,11:28:27,24165,24165.1,200,24169.7,200,75,1182675
NIFTY-II.NFO,05/08/2024,11:28:28,24165,24163,200,24168.95,150,0,1182675
NIFTY-II.NFO,05/08/2024,11:28:30,24166.8,24166.85,275,24170,25,100,1182675
NIFTY-II.NFO,05/08/2024,11:28:32,24174.95,24170.25,275,24175.65,200,75,1182675
NIFTY-II.NFO,05/08/2024,11:28:33,24177.15,24174.1,50,24176.7,225,50,1182675
NIFTY-II.NFO,05/08/2024,11:28:35,24178,24175.75,25,24178,375,50,1182675
NIFTY-II.NFO,05/08/2024,11:28:37,24178,24171.1,275,24176.8,200,25,1182675
NIFTY-II.NFO,05/08/2024,11:28:38,24175.7,24170.85,275,24175.95,25,25,1182675
NIFTY-II.NFO,05/08/2024,11:28:40,24179.5,24176.6,250,24180,125,325,1182675
NIFTY-II.NFO,05/08/2024,11:28:42,24176.95,24174.45,125,24178,25,50,1182675
NIFTY-II.NFO,05/08/2024,11:28:43,24180,24178.1,125,24180,100,50,1182675
NIFTY-II.NFO,05/08/2024,11:28:45,24180,24181.05,25,24184.95,200,100,1182675
NIFTY-II.NFO,05/08/2024,11:28:47,24180.05,24183.1,200,24186,50,25,1182675
NIFTY-II.NFO,05/08/2024,11:28:48,24186,24186.25,125,24190,50,250,1182675
NIFTY-II.NFO,05/08/2024,11:28:50,24190,24189.05,100,24193.75,425,75,1182675
NIFTY-II.NFO,05/08/2024,11:28:52,24192.25,24189.1,50,24194,375,25,1182675
NIFTY-II.NFO,05/08/2024,11:28:53,24193,24183.35,50,24190.65,250,25,1182675
NIFTY-II.NFO,05/08/2024,11:28:55,24191.35,24187.05,100,24193.05,125,100,1182675
NIFTY-II.NFO,05/08/2024,11:28:57,24193,24193,150,24195,25,125,1182675
NIFTY-II.NFO,05/08/2024,11:28:58,24198.85,24193,150,24198.3,325,275,1182675
NIFTY-II.NFO,05/08/2024,11:29:00,24198.85,24197.3,75,24199,50,0,1182675
NIFTY-II.NFO,05/08/2024,11:29:02,24200,24195.05,25,24200,825,75,1182675
NIFTY-II.NFO,05/08/2024,11:29:03,24200,24198.3,25,24200,750,75,1182675
NIFTY-II.NFO,05/08/2024,11:29:05,24198.3,24197.6,175,24200,750,25,1182675
NIFTY-II.NFO,05/08/2024,11:29:07,24197.05,24197.05,100,24200,625,200,1182675
NIFTY-II.NFO,05/08/2024,11:29:08,24196.05,24196.3,50,24200,625,25,1182675
NIFTY-II.NFO,05/08/2024,11:29:10,24200,24194.35,125,24200,475,150,1182675
NIFTY-II.NFO,05/08/2024,11:29:12,24196.65,24189.95,25,24194.7,325,50,1182675
NIFTY-II.NFO,05/08/2024,11:29:13,24192.95,24187.15,200,24194.05,75,650,1182675
NIFTY-II.NFO,05/08/2024,11:29:15,24190,24194.05,25,24195.8,25,25,1182675
NIFTY-II.NFO,05/08/2024,11:29:17,24193.05,24190,225,24195.4,75,25,1182675
NIFTY-II.NFO,05/08/2024,11:29:19,24192.95,24195,175,24196.75,25,50,1182675
NIFTY-II.NFO,05/08/2024,11:29:20,24199.85,24196.05,25,24199.85,25,125,1182675
NIFTY-II.NFO,05/08/2024,11:29:22,24197.45,24195,175,24196.5,25,200,1182675
NIFTY-II.NFO,05/08/2024,11:29:23,24198.85,24196.05,100,24200,700,25,1182675
NIFTY-II.NFO,05/08/2024,11:29:25,24190,24187,50,24190.45,25,750,1182675
NIFTY-II.NFO,05/08/2024,11:29:27,24185,24180.4,200,24185.5,25,125,1182675
NIFTY-II.NFO,05/08/2024,11:29:28,24185.85,24181.1,275,24187.1,25,25,1182675
NIFTY-II.NFO,05/08/2024,11:29:30,24181,24184.5,525,24188.05,50,75,1182675
NIFTY-II.NFO,05/08/2024,11:29:32,24191,24188.05,25,24192.35,50,50,1182675
NIFTY-II.NFO,05/08/2024,11:29:33,24192.45,24188,75,24192.55,25,25,1182675
NIFTY-II.NFO,05/08/2024,11:29:35,24192.45,24190.25,75,24193,25,0,1182675
NIFTY-II.NFO,05/08/2024,11:29:37,24193,24185.05,25,24187.35,25,25,1182675
NIFTY-II.NFO,05/08/2024,11:29:38,24187.55,24185,100,24188.8,150,325,1182675
NIFTY-II.NFO,05/08/2024,11:29:40,24193,24187.1,50,24191.2,200,1125,1182675
NIFTY-II.NFO,05/08/2024,11:29:42,24186.6,24182.05,25,24185.9,100,50,1182675
NIFTY-II.NFO,05/08/2024,11:29:43,24186.6,24180.4,250,24185.8,25,0,1182675
NIFTY-II.NFO,05/08/2024,11:29:45,24179.5,24179.5,75,24180.15,250,2275,1182675
NIFTY-II.NFO,05/08/2024,11:29:47,24176.75,24174.9,275,24180.35,25,250,1182675
NIFTY-II.NFO,05/08/2024,11:29:48,24174.9,24170.8,200,24176.5,75,175,1182675
NIFTY-II.NFO,05/08/2024,11:29:50,24174.9,24170,250,24174.35,75,0,1182675
NIFTY-II.NFO,05/08/2024,11:29:52,24174.9,24172.2,325,24176.15,25,0,1182675
NIFTY-II.NFO,05/08/2024,11:29:53,24176.5,24174.05,100,24177.85,250,50,1182675
NIFTY-II.NFO,05/08/2024,11:29:55,24172.45,24170.05,200,24173.4,250,50,1182675
NIFTY-II.NFO,05/08/2024,11:29:57,24173.35,24170,275,24173,25,25,1182675
NIFTY-II.NFO,05/08/2024,11:29:58,24170.1,24170,350,24170.1,250,50,1182675
NIFTY-II.NFO,05/08/2024,11:30:00,24170.45,24171.05,25,24174.3,100,200,1182675
NIFTY-II.NFO,05/08/2024,11:30:02,24172.2,24170,75,24173,25,425,1182675
NIFTY-II.NFO,05/08/2024,11:30:03,24173.05,24173.05,150,24176.35,350,50,1182675
NIFTY-II.NFO,05/08/2024,11:30:05,24175.55,24170.15,50,24174.7,100,250,1182675
NIFTY-II.NFO,05/08/2024,11:30:07,24171.35,24172.1,50,24174.9,25,75,1182675
NIFTY-II.NFO,05/08/2024,11:30:08,24184.55,24182.1,50,24185.55,50,450,1182675
NIFTY-II.NFO,05/08/2024,11:30:10,24186.35,24183.05,100,24185.3,175,25,1182675
NIFTY-II.NFO,05/08/2024,11:30:12,24184.9,24180.05,25,24183.6,200,75,1182675
NIFTY-II.NFO,05/08/2024,11:30:13,24183.1,24173.75,475,24179.3,125,25,1182675
NIFTY-II.NFO,05/08/2024,11:30:15,24176.3,24173.3,275,24178.25,250,150,1182675
NIFTY-II.NFO,05/08/2024,11:30:17,24176.3,24171.05,225,24175.85,125,0,1182675
NIFTY-II.NFO,05/08/2024,11:30:18,24176.3,24173.8,275,24179.2,250,0,1182675
NIFTY-II.NFO,05/08/2024,11:30:20,24178.75,24175.05,25,24177.8,25,50,1182675
NIFTY-II.NFO,05/08/2024,11:30:22,24182.05,24181.05,25,24184.95,25,25,1182675
NIFTY-II.NFO,05/08/2024,11:30:23,24180.05,24179.15,125,24183.95,250,75,1182675
NIFTY-II.NFO,05/08/2024,11:30:25,24176.3,24175.7,125,24180.05,25,50,1182675
NIFTY-II.NFO,05/08/2024,11:30:27,24182.2,24179.05,25,24182.05,225,50,1182675
NIFTY-II.NFO,05/08/2024,11:30:28,24179.85,24178.1,275,24182,25,25,1182675
NIFTY-II.NFO,05/08/2024,11:30:30,24181.55,24175,25,24179,100,25,1182675
NIFTY-II.NFO,05/08/2024,11:30:32,24175.4,24175,50,24177.95,25,25,1182675
NIFTY-II.NFO,05/08/2024,11:30:33,24177.25,24172.4,200,24177.2,475,725,1182675
NIFTY-II.NFO,05/08/2024,11:30:35,24175.2,24172.35,25,24175.8,200,75,1182675
NIFTY-II.NFO,05/08/2024,11:30:37,24177.9,24172.8,200,24177.25,175,50,1182675
NIFTY-II.NFO,05/08/2024,11:30:38,24177.2,24173.45,325,24177.35,200,100,1182675
NIFTY-II.NFO,05/08/2024,11:30:40,24177.2,24171.7,25,24175.1,325,0,1182675
NIFTY-II.NFO,05/08/2024,11:30:42,24174.65,24171,200,24174,275,125,1182675
NIFTY-II.NFO,05/08/2024,11:30:43,24170,24166.3,200,24171.3,75,275,1182675
NIFTY-II.NFO,05/08/2024,11:30:45,24167.15,24162.05,200,24167.4,150,75,1182675
NIFTY-II.NFO,05/08/2024,11:30:47,24167.15,24158.8,200,24163.7,550,0,1182675
NIFTY-II.NFO,05/08/2024,11:30:48,24157.5,24154.4,200,24158.25,250,150,1182675
NIFTY-II.NFO,05/08/2024,11:30:50,24155.5,24153.4,200,24158.2,25,50,1182675
NIFTY-II.NFO,05/08/2024,11:30:52,24158.4,24153.35,50,24155.45,25,250,1182675
NIFTY-II.NFO,05/08/2024,11:30:53,24151,24151,25,24153.3,25,200,1182675
NIFTY-II.NFO,05/08/2024,11:30:55,24148,24143.45,275,24148.05,25,325,1182675
NIFTY-II.NFO,05/08/2024,11:30:57,24145.7,24142.7,50,24145.5,75,75,1182675
NIFTY-II.NFO,05/08/2024,11:30:58,24135.7,24138,50,24138.65,75,425,1186850
NIFTY-II.NFO,05/08/2024,11:31:00,24139.1,24142.05,25,24145.4,75,150,1186850
NIFTY-II.NFO,05/08/2024,11:31:02,24149.05,24146.05,100,24149.4,25,75,1186850
NIFTY-II.NFO,05/08/2024,11:31:03,24149.05,24137.15,175,24140.8,50,0,1186850
NIFTY-II.NFO,05/08/2024,11:31:05,24140.05,24137.1,150,24140.7,75,50,1186850
NIFTY-II.NFO,05/08/2024,11:31:07,24140.6,24141.05,25,24145.3,250,25,1186850
NIFTY-II.NFO,05/08/2024,11:31:08,24135.7,24134.2,25,24138.85,250,275,1186850
NIFTY-II.NFO,05/08/2024,11:31:10,24138.95,24130.7,50,24134.2,200,1125,1186850
NIFTY-II.NFO,05/08/2024,11:31:12,24131.05,24133.05,25,24137.05,50,300,1186850
NIFTY-II.NFO,05/08/2024,11:31:13,24136.6,24133.05,25,24137.15,200,200,1186850
NIFTY-II.NFO,05/08/2024,11:31:15,24143.15,24140.05,25,24142.9,25,950,1186850
NIFTY-II.NFO,05/08/2024,11:31:17,24133.45,24133.4,25,24138.1,300,1025,1186850
NIFTY-II.NFO,05/08/2024,11:31:18,24136.05,24131.7,25,24140,50,175,1186850
NIFTY-II.NFO,05/08/2024,11:31:20,24136.05,24137.75,25,24140.9,200,0,1186850
NIFTY-II.NFO,05/08/2024,11:31:22,24136.05,24137.75,300,24141.85,200,0,1186850
NIFTY-II.NFO,05/08/2024,11:31:23,24148.4,24145.05,25,24148,200,250,1186850
NIFTY-II.NFO,05/08/2024,11:31:25,24148.4,24141.1,50,24147.9,275,0,1186850
NIFTY-II.NFO,05/08/2024,11:31:27,24148.4,24138.4,50,24145.8,275,0,1186850
NIFTY-II.NFO,05/08/2024,11:31:28,24148.95,24147.1,50,24150,75,150,1186850
NIFTY-II.NFO,05/08/2024,11:31:30,24143.75,24138.1,25,24144.3,200,175,1186850
NIFTY-II.NFO,05/08/2024,11:31:32,24143.75,24141.05,25,24145.9,275,0,1186850
NIFTY-II.NFO,05/08/2024,11:31:33,24143.75,24139.95,25,24144.75,275,0,1186850
NIFTY-II.NFO,05/08/2024,11:31:35,24138.1,24131.05,175,24136.95,125,50,1186850
NIFTY-II.NFO,05/08/2024,11:31:37,24129.1,24125.8,25,24131.05,250,175,1186850
NIFTY-II.NFO,05/08/2024,11:31:38,24129.1,24125.8,25,24128.95,50,0,1186850
NIFTY-II.NFO,05/08/2024,11:31:40,24135.65,24132.05,25,24135.6,275,25,1186850
NIFTY-II.NFO,05/08/2024,11:31:42,24135.1,24127.1,50,24132.65,50,50,1186850
NIFTY-II.NFO,05/08/2024,11:31:43,24135.1,24128.95,25,24131.2,275,0,1186850
NIFTY-II.NFO,05/08/2024,11:31:45,24128.1,24133.05,25,24137.15,25,75,1186850
NIFTY-II.NFO,05/08/2024,11:31:47,24130.4,24130.4,75,24137.15,200,175,1186850
NIFTY-II.NFO,05/08/2024,11:31:48,24130.35,24127.8,25,24132.15,275,200,1186850
NIFTY-II.NFO,05/08/2024,11:31:50,24127.8,24129.3,25,24133.5,250,25,1186850
NIFTY-II.NFO,05/08/2024,11:31:52,24127.8,24129,325,24130.55,50,0,1186850
NIFTY-II.NFO,05/08/2024,11:31:53,24129,24129,300,24130.45,275,25,1186850
NIFTY-II.NFO,05/08/2024,11:31:55,24125,24120.95,50,24123.6,275,500,1186850
NIFTY-II.NFO,05/08/2024,11:31:57,24125.7,24120.1,200,24125,200,75,1186850
NIFTY-II.NFO,05/08/2024,11:31:58,24120.1,24121.5,275,24125,200,50,1186850
NIFTY-II.NFO,05/08/2024,11:32:00,24120.05,24120,100,24123.45,200,25,1186850
NIFTY-II.NFO,05/08/2024,11:32:02,24125,24121.1,25,24125,175,375,1186850
NIFTY-II.NFO,05/08/2024,11:32:03,24125,24121.1,50,24125,100,275,1186850
NIFTY-II.NFO,05/08/2024,11:32:05,24120.8,24120.55,50,24124.7,200,200,1186850
NIFTY-II.NFO,05/08/2024,11:32:07,24120,24120,950,24124.3,200,100,1186850
NIFTY-II.NFO,05/08/2024,11:32:08,24121.1,24120,950,24123.4,50,50,1186850
NIFTY-II.NFO,05/08/2024,11:32:10,24126,24122.05,25,24126,25,25,1186850
NIFTY-II.NFO,05/08/2024,11:32:12,24127.9,24122.35,200,24127.75,200,950,1186850
NIFTY-II.NFO,05/08/2024,11:32:13,24124,24125.1,125,24129.25,200,50,1186850
NIFTY-II.NFO,05/08/2024,11:32:15,24125.1,24124.3,200,24129.85,200,25,1186850
NIFTY-II.NFO,05/08/2024,11:32:17,24129.65,24127.4,125,24132.3,200,550,1186850
NIFTY-II.NFO,05/08/2024,11:32:18,24129.65,24125.05,25,24130.25,200,0,1186850
NIFTY-II.NFO,05/08/2024,11:32:20,24129.65,24126.65,50,24131.45,200,0,1186850
NIFTY-II.NFO,05/08/2024,11:32:22,24125.75,24125,100,24125.9,275,125,1186850
NIFTY-II.NFO,05/08/2024,11:32:23,24125.9,24121.35,25,24125.9,200,125,1186850
NIFTY-II.NFO,05/08/2024,11:32:25,24124.85,24122.05,250,24127.65,200,50,1186850
NIFTY-II.NFO,05/08/2024,11:32:27,24124.85,24125.7,100,24131.9,250,0,1186850
NIFTY-II.NFO,05/08/2024,11:32:28,24124.85,24129.65,25,24133.45,200,0,1186850
NIFTY-II.NFO,05/08/2024,11:32:30,24124.9,24125.8,125,24130,25,150,1186850
NIFTY-II.NFO,05/08/2024,11:32:32,24132.05,24135.1,125,24139.8,200,75,1186850
NIFTY-II.NFO,05/08/2024,11:32:33,24132.05,24138.1,125,24143.3,50,0,1186850
NIFTY-II.NFO,05/08/2024,11:32:35,24132.05,24136.65,50,24139.9,200,0,1186850
NIFTY-II.NFO,05/08/2024,11:32:37,24132.05,24131.1,50,24137.1,200,0,1186850
NIFTY-II.NFO,05/08/2024,11:32:38,24132.05,24134.2,50,24137.1,200,0,1186850
NIFTY-II.NFO,05/08/2024,11:32:40,24135.05,24135.1,50,24141.8,250,50,1186850
NIFTY-II.NFO,05/08/2024,11:32:42,24143.7,24138.1,275,24143.5,175,425,1186850
NIFTY-II.NFO,05/08/2024,11:32:43,24143.7,24137.7,200,24143.45,175,0,1186850
NIFTY-II.NFO,05/08/2024,11:32:45,24137.95,24133.8,200,24137.95,50,25,1186850
NIFTY-II.NFO,05/08/2024,11:32:47,24137.95,24135.7,275,24141.85,175,0,1186850
NIFTY-II.NFO,05/08/2024,11:32:49,24141.3,24135.1,200,24140.5,150,25,1186850
NIFTY-II.NFO,05/08/2024,11:32:50,24141.3,24135.45,275,24140.9,50,0,1186850
NIFTY-II.NFO,05/08/2024,11:32:52,24141.3,24135.05,275,24140.9,225,0,1186850
NIFTY-II.NFO,05/08/2024,11:32:54,24140.35,24136.15,325,24142.7,50,175,1186850
NIFTY-II.NFO,05/08/2024,11:32:55,24145.4,24143.55,200,24149.6,50,125,1186850
NIFTY-II.NFO,05/08/2024,11:32:57,24157.9,24151.1,200,24157.35,50,125,1186850
NIFTY-II.NFO,05/08/2024,11:32:59,24147,24147.1,275,24152.95,50,50,1186850
NIFTY-II.NFO,05/08/2024,11:33:00,24148.4,24153.8,275,24156.3,50,25,1186850
NIFTY-II.NFO,05/08/2024,11:33:02,24159.3,24152.1,200,24157.9,50,25,1186850
NIFTY-II.NFO,05/08/2024,11:33:04,24156.85,24156.05,200,24161.9,50,25,1186850
NIFTY-II.NFO,05/08/2024,11:33:05,24156.85,24154.2,225,24160.25,175,0,1186850
NIFTY-II.NFO,05/08/2024,11:33:07,24156.85,24152.7,25,24156.9,100,0,1186850
NIFTY-II.NFO,05/08/2024,11:33:09,24157.7,24150.3,275,24154.95,25,50,1186850
NIFTY-II.NFO,05/08/2024,11:33:10,24150.3,24150.3,275,24155.9,50,25,1186850
NIFTY-II.NFO,05/08/2024,11:33:12,24158.95,24159.35,200,24165.35,50,25,1186850
NIFTY-II.NFO,05/08/2024,11:33:14,24165.35,24156.55,200,24162.95,175,50,1186850
NIFTY-II.NFO,05/08/2024,11:33:15,24159.95,24156.85,300,24159.95,150,25,1186850
NIFTY-II.NFO,05/08/2024,11:33:17,24159.95,24158.6,250,24160,100,0,1186850
NIFTY-II.NFO,05/08/2024,11:33:18,24159.95,24157.3,275,24160,100,0,1186850
NIFTY-II.NFO,05/08/2024,11:33:20,24166.1,24166.1,175,24170,25,200,1186850
NIFTY-II.NFO,05/08/2024,11:33:22,24165.8,24166.75,150,24170,25,25,1186850
NIFTY-II.NFO,05/08/2024,11:33:23,24170,24168.15,275,24174.2,50,25,1186850
NIFTY-II.NFO,05/08/2024,11:33:25,24170,24169.8,150,24173.5,25,0,1186850
NIFTY-II.NFO,05/08/2024,11:33:27,24173.9,24166.5,50,24171.95,25,200,1186850
NIFTY-II.NFO,05/08/2024,11:33:28,24166.9,24160.35,50,24163.9,175,25,1186850
NIFTY-II.NFO,05/08/2024,11:33:30,24160,24160,75,24162.25,50,375,1186850
NIFTY-II.NFO,05/08/2024,11:33:32,24160,24155.3,200,24161.85,50,75,1186850
NIFTY-II.NFO,05/08/2024,11:33:33,24155.3,24155.2,125,24160.7,25,25,1186850
NIFTY-II.NFO,05/08/2024,11:33:35,24160.4,24150.35,125,24156.9,75,25,1186850
NIFTY-II.NFO,05/08/2024,11:33:37,24160.4,24152.35,25,24156.3,75,0,1186850
NIFTY-II.NFO,05/08/2024,11:33:38,24150,24150,100,24152.9,100,50,1186850
NIFTY-II.NFO,05/08/2024,11:33:40,24150,24150,75,24152.55,75,25,1186850
NIFTY-II.NFO,05/08/2024,11:33:42,24150,24143.75,75,24147.95,25,275,1186850
NIFTY-II.NFO,05/08/2024,11:33:43,24148.95,24143.75,75,24147.95,275,75,1186850
NIFTY-II.NFO,05/08/2024,11:33:45,24148.95,24140.1,25,24142.1,250,0,1186850
NIFTY-II.NFO,05/08/2024,11:33:47,24140.95,24136.15,200,24141.95,75,75,1186850
NIFTY-II.NFO,05/08/2024,11:33:48,24141.95,24136.55,275,24141.95,75,25,1186850
NIFTY-II.NFO,05/08/2024,11:33:50,24141.95,24136.8,250,24141.95,25,25,1186850
NIFTY-II.NFO,05/08/2024,11:33:52,24141.95,24136.05,200,24140.95,25,0,1186850
NIFTY-II.NFO,05/08/2024,11:33:53,24141.95,24135,175,24138.85,250,0,1186850
NIFTY-II.NFO,05/08/2024,11:33:55,24136,24135.05,275,24139.95,25,50,1186850
NIFTY-II.NFO,05/08/2024,11:33:57,24143.9,24135,175,24138.95,25,25,1186850
NIFTY-II.NFO,05/08/2024,11:33:58,24140.9,24135.05,25,24138.9,50,325,1190525
NIFTY-II.NFO,05/08/2024,11:34:00,24141.95,24137.55,25,24142.5,200,25,1190525
NIFTY-II.NFO,05/08/2024,11:34:02,24141.3,24136.15,50,24141.35,200,125,1190525
NIFTY-II.NFO,05/08/2024,11:34:03,24141.3,24136,75,24139.95,25,0,1190525
NIFTY-II.NFO,05/08/2024,11:34:05,24141.3,24140.75,200,24146.6,200,0,1190525
NIFTY-II.NFO,05/08/2024,11:34:07,24141.3,24140.9,50,24145.95,225,0,1190525
NIFTY-II.NFO,05/08/2024,11:34:08,24147.65,24143.8,125,24148.65,350,50,1190525
NIFTY-II.NFO,05/08/2024,11:34:10,24143.85,24145.55,275,24150.65,200,25,1190525
NIFTY-II.NFO,05/08/2024,11:34:12,24143.85,24150.25,200,24154.8,25,0,1190525
NIFTY-II.NFO,05/08/2024,11:34:13,24151.2,24150,75,24152.8,50,50,1190525
NIFTY-II.NFO,05/08/2024,11:34:15,24149.95,24145.9,50,24147.95,50,150,1190525
NIFTY-II.NFO,05/08/2024,11:34:17,24145.7,24142,25,24145.7,25,125,1190525
NIFTY-II.NFO,05/08/2024,11:34:18,24145.7,24142,25,24143.6,25,0,1190525
NIFTY-II.NFO,05/08/2024,11:34:20,24142.45,24140,150,24141.95,25,75,1190525
NIFTY-II.NFO,05/08/2024,11:34:22,24140,24136.4,100,24138.85,200,200,1190525
NIFTY-II.NFO,05/08/2024,11:34:23,24138.2,24136.45,50,24138.95,25,50,1190525
NIFTY-II.NFO,05/08/2024,11:34:25,24140,24136.45,200,24140.7,50,100,1190525
NIFTY-II.NFO,05/08/2024,11:34:27,24140,24137.2,25,24139.95,25,0,1190525
NIFTY-II.NFO,05/08/2024,11:34:28,24136.95,24139.75,200,24145.8,50,325,1190525
NIFTY-II.NFO,05/08/2024,11:34:30,24136.95,24143.6,250,24148.9,275,0,1190525
NIFTY-II.NFO,05/08/2024,11:34:32,24136.95,24138.35,250,24141.95,25,0,1190525
NIFTY-II.NFO,05/08/2024,11:34:33,24136.95,24136.55,50,24139.95,25,0,1190525
NIFTY-II.NFO,05/08/2024,11:34:35,24136.55,24140.65,250,24145.9,25,50,1190525
NIFTY-II.NFO,05/08/2024,11:34:37,24140.65,24141.5,175,24145.95,25,25,1190525
NIFTY-II.NFO,05/08/2024,11:34:38,24140.7,24136.05,175,24139.95,25,25,1190525
NIFTY-II.NFO,05/08/2024,11:34:40,24140.9,24136.1,200,24140.9,25,250,1190525
NIFTY-II.NFO,05/08/2024,11:34:42,24140.65,24136,350,24138.8,200,75,1190525
NIFTY-II.NFO,05/08/2024,11:34:43,24140.65,24136.55,200,24140.95,25,0,1190525
NIFTY-II.NFO,05/08/2024,11:34:45,24137.35,24137.2,25,24141.85,200,200,1190525
NIFTY-II.NFO,05/08/2024,11:34:47,24136,24136,325,24138.75,25,75,1190525
NIFTY-II.NFO,05/08/2024,11:34:48,24138.55,24136,300,24138.55,200,150,1190525
NIFTY-II.NFO,05/08/2024,11:34:50,24136,24136,125,24138.55,50,200,1190525
NIFTY-II.NFO,05/08/2024,11:34:52,24136,24136,150,24138.4,250,0,1190525
NIFTY-II.NFO,05/08/2024,11:34:53,24118.95,24116.95,25,24119.2,300,1675,1190525
NIFTY-II.NFO,05/08/2024,11:34:55,24116.95,24113.55,200,24117.9,50,25,1190525
NIFTY-II.NFO,05/08/2024,11:34:57,24124.35,24117.05,275,24121.95,75,275,1190525
NIFTY-II.NFO,05/08/2024,11:34:58,24124.35,24116,275,24119.95,25,0,1190525
NIFTY-II.NFO,05/08/2024,11:35:00,24115.35,24115.4,200,24119.95,75,400,1190525
NIFTY-II.NFO,05/08/2024,11:35:02,24115.35,24119.6,275,24125.15,200,0,1190525
NIFTY-II.NFO,05/08/2024,11:35:03,24122.25,24122.3,150,24124.25,250,25,1190525
NIFTY-II.NFO,05/08/2024,11:35:05,24122.3,24120.1,250,24123.75,25,150,1190525
NIFTY-II.NFO,05/08/2024,11:35:07,24122.3,24120.5,25,24123.3,250,0,1190525
NIFTY-II.NFO,05/08/2024,11:35:08,24120.1,24121.05,175,24127.15,200,50,1190525
NIFTY-II.NFO,05/08/2024,11:35:10,24120.1,24120.3,25,24124.9,250,0,1190525
NIFTY-II.NFO,05/08/2024,11:35:12,24116.05,24111,100,24116.9,200,700,1190525
NIFTY-II.NFO,05/08/2024,11:35:13,24118.9,24113.6,100,24118.95,75,25,1190525
NIFTY-II.NFO,05/08/2024,11:35:15,24119.2,24117.15,200,24121.75,200,200,1190525
NIFTY-II.NFO,05/08/2024,11:35:17,24119.2,24117.65,200,24120.95,25,0,1190525
NIFTY-II.NFO,05/08/2024,11:35:18,24119.2,24117.15,200,24120.95,25,0,1190525
NIFTY-II.NFO,05/08/2024,11:35:20,24119.2,24116.25,275,24121.7,175,0,1190525
NIFTY-II.NFO,05/08/2024,11:35:22,24119.2,24116.25,275,24121.2,25,0,1190525
NIFTY-II.NFO,05/08/2024,11:35:23,24119.2,24116.65,275,24122.1,25,0,1190525
NIFTY-II.NFO,05/08/2024,11:35:25,24119.2,24118.5,275,24124.6,50,0,1190525
NIFTY-II.NFO,05/08/2024,11:35:27,24119.2,24119.35,200,24123.95,175,0,1190525
NIFTY-II.NFO,05/08/2024,11:35:28,24119.2,24119.3,25,24121.9,225,0,1190525
NIFTY-II.NFO,05/08/2024,11:35:30,24119.3,24117.95,25,24119.35,100,75,1190525
NIFTY-II.NFO,05/08/2024,11:35:32,24116.05,24116.05,275,24121.75,300,75,1190525
NIFTY-II.NFO,05/08/2024,11:35:33,24116.05,24116,25,24117.7,25,0,1190525
NIFTY-II.NFO,05/08/2024,11:35:35,24116,24112.5,200,24117.65,300,25,1190525
NIFTY-II.NFO,05/08/2024,11:35:37,24114.95,24113,325,24117.7,25,25,1190525
NIFTY-II.NFO,05/08/2024,11:35:38,24111.75,24111.75,275,24116.95,25,100,1190525
NIFTY-II.NFO,05/08/2024,11:35:40,24110.05,24110.3,150,24113.95,75,275,1190525
NIFTY-II.NFO,05/08/2024,11:35:42,24110.05,24110.15,225,24113.75,25,0,1190525
NIFTY-II.NFO,05/08/2024,11:35:43,24110.05,24111.7,150,24117.2,75,0,1190525
NIFTY-II.NFO,05/08/2024,11:35:45,24118.5,24112.3,200,24115.95,25,125,1190525
NIFTY-II.NFO,05/08/2024,11:35:47,24115.95,24116.95,275,24119,25,50,1190525
NIFTY-II.NFO,05/08/2024,11:35:48,24115.95,24117.2,275,24119,25,0,1190525
NIFTY-II.NFO,05/08/2024,11:35:50,24120,24116.5,200,24119.7,150,50,1190525
NIFTY-II.NFO,05/08/2024,11:35:52,24120,24118.3,325,24120,25,0,1190525
NIFTY-II.NFO,05/08/2024,11:35:53,24117.35,24118.25,225,24120,25,50,1190525
NIFTY-II.NFO,05/08/2024,11:35:55,24110,24110,75,24112.9,325,450,1190525
NIFTY-II.NFO,05/08/2024,11:35:57,24108.9,24107.4,25,24108.9,275,100,1190525
NIFTY-II.NFO,05/08/2024,11:35:58,24108.05,24105,25,24108.05,175,100,1190525
NIFTY-II.NFO,05/08/2024,11:36:00,24117.1,24112.15,200,24117.1,25,225,1190525
NIFTY-II.NFO,05/08/2024,11:36:02,24113.75,24109.95,275,24115.8,225,25,1190525
NIFTY-II.NFO,05/08/2024,11:36:03,24112.95,24107.95,200,24112.95,25,25,1190525
NIFTY-II.NFO,05/08/2024,11:36:05,24116.05,24113.5,200,24119,175,150,1190525
NIFTY-II.NFO,05/08/2024,11:36:07,24116.05,24109.95,250,24114.9,175,0,1190525
NIFTY-II.NFO,05/08/2024,11:36:08,24116.05,24117.4,275,24120,25,0,1190525
NIFTY-II.NFO,05/08/2024,11:36:10,24120,24121.65,200,24124.8,150,25,1190525
NIFTY-II.NFO,05/08/2024,11:36:12,24125,24125.4,200,24128.8,25,100,1190525
NIFTY-II.NFO,05/08/2024,11:36:13,24124.85,24123.95,200,24129.9,200,175,1190525
NIFTY-II.NFO,05/08/2024,11:36:15,24124.85,24119.95,125,24123.95,25,0,1190525
NIFTY-II.NFO,05/08/2024,11:36:17,24119.95,24116.4,200,24120.95,25,25,1190525
NIFTY-II.NFO,05/08/2024,11:36:18,24119.95,24121.4,200,24124.85,50,0,1190525
NIFTY-II.NFO,05/08/2024,11:36:20,24119.95,24120.5,275,24124.85,50,0,1190525
NIFTY-II.NFO,05/08/2024,11:36:21,24125,24126.05,200,24129.4,50,75,1190525
NIFTY-II.NFO,05/08/2024,11:36:23,24136,24135,200,24138.35,50,50,1190525
NIFTY-II.NFO,05/08/2024,11:36:25,24143.6,24143.65,50,24149.85,175,125,1190525
NIFTY-II.NFO,05/08/2024,11:36:26,24149.95,24140.15,50,24146.4,100,75,1190525
NIFTY-II.NFO,05/08/2024,11:36:28,24143.9,24133.4,325,24139.9,175,50,1190525
NIFTY-II.NFO,05/08/2024,11:36:30,24135.5,24134.15,50,24139.7,250,375,1190525
NIFTY-II.NFO,05/08/2024,11:36:31,24134.15,24134.9,25,24136.75,25,50,1190525
NIFTY-II.NFO,05/08/2024,11:36:33,24135.15,24136.8,25,24140.9,150,25,1190525
NIFTY-II.NFO,05/08/2024,11:36:35,24136.8,24136.65,325,24142.55,75,25,1190525
NIFTY-II.NFO,05/08/2024,11:36:36,24137.85,24137.85,250,24142.65,50,100,1190525
NIFTY-II.NFO,05/08/2024,11:36:38,24142.9,24141.7,25,24143.05,25,75,1190525
NIFTY-II.NFO,05/08/2024,11:36:40,24143.05,24141.85,275,24145,100,50,1190525
NIFTY-II.NFO,05/08/2024,11:36:41,24145,24144.1,275,24148.85,150,100,1190525
NIFTY-II.NFO,05/08/2024,11:36:43,24143.75,24145.2,125,24149.7,150,150,1190525
NIFTY-II.NFO,05/08/2024,11:36:45,24147,24143.6,125,24149.45,150,50,1190525
NIFTY-II.NFO,05/08/2024,11:36:46,24148.2,24142.1,50,24147.95,150,250,1190525
NIFTY-II.NFO,05/08/2024,11:36:48,24147.85,24144.1,200,24149.7,125,25,1190525
NIFTY-II.NFO,05/08/2024,11:36:50,24150,24144.65,50,24150.4,350,200,1190525
NIFTY-II.NFO,05/08/2024,11:36:51,24150,24150,50,24153.25,150,0,1190525
NIFTY-II.NFO,05/08/2024,11:36:53,24149.95,24145.1,200,24150.95,25,175,1190525
NIFTY-II.NFO,05/08/2024,11:36:54,24149.95,24146.15,50,24149.95,25,0,1190525
NIFTY-II.NFO,05/08/2024,11:36:56,24147.95,24145.9,250,24148.95,25,50,1190525
NIFTY-II.NFO,05/08/2024,11:36:58,24147.95,24147,275,24151.35,150,0,1190525
NIFTY-II.NFO,05/08/2024,11:36:59,24147.95,24148.3,325,24153.85,25,0,1190525
NIFTY-II.NFO,05/08/2024,11:37:01,24151.2,24150.25,50,24151.65,25,75,1192850
NIFTY-II.NFO,05/08/2024,11:37:03,24151.2,24144.7,200,24148.95,25,0,1192850
NIFTY-II.NFO,05/08/2024,11:37:04,24151.6,24146.05,275,24151.6,200,75,1192850
NIFTY-II.NFO,05/08/2024,11:37:06,24151.6,24150.95,25,24151.7,150,0,1192850
NIFTY-II.NFO,05/08/2024,11:37:08,24151,24150.6,200,24151,25,100,1192850
NIFTY-II.NFO,05/08/2024,11:37:09,24151,24150,25,24152.5,150,25,1192850
NIFTY-II.NFO,05/08/2024,11:37:11,24153.75,24150.65,250,24151.6,25,25,1192850
NIFTY-II.NFO,05/08/2024,11:37:13,24151.6,24150,25,24152.15,25,25,1192850
NIFTY-II.NFO,05/08/2024,11:37:14,24142.8,24141.35,275,24143.95,25,200,1192850
NIFTY-II.NFO,05/08/2024,11:37:16,24146.95,24142.5,275,24145.95,25,75,1192850
NIFTY-II.NFO,05/08/2024,11:37:18,24146.95,24140.05,200,24144.95,25,0,1192850
NIFTY-II.NFO,05/08/2024,11:37:19,24146.95,24142.55,275,24147.95,50,0,1192850
NIFTY-II.NFO,05/08/2024,11:37:21,24148.45,24142.7,275,24144.95,25,125,1192850
NIFTY-II.NFO,05/08/2024,11:37:23,24145.95,24142.95,200,24150.1,75,50,1192850
NIFTY-II.NFO,05/08/2024,11:37:24,24143.1,24144.05,175,24149.95,75,250,1192850
NIFTY-II.NFO,05/08/2024,11:37:26,24145.95,24149.75,225,24152.2,150,25,1192850
NIFTY-II.NFO,05/08/2024,11:37:28,24145.95,24145.1,250,24148.95,25,0,1192850
NIFTY-II.NFO,05/08/2024,11:37:29,24149.95,24148.6,175,24151,150,25,1192850
NIFTY-II.NFO,05/08/2024,11:37:31,24149.95,24147.2,250,24151.95,25,0,1192850
NIFTY-II.NFO,05/08/2024,11:37:32,24149.95,24150.1,175,24153.95,50,0,1192850
NIFTY-II.NFO,05/08/2024,11:37:34,24154.15,24151.95,25,24154.8,150,75,1192850
NIFTY-II.NFO,05/08/2024,11:37:36,24154.9,24152.45,175,24155.05,150,25,1192850
NIFTY-II.NFO,05/08/2024,11:37:37,24152.2,24151.95,25,24154.55,150,50,1192850
NIFTY-II.NFO,05/08/2024,11:37:39,24152.2,24153.6,50,24157.1,150,0,1192850
NIFTY-II.NFO,05/08/2024,11:37:41,24157.35,24155.1,50,24158,175,50,1192850
NIFTY-II.NFO,05/08/2024,11:37:42,24157.35,24151.95,25,24154.9,25,0,1192850
NIFTY-II.NFO,05/08/2024,11:37:44,24154.85,24152.55,125,24154.9,25,25,1192850
NIFTY-II.NFO,05/08/2024,11:37:46,24154.9,24151.95,25,24155.95,275,25,1192850
NIFTY-II.NFO,05/08/2024,11:37:47,24153.35,24149.95,25,24153.35,25,275,1192850
NIFTY-II.NFO,05/08/2024,11:37:49,24153.35,24149.95,25,24155.1,75,0,1192850
NIFTY-II.NFO,05/08/2024,11:37:50,24153.35,24150,225,24154.6,75,0,1192850
NIFTY-II.NFO,05/08/2024,11:37:52,24150,24150,125,24151.4,25,125,1192850
NIFTY-II.NFO,05/08/2024,11:37:54,24152.7,24150,125,24152.75,25,50,1192850
NIFTY-II.NFO,05/08/2024,11:37:55,24149.95,24140.8,275,24144.95,25,150,1192850
NIFTY-II.NFO,05/08/2024,11:37:57,24143.25,24144.65,250,24149.6,25,600,1192850
NIFTY-II.NFO,05/08/2024,11:37:59,24143.25,24145.35,25,24150.75,250,0,1192850
NIFTY-II.NFO,05/08/2024,11:38:00,24150.65,24145.4,275,24150.9,175,25,1192850
NIFTY-II.NFO,05/08/2024,11:38:02,24150.65,24143.95,25,24146.95,25,0,1192850
NIFTY-II.NFO,05/08/2024,11:38:04,24150.65,24144.2,275,24148.15,25,0,1192850
NIFTY-II.NFO,05/08/2024,11:38:05,24150.65,24147.05,125,24152.3,250,0,1192850
NIFTY-II.NFO,05/08/2024,11:38:07,24150.65,24146.95,50,24150.5,225,0,1192850
NIFTY-II.NFO,05/08/2024,11:38:09,24148.25,24144.95,25,24148.15,150,75,1192850
NIFTY-II.NFO,05/08/2024,11:38:10,24144.55,24143.95,25,24146.5,150,200,1192850
NIFTY-II.NFO,05/08/2024,11:38:12,24144.55,24143.3,200,24146.5,150,0,1192850
NIFTY-II.NFO,05/08/2024,11:38:13,24143.65,24143.45,125,24146.6,200,25,1192850
NIFTY-II.NFO,05/08/2024,11:38:15,24143.65,24143.25,200,24146,250,0,1192850
NIFTY-II.NFO,05/08/2024,11:38:17,24143.9,24143.25,175,24144.95,225,250,1192850
NIFTY-II.NFO,05/08/2024,11:38:18,24143.25,24140,25,24143.7,275,200,1192850
NIFTY-II.NFO,05/08/2024,11:38:20,24143.25,24140.55,275,24144.75,25,0,1192850
NIFTY-II.NFO,05/08/2024,11:38:22,24143.25,24145.55,200,24149.15,150,0,1192850
NIFTY-II.NFO,05/08/2024,11:38:23,24145.3,24145.3,150,24149.1,25,250,1192850
NIFTY-II.NFO,05/08/2024,11:38:25,24145.3,24149.35,150,24150.25,150,0,1192850
NIFTY-II.NFO,05/08/2024,11:38:27,24150.25,24149.45,200,24150.65,25,25,1192850
NIFTY-II.NFO,05/08/2024,11:38:28,24150.65,24149.65,225,24154.75,200,25,1192850
NIFTY-II.NFO,05/08/2024,11:38:30,24151.2,24151.2,100,24155,250,25,1192850
NIFTY-II.NFO,05/08/2024,11:38:32,24151.2,24148.9,150,24153.8,350,0,1192850
NIFTY-II.NFO,05/08/2024,11:38:33,24153.25,24149.2,175,24153.3,125,25,1192850
NIFTY-II.NFO,05/08/2024,11:38:35,24153.25,24149.3,250,24153.25,25,0,1192850
NIFTY-II.NFO,05/08/2024,11:38:37,24156,24155.1,200,24160,25,325,1192850
NIFTY-II.NFO,05/08/2024,11:38:38,24156,24159.4,200,24160,25,0,1192850
NIFTY-II.NFO,05/08/2024,11:38:40,24162.75,24162.75,200,24166,25,50,1192850
NIFTY-II.NFO,05/08/2024,11:38:41,24162.75,24160.2,275,24165.95,100,0,1192850
NIFTY-II.NFO,05/08/2024,11:38:43,24161.15,24161.15,200,24166,25,50,1192850
NIFTY-II.NFO,05/08/2024,11:38:45,24166.6,24160,25,24164.9,325,100,1192850
NIFTY-II.NFO,05/08/2024,11:38:46,24166.6,24160,25,24163.7,275,0,1192850
NIFTY-II.NFO,05/08/2024,11:38:48,24166.6,24161,275,24166.55,275,0,1192850
NIFTY-II.NFO,05/08/2024,11:38:50,24166.6,24164.3,50,24166.6,25,0,1192850
NIFTY-II.NFO,05/08/2024,11:38:51,24166.6,24161.35,50,24165.5,200,0,1192850
NIFTY-II.NFO,05/08/2024,11:38:53,24166.6,24160.05,50,24164.9,275,0,1192850
NIFTY-II.NFO,05/08/2024,11:38:55,24164.9,24160,25,24164.9,225,100,1192850
NIFTY-II.NFO,05/08/2024,11:38:56,24164.9,24160.7,50,24164.95,175,0,1192850
NIFTY-II.NFO,05/08/2024,11:38:58,24160.7,24160.45,200,24164.95,25,50,1192850
NIFTY-II.NFO,05/08/2024,11:39:00,24161.3,24160.45,200,24164.95,150,25,1192850
NIFTY-II.NFO,05/08/2024,11:39:01,24161.3,24160,25,24164.75,450,0,1192850
NIFTY-II.NFO,05/08/2024,11:39:03,24165.05,24160,100,24165.75,375,300,1192850
NIFTY-II.NFO,05/08/2024,11:39:04,24160,24159.75,250,24163.95,25,25,1192850
NIFTY-II.NFO,05/08/2024,11:39:06,24166.6,24161.55,75,24165.85,150,125,1192850
NIFTY-II.NFO,05/08/2024,11:39:08,24165.85,24161.55,75,24164.4,150,25,1192850
NIFTY-II.NFO,05/08/2024,11:39:09,24161.6,24161.6,100,24166.55,125,25,1192850
NIFTY-II.NFO,05/08/2024,11:39:11,24161.6,24161.55,75,24164.95,125,0,1192850
NIFTY-II.NFO,05/08/2024,11:39:13,24164.4,24160.55,50,24164.95,200,425,1192850
NIFTY-II.NFO,05/08/2024,11:39:14,24164.4,24161.3,25,24164.95,200,0,1192850
NIFTY-II.NFO,05/08/2024,11:39:16,24164.95,24161.3,25,24165,125,25,1192850
NIFTY-II.NFO,05/08/2024,11:39:17,24166.55,24161.55,200,24166.55,50,575,1192850
NIFTY-II.NFO,05/08/2024,11:39:19,24166.55,24166.65,50,24168.35,25,0,1192850
NIFTY-II.NFO,05/08/2024,11:39:20,24168.35,24166.95,75,24170,25,25,1192850
NIFTY-II.NFO,05/08/2024,11:39:22,24170,24169.05,250,24173.75,50,25,1192850
NIFTY-II.NFO,05/08/2024,11:39:24,24169.95,24165.45,200,24170.9,125,50,1192850
NIFTY-II.NFO,05/08/2024,11:39:25,24172.85,24170,25,24173.55,100,150,1192850
NIFTY-II.NFO,05/08/2024,11:39:27,24172.85,24170,25,24172.25,100,0,1192850
NIFTY-II.NFO,05/08/2024,11:39:29,24172.85,24170,50,24173.15,25,0,1192850
NIFTY-II.NFO,05/08/2024,11:39:30,24177.9,24172.9,275,24175.15,150,25,1192850
NIFTY-II.NFO,05/08/2024,11:39:32,24173.7,24173.7,275,24176.1,150,125,1192850
NIFTY-II.NFO,05/08/2024,11:39:34,24176.1,24173.2,200,24177.95,50,150,1192850
NIFTY-II.NFO,05/08/2024,11:39:35,24173,24175,25,24178,25,25,1192850
NIFTY-II.NFO,05/08/2024,11:39:37,24173,24175,25,24176,50,0,1192850
NIFTY-II.NFO,05/08/2024,11:39:39,24176,24175.05,50,24176,25,25,1192850
NIFTY-II.NFO,05/08/2024,11:39:40,24176,24176.05,50,24177.2,150,50,1192850
NIFTY-II.NFO,05/08/2024,11:39:42,24177.25,24176,75,24178,25,50,1192850
NIFTY-II.NFO,05/08/2024,11:39:44,24177.4,24176,50,24178,175,75,1192850
NIFTY-II.NFO,05/08/2024,11:39:45,24176.7,24177.2,25,24177.5,150,50,1192850
NIFTY-II.NFO,05/08/2024,11:39:47,24179.9,24177.2,25,24179.55,50,25,1192850
NIFTY-II.NFO,05/08/2024,11:39:48,24176,24176,275,24178.65,125,50,1192850
NIFTY-II.NFO,05/08/2024,11:39:50,24177.8,24176,275,24177.8,250,25,1192850
NIFTY-II.NFO,05/08/2024,11:39:52,24177.25,24176,275,24177.6,250,25,1192850
NIFTY-II.NFO,05/08/2024,11:39:53,24177.8,24176,250,24176.8,375,50,1192850
NIFTY-II.NFO,05/08/2024,11:39:55,24177.8,24176,250,24177.85,25,0,1192850
NIFTY-II.NFO,05/08/2024,11:39:57,24176.45,24176.45,25,24179.65,100,50,1192850
NIFTY-II.NFO,05/08/2024,11:39:58,24180,24176.6,50,24180.1,150,50,1192850
NIFTY-II.NFO,05/08/2024,11:40:00,24180.1,24176.65,275,24180,100,25,1195525
NIFTY-II.NFO,05/08/2024,11:40:01,24180.1,24176,350,24178.9,50,0,1195525
NIFTY-II.NFO,05/08/2024,11:40:03,24178.45,24176,350,24178.4,250,150,1195525
NIFTY-II.NFO,05/08/2024,11:40:05,24178.4,24176,350,24178.4,250,75,1195525
NIFTY-II.NFO,05/08/2024,11:40:06,24178.4,24176,350,24178.45,150,0,1195525
NIFTY-II.NFO,05/08/2024,11:40:08,24178.4,24176,350,24178.3,50,0,1195525
NIFTY-II.NFO,05/08/2024,11:40:10,24177.9,24176,350,24177.9,25,25,1195525
NIFTY-II.NFO,05/08/2024,11:40:11,24178.5,24176,250,24179.4,225,125,1195525
NIFTY-II.NFO,05/08/2024,11:40:13,24178.5,24176,250,24176.3,150,0,1195525
NIFTY-II.NFO,05/08/2024,11:40:15,24177.2,24176.05,50,24179.85,25,150,1195525
NIFTY-II.NFO,05/08/2024,11:40:16,24177.2,24176,250,24179.25,150,0,1195525
NIFTY-II.NFO,05/08/2024,11:40:18,24176,24176,225,24177.25,200,350,1195525
NIFTY-II.NFO,05/08/2024,11:40:20,24178.4,24176.15,50,24179.1,150,50,1195525
NIFTY-II.NFO,05/08/2024,11:40:21,24179.5,24176.45,125,24179.6,150,25,1195525
NIFTY-II.NFO,05/08/2024,11:40:23,24180,24180.5,125,24182.2,25,125,1195525
NIFTY-II.NFO,05/08/2024,11:40:25,24182,24181.55,25,24182.05,150,50,1195525
NIFTY-II.NFO,05/08/2024,11:40:26,24180.7,24181.55,25,24183,50,200,1195525
NIFTY-II.NFO,05/08/2024,11:40:28,24182.9,24181.6,50,24183,50,125,1195525
NIFTY-II.NFO,05/08/2024,11:40:30,24183,24183.85,50,24186,125,50,1195525
NIFTY-II.NFO,05/08/2024,11:40:31,24186,24182.4,125,24187.15,150,125,1195525
NIFTY-II.NFO,05/08/2024,11:40:33,24187.15,24182.6,50,24187.15,275,75,1195525
NIFTY-II.NFO,05/08/2024,11:40:34,24187.15,24184.55,275,24189.65,150,0,1195525
NIFTY-II.NFO,05/08/2024,11:40:36,24190,24189.3,275,24190.3,25,25,1195525
NIFTY-II.NFO,05/08/2024,11:40:38,24190,24189.1,75,24189.95,25,0,1195525
NIFTY-II.NFO,05/08/2024,11:40:39,24190,24186.9,200,24190.3,25,100,1195525
NIFTY-II.NFO,05/08/2024,11:40:41,24190.2,24188.1,200,24190.15,25,25,1195525
NIFTY-II.NFO,05/08/2024,11:40:43,24190.35,24190,75,24192.9,25,125,1195525
NIFTY-II.NFO,05/08/2024,11:40:44,24190.35,24190,75,24192.55,25,0,1195525
NIFTY-II.NFO,05/08/2024,11:40:46,24190.35,24190.4,25,24192.3,25,0,1195525
NIFTY-II.NFO,05/08/2024,11:40:48,24190,24185.4,200,24191.15,25,100,1195525
NIFTY-II.NFO,05/08/2024,11:40:49,24191.35,24186.2,200,24190,50,450,1195525
NIFTY-II.NFO,05/08/2024,11:40:51,24191.35,24186.2,200,24188.8,150,0,1195525
NIFTY-II.NFO,05/08/2024,11:40:53,24185.05,24185.05,275,24190,50,50,1195525
NIFTY-II.NFO,05/08/2024,11:40:54,24190,24185.65,50,24190,25,50,1195525
NIFTY-II.NFO,05/08/2024,11:40:56,24190,24187.9,250,24190.35,25,325,1195525
NIFTY-II.NFO,05/08/2024,11:40:58,24193.3,24189.85,200,24193.7,150,100,1195525
NIFTY-II.NFO,05/08/2024,11:40:59,24193.3,24189.75,275,24194.1,250,0,1195525
NIFTY-II.NFO,05/08/2024,11:41:01,24195,24189.55,200,24195.6,100,175,1195525
NIFTY-II.NFO,05/08/2024,11:41:03,24195,24191.85,125,24195.2,125,0,1195525
NIFTY-II.NFO,05/08/2024,11:41:04,24193.35,24191.75,50,24195.05,25,100,1195525
NIFTY-II.NFO,05/08/2024,11:41:06,24193.35,24190.85,200,24195,25,0,1195525
NIFTY-II.NFO,05/08/2024,11:41:08,24193.35,24193.4,50,24195.1,25,0,1195525
NIFTY-II.NFO,05/08/2024,11:41:09,24193.35,24193.35,50,24195.05,550,0,1195525
NIFTY-II.NFO,05/08/2024,11:41:11,24198,24196.1,275,24199,25,100,1195525
NIFTY-II.NFO,05/08/2024,11:41:13,24198,24196.4,200,24198.95,25,0,1195525
NIFTY-II.NFO,05/08/2024,11:41:14,24200.1,24200,75,24205.3,25,800,1195525
NIFTY-II.NFO,05/08/2024,11:41:16,24200.3,24200,25,24203.4,25,25,1195525
NIFTY-II.NFO,05/08/2024,11:41:18,24200.3,24200,25,24203.5,125,0,1195525
NIFTY-II.NFO,05/08/2024,11:41:19,24205.05,24202.45,50,24207.15,150,150,1195525
NIFTY-II.NFO,05/08/2024,11:41:21,24204.6,24200.05,50,24205.1,275,50,1195525
NIFTY-II.NFO,05/08/2024,11:41:23,24202.4,24200,50,24202.3,125,100,1195525
NIFTY-II.NFO,05/08/2024,11:41:24,24206.5,24206.55,200,24210,50,150,1195525
NIFTY-II.NFO,05/08/2024,11:41:26,24207,24206.85,200,24210,50,75,1195525
NIFTY-II.NFO,05/08/2024,11:41:28,24206.85,24206.85,200,24210,50,25,1195525
NIFTY-II.NFO,05/08/2024,11:41:29,24206.85,24206.05,300,24210,50,0,1195525
NIFTY-II.NFO,05/08/2024,11:41:31,24213.6,24209,50,24213.35,50,300,1195525
NIFTY-II.NFO,05/08/2024,11:41:33,24214,24209.25,200,24214.25,100,125,1195525
NIFTY-II.NFO,05/08/2024,11:41:34,24214,24209.05,25,24213.55,175,0,1195525
NIFTY-II.NFO,05/08/2024,11:41:36,24209.4,24207,25,24209.55,125,275,1195525
NIFTY-II.NFO,05/08/2024,11:41:38,24208.6,24205.1,200,24210,200,150,1195525
NIFTY-II.NFO,05/08/2024,11:41:39,24208.6,24205,425,24206.9,200,0,1195525
NIFTY-II.NFO,05/08/2024,11:41:41,24205,24203.65,25,24205,125,550,1195525
NIFTY-II.NFO,05/08/2024,11:41:43,24200,24200,125,24203.45,125,75,1195525
NIFTY-II.NFO,05/08/2024,11:41:44,24200,24200,150,24202.45,50,0,1195525
NIFTY-II.NFO,05/08/2024,11:41:46,24200,24200,150,24202.95,300,0,1195525
NIFTY-II.NFO,05/08/2024,11:41:48,24200,24200,200,24202.6,275,0,1195525
NIFTY-II.NFO,05/08/2024,11:41:49,24200,24200,100,24200.9,225,125,1195525
NIFTY-II.NFO,05/08/2024,11:41:51,24203.6,24200,75,24203.35,125,225,1195525
NIFTY-II.NFO,05/08/2024,11:41:53,24203.6,24200,875,24203.5,125,0,1195525
NIFTY-II.NFO,05/08/2024,11:41:54,24200,24200,800,24202.65,50,75,1195525
NIFTY-II.NFO,05/08/2024,11:41:56,24200.4,24200,950,24202.6,150,125,1195525
NIFTY-II.NFO,05/08/2024,11:41:58,24203.65,24203.7,125,24208.55,225,25,1195525
NIFTY-II.NFO,05/08/2024,11:41:59,24206.95,24202.2,50,24206.85,400,75,1195525
NIFTY-II.NFO,05/08/2024,11:42:01,24206.8,24205,1000,24206.8,150,750,1195525
NIFTY-II.NFO,05/08/2024,11:42:03,24206.8,24205,1000,24205.5,200,0,1195525
NIFTY-II.NFO,05/08/2024,11:42:04,24202.85,24200,1000,24202.4,150,1050,1195525
NIFTY-II.NFO,05/08/2024,11:42:06,24202.85,24200,1000,24203.05,150,0,1195525
NIFTY-II.NFO,05/08/2024,11:42:08,24202.85,24200,1000,24202.95,125,0,1195525
NIFTY-II.NFO,05/08/2024,11:42:09,24200,24200,325,24202.9,250,700,1195525
NIFTY-II.NFO,05/08/2024,11:42:11,24200,24200,300,24201.1,125,25,1195525
NIFTY-II.NFO,05/08/2024,11:42:13,24200,24195.3,25,24198.55,50,400,1195525
NIFTY-II.NFO,05/08/2024,11:42:14,24200,24195.3,25,24197.2,50,0,1195525
NIFTY-II.NFO,05/08/2024,11:42:16,24191,24183.45,200,24189.95,50,75,1195525
NIFTY-II.NFO,05/08/2024,11:42:18,24191,24185.05,200,24190.35,50,0,1195525
NIFTY-II.NFO,05/08/2024,11:42:19,24191.75,24185.05,200,24190.15,125,25,1195525
NIFTY-II.NFO,05/08/2024,11:42:21,24188.25,24183.55,200,24187.75,50,75,1195525
NIFTY-II.NFO,05/08/2024,11:42:23,24188.25,24183.55,200,24187.65,50,0,1195525
NIFTY-II.NFO,05/08/2024,11:42:24,24185.95,24185.95,275,24188.6,25,25,1195525
NIFTY-II.NFO,05/08/2024,11:42:26,24185.95,24186,25,24188.55,200,0,1195525
NIFTY-II.NFO,05/08/2024,11:42:28,24185.95,24186,25,24188.6,25,0,1195525
NIFTY-II.NFO,05/08/2024,11:42:29,24185.95,24186,25,24188.3,25,0,1195525
NIFTY-II.NFO,05/08/2024,11:42:31,24184.35,24183.55,275,24188.55,275,100,1195525
NIFTY-II.NFO,05/08/2024,11:42:33,24182,24181.35,75,24185.6,275,50,1195525
NIFTY-II.NFO,05/08/2024,11:42:34,24181.4,24184.35,100,24185.95,25,75,1195525
NIFTY-II.NFO,05/08/2024,11:42:36,24185.95,24185.1,50,24188.6,25,25,1195525
NIFTY-II.NFO,05/08/2024,11:42:38,24186.85,24184.35,100,24186.85,225,500,1195525
NIFTY-II.NFO,05/08/2024,11:42:39,24183.25,24180.2,275,24186.05,350,175,1195525
NIFTY-II.NFO,05/08/2024,11:42:41,24184.4,24182.8,275,24188.45,200,250,1195525
NIFTY-II.NFO,05/08/2024,11:42:43,24184.4,24183,125,24187.15,150,0,1195525
NIFTY-II.NFO,05/08/2024,11:42:44,24184.4,24182.8,125,24186.9,200,0,1195525
NIFTY-II.NFO,05/08/2024,11:42:46,24183,24183,25,24184.7,200,225,1195525
NIFTY-II.NFO,05/08/2024,11:42:48,24180.15,24180.15,300,24184.8,200,50,1195525
NIFTY-II.NFO,05/08/2024,11:42:49,24186.25,24182.8,50,24185.95,200,50,1195525
NIFTY-II.NFO,05/08/2024,11:42:51,24186.25,24181.1,300,24185.55,350,0,1195525
NIFTY-II.NFO,05/08/2024,11:42:53,24186.25,24181.35,50,24186.8,200,0,1195525
NIFTY-II.NFO,05/08/2024,11:42:54,24186.25,24180,50,24184.25,200,0,1195525
NIFTY-II.NFO,05/08/2024,11:42:56,24181.6,24181.75,125,24184.95,150,300,1195525
NIFTY-II.NFO,05/08/2024,11:42:58,24181.6,24182.2,125,24184.95,150,0,1195525
NIFTY-II.NFO,05/08/2024,11:42:59,24188.25,24183.5,50,24188.35,25,300,1196650
NIFTY-II.NFO,05/08/2024,11:43:01,24189,24184.1,50,24189.95,200,25,1196650
NIFTY-II.NFO,05/08/2024,11:43:03,24190,24185.05,125,24190,25,275,1196650
NIFTY-II.NFO,05/08/2024,11:43:04,24183.3,24180.75,50,24186.1,200,25,1196650
NIFTY-II.NFO,05/08/2024,11:43:06,24183.3,24181.4,25,24186,125,0,1196650
NIFTY-II.NFO,05/08/2024,11:43:08,24183.5,24180,50,24183.55,250,25,1196650
NIFTY-II.NFO,05/08/2024,11:43:09,24180,24176.8,25,24181.1,325,50,1196650
NIFTY-II.NFO,05/08/2024,11:43:11,24176.8,24175.4,25,24178,25,25,1196650
NIFTY-II.NFO,05/08/2024,11:43:13,24176.8,24175.4,25,24178,25,0,1196650
NIFTY-II.NFO,05/08/2024,11:43:14,24179.35,24175.7,450,24181.65,125,50,1196650
NIFTY-II.NFO,05/08/2024,11:43:16,24179.35,24175,25,24179.85,75,0,1196650
NIFTY-II.NFO,05/08/2024,11:43:18,24175,24175.05,200,24179.9,325,25,1196650
NIFTY-II.NFO,05/08/2024,11:43:19,24174.8,24176.6,200,24182.2,50,100,1196650
NIFTY-II.NFO,05/08/2024,11:43:21,24174.8,24175.15,200,24180.7,125,0,1196650
NIFTY-II.NFO,05/08/2024,11:43:23,24174.8,24175.95,200,24180.1,350,0,1196650
NIFTY-II.NFO,05/08/2024,11:43:24,24175.9,24176.2,275,24181.85,150,50,1196650
NIFTY-II.NFO,05/08/2024,11:43:26,24181.85,24177.1,250,24181.8,25,125,1196650
NIFTY-II.NFO,05/08/2024,11:43:28,24181.85,24179.55,200,24183.95,50,0,1196650
NIFTY-II.NFO,05/08/2024,11:43:29,24181.85,24183.8,200,24188.9,50,0,1196650
NIFTY-II.NFO,05/08/2024,11:43:31,24181.85,24183.35,50,24188.45,50,0,1196650
NIFTY-II.NFO,05/08/2024,11:43:33,24181.85,24183.55,50,24187.45,50,0,1196650
NIFTY-II.NFO,05/08/2024,11:43:34,24181.85,24183.5,25,24187.25,50,0,1196650
NIFTY-II.NFO,05/08/2024,11:43:36,24181.85,24182.5,275,24188.45,125,0,1196650
NIFTY-II.NFO,05/08/2024,11:43:38,24181.85,24184.1,125,24188.35,50,0,1196650
NIFTY-II.NFO,05/08/2024,11:43:39,24188.55,24185.7,50,24189.85,50,25,1196650
NIFTY-II.NFO,05/08/2024,11:43:41,24190,24188.3,50,24193.6,125,200,1196650
NIFTY-II.NFO,05/08/2024,11:43:43,24190,24187.05,125,24192.6,50,0,1196650
NIFTY-II.NFO,05/08/2024,11:43:44,24190,24190.2,275,24195.25,50,0,1196650
NIFTY-II.NFO,05/08/2024,11:43:46,24196.5,24192.1,50,24196.55,225,150,1196650
NIFTY-II.NFO,05/08/2024,11:43:48,24196.5,24188.75,200,24194,150,0,1196650
NIFTY-II.NFO,05/08/2024,11:43:49,24196.5,24190,25,24193.55,350,0,1196650
NIFTY-II.NFO,05/08/2024,11:43:51,24194.15,24190,25,24194,400,1025,1196650
NIFTY-II.NFO,05/08/2024,11:43:53,24190.4,24190,25,24191.2,200,25,1196650
NIFTY-II.NFO,05/08/2024,11:43:54,24191.2,24186.05,200,24191.15,200,325,1196650
NIFTY-II.NFO,05/08/2024,11:43:56,24193.8,24189.25,75,24193.75,200,25,1196650
NIFTY-II.NFO,05/08/2024,11:43:58,24188.2,24188.15,250,24193.35,25,75,1196650
NIFTY-II.NFO,05/08/2024,11:43:59,24188.2,24186.8,275,24191.85,25,0,1196650
NIFTY-II.NFO,05/08/2024,11:44:01,24186.2,24183,25,24186.1,25,25,1196650
NIFTY-II.NFO,05/08/2024,11:44:03,24183.1,24183.4,125,24186.95,125,125,1196650
NIFTY-II.NFO,05/08/2024,11:44:05,24185.7,24180,100,24184.85,125,25,1196650
NIFTY-II.NFO,05/08/2024,11:44:06,24183.15,24180,25,24182.25,300,25,1196650
NIFTY-II.NFO,05/08/2024,11:44:08,24182.2,24177.9,275,24183,125,125,1196650
NIFTY-II.NFO,05/08/2024,11:44:10,24182.2,24177.9,200,24182.95,100,0,1196650
NIFTY-II.NFO,05/08/2024,11:44:11,24178.05,24177.8,200,24183.15,50,25,1196650
NIFTY-II.NFO,05/08/2024,11:44:13,24182,24182,300,24183.1,125,50,1196650
NIFTY-II.NFO,05/08/2024,11:44:15,24182,24177,200,24181.65,50,300,1196650
NIFTY-II.NFO,05/08/2024,11:44:16,24177.1,24178.25,225,24183.7,50,175,1196650
NIFTY-II.NFO,05/08/2024,11:44:18,24181.15,24176.35,25,24181.3,250,275,1196650
NIFTY-II.NFO,05/08/2024,11:44:20,24176.35,24173,25,24176.3,175,50,1196650
NIFTY-II.NFO,05/08/2024,11:44:21,24172.7,24174.05,100,24179.6,275,175,1196650
NIFTY-II.NFO,05/08/2024,11:44:23,24180.1,24175.1,100,24180.15,50,25,1196650
NIFTY-II.NFO,05/08/2024,11:44:25,24180.4,24176.1,75,24180.7,250,100,1196650
NIFTY-II.NFO,05/08/2024,11:44:26,24174.15,24173.85,25,24178.1,150,75,1196650
NIFTY-II.NFO,05/08/2024,11:44:28,24174.15,24171,25,24175,200,0,1196650
NIFTY-II.NFO,05/08/2024,11:44:30,24176,24171.05,75,24175.9,200,100,1196650
NIFTY-II.NFO,05/08/2024,11:44:31,24176,24171.05,150,24173.85,25,0,1196650
NIFTY-II.NFO,05/08/2024,11:44:33,24176,24171.05,75,24173.85,25,0,1196650
NIFTY-II.NFO,05/08/2024,11:44:34,24173.05,24171,25,24173.05,50,125,1196650
NIFTY-II.NFO,05/08/2024,11:44:36,24173.05,24171,25,24173.85,25,0,1196650
NIFTY-II.NFO,05/08/2024,11:44:39,24173.05,24171,25,24173.65,200,0,1196650
NIFTY-II.NFO,05/08/2024,11:44:41,24173.05,24171,25,24173.85,25,0,1196650
NIFTY-II.NFO,05/08/2024,11:44:43,24173.05,24171.05,150,24173.85,25,0,1196650
NIFTY-II.NFO,05/08/2024,11:44:44,24170.35,24170,150,24173.5,200,75,1196650
NIFTY-II.NFO,05/08/2024,11:44:46,24170.35,24170.05,25,24173.65,450,0,1196650
NIFTY-II.NFO,05/08/2024,11:44:48,24170.35,24170,150,24173.8,250,0,1196650
NIFTY-II.NFO,05/08/2024,11:44:49,24173.05,24175.05,100,24178.8,200,75,1196650
NIFTY-II.NFO,05/08/2024,11:44:51,24175.05,24173,75,24178.1,200,25,1196650
NIFTY-II.NFO,05/08/2024,11:44:53,24175.05,24170.35,25,24175.35,275,0,1196650
NIFTY-II.NFO,05/08/2024,11:44:54,24175.05,24175.05,25,24178.35,25,0,1196650
NIFTY-II.NFO,05/08/2024,11:44:56,24178.3,24175.05,100,24179.1,250,50,1196650
NIFTY-II.NFO,05/08/2024,11:44:58,24178.3,24174.5,75,24179.35,200,0,1196650
NIFTY-II.NFO,05/08/2024,11:44:59,24178.3,24175.75,225,24178.65,200,0,1196650
NIFTY-II.NFO,05/08/2024,11:45:01,24178.3,24176.05,25,24179.25,200,0,1196650
NIFTY-II.NFO,05/08/2024,11:45:03,24178.3,24176.05,100,24181.05,200,0,1196650
NIFTY-II.NFO,05/08/2024,11:45:04,24177.05,24176.05,100,24180.95,200,50,1196650
NIFTY-II.NFO,05/08/2024,11:45:06,24180.3,24176.05,25,24180.1,125,225,1196650
NIFTY-II.NFO,05/08/2024,11:45:08,24180.3,24177.05,25,24181.2,125,0,1196650
NIFTY-II.NFO,05/08/2024,11:45:09,24180.3,24180.05,25,24183.55,125,0,1196650
NIFTY-II.NFO,05/08/2024,11:45:11,24180.3,24184.15,50,24187.65,250,0,1196650
NIFTY-II.NFO,05/08/2024,11:45:13,24184.15,24186.05,25,24189.4,250,25,1196650
NIFTY-II.NFO,05/08/2024,11:45:14,24185.1,24187.1,125,24190.6,250,100,1196650
NIFTY-II.NFO,05/08/2024,11:45:16,24186.05,24184.7,200,24187.45,250,25,1196650
NIFTY-II.NFO,05/08/2024,11:45:17,24186.05,24184.95,250,24188.35,250,0,1196650
NIFTY-II.NFO,05/08/2024,11:45:19,24186.05,24184.05,25,24187.3,250,0,1196650
NIFTY-II.NFO,05/08/2024,11:45:21,24188.05,24188.05,25,24190.75,150,75,1196650
NIFTY-II.NFO,05/08/2024,11:45:22,24188.05,24188.05,25,24192.35,150,0,1196650
NIFTY-II.NFO,05/08/2024,11:45:24,24188.05,24186.15,325,24190.95,200,0,1196650
NIFTY-II.NFO,05/08/2024,11:45:26,24188.05,24187.05,25,24190.85,25,0,1196650
NIFTY-II.NFO,05/08/2024,11:45:27,24188.05,24189.05,25,24191.25,250,0,1196650
NIFTY-II.NFO,05/08/2024,11:45:29,24188.05,24188.3,50,24193.1,150,0,1196650
NIFTY-II.NFO,05/08/2024,11:45:31,24189.05,24189.05,100,24193.1,150,50,1196650
NIFTY-II.NFO,05/08/2024,11:45:32,24194.25,24192.45,275,24195,50,25,1196650
NIFTY-II.NFO,05/08/2024,11:45:34,24194.25,24191.75,275,24195,50,0,1196650
NIFTY-II.NFO,05/08/2024,11:45:36,24194.25,24191.1,200,24195,300,0,1196650
NIFTY-II.NFO,05/08/2024,11:45:37,24194.25,24191.05,25,24194.9,150,0,1196650
NIFTY-II.NFO,05/08/2024,11:45:39,24194.25,24191.05,25,24194.85,250,0,1196650
NIFTY-II.NFO,05/08/2024,11:45:41,24194.25,24193.05,25,24196.85,25,0,1196650
NIFTY-II.NFO,05/08/2024,11:45:42,24194.25,24196.05,25,24198.55,150,0,1196650
NIFTY-II.NFO,05/08/2024,11:45:44,24194.25,24196.05,25,24199.1,50,0,1196650
NIFTY-II.NFO,05/08/2024,11:45:46,24194.25,24195.05,25,24198.55,150,0,1196650
NIFTY-II.NFO,05/08/2024,11:45:47,24198.7,24191.3,275,24196.8,150,50,1196650
NIFTY-II.NFO,05/08/2024,11:45:49,24198.7,24191.8,325,24196.8,150,0,1196650
NIFTY-II.NFO,05/08/2024,11:45:50,24198.7,24193.05,25,24197.05,200,0,1196650
NIFTY-II.NFO,05/08/2024,11:45:52,24198.7,24195.05,25,24198.8,150,0,1196650
NIFTY-II.NFO,05/08/2024,11:45:54,24198.7,24191.4,325,24196.7,150,0,1196650
NIFTY-II.NFO,05/08/2024,11:45:55,24191.65,24191.1,275,24196.6,175,25,1196650
NIFTY-II.NFO,05/08/2024,11:45:57,24191.65,24193.05,25,24196.35,175,0,1196650
NIFTY-II.NFO,05/08/2024,11:45:59,24191.65,24190,50,24194.7,175,0,1196650
NIFTY-II.NFO,05/08/2024,11:46:00,24188.05,24188.05,25,24190,25,275,1198725
NIFTY-II.NFO,05/08/2024,11:46:02,24192.3,24191.65,25,24192.3,200,50,1198725
NIFTY-II.NFO,05/08/2024,11:46:04,24191.65,24188.9,325,24193.1,25,25,1198725
NIFTY-II.NFO,05/08/2024,11:46:05,24191.65,24189.05,25,24191.45,250,0,1198725
NIFTY-II.NFO,05/08/2024,11:46:07,24191.05,24191.05,25,24194.95,50,25,1198725
NIFTY-II.NFO,05/08/2024,11:46:09,24195,24192.05,25,24195.65,250,125,1198725
NIFTY-II.NFO,05/08/2024,11:46:10,24195,24192.1,275,24196.2,25,0,1198725
NIFTY-II.NFO,05/08/2024,11:46:12,24195,24194.05,25,24197.9,250,0,1198725
NIFTY-II.NFO,05/08/2024,11:46:14,24194.35,24195.1,275,24198,200,25,1198725
NIFTY-II.NFO,05/08/2024,11:46:16,24198,24198.3,125,24199,50,200,1198725
NIFTY-II.NFO,05/08/2024,11:46:17,24199,24198,25,24199,25,25,1198725
NIFTY-II.NFO,05/08/2024,11:46:19,24199,24198,25,24199,25,0,1198725
NIFTY-II.NFO,05/08/2024,11:46:20,24197.05,24195,100,24198.55,25,75,1198725
NIFTY-II.NFO,05/08/2024,11:46:22,24195,24194.35,50,24196.45,50,150,1198725
NIFTY-II.NFO,05/08/2024,11:46:24,24196.45,24194.35,50,24196.1,25,25,1198725
NIFTY-II.NFO,05/08/2024,11:46:25,24194.35,24189.1,275,24194.35,50,75,1198725
NIFTY-II.NFO,05/08/2024,11:46:27,24194.35,24187.8,200,24193.75,125,0,1198725
NIFTY-II.NFO,05/08/2024,11:46:29,24193.45,24186.7,200,24191.8,50,525,1198725
NIFTY-II.NFO,05/08/2024,11:46:30,24187.65,24186.7,200,24192.35,50,25,1198725
NIFTY-II.NFO,05/08/2024,11:46:32,24186.65,24186.7,275,24191.6,50,250,1198725
NIFTY-II.NFO,05/08/2024,11:46:33,24186.65,24185.95,25,24190.35,425,0,1198725
NIFTY-II.NFO,05/08/2024,11:46:35,24190.15,24185.95,25,24188.75,50,525,1198725
NIFTY-II.NFO,05/08/2024,11:46:37,24185.95,24185,100,24186.6,250,25,1198725
NIFTY-II.NFO,05/08/2024,11:46:38,24186.5,24185,100,24186.5,125,25,1198725
NIFTY-II.NFO,05/08/2024,11:46:40,24184.8,24178.75,200,24184.6,50,175,1198725
NIFTY-II.NFO,05/08/2024,11:46:42,24184.8,24179.05,200,24184.35,125,0,1198725
NIFTY-II.NFO,05/08/2024,11:46:43,24181.65,24176.35,275,24181.9,50,500,1198725
NIFTY-II.NFO,05/08/2024,11:46:45,24181.65,24181.05,25,24185.05,50,0,1198725
NIFTY-II.NFO,05/08/2024,11:46:47,24184.95,24179.1,275,24184.95,275,25,1198725
NIFTY-II.NFO,05/08/2024,11:46:48,24183.55,24183.55,25,24184.85,50,25,1198725
NIFTY-II.NFO,05/08/2024,11:46:50,24182.05,24180.05,25,24183.95,50,50,1198725
NIFTY-II.NFO,05/08/2024,11:46:52,24182.05,24183.05,25,24186.8,50,0,1198725
NIFTY-II.NFO,05/08/2024,11:46:53,24182.05,24184.05,25,24188.15,50,0,1198725
NIFTY-II.NFO,05/08/2024,11:46:55,24182.05,24180.05,275,24186.3,50,0,1198725
NIFTY-II.NFO,05/08/2024,11:46:56,24182.05,24180,25,24182.95,250,0,1198725
NIFTY-II.NFO,05/08/2024,11:46:58,24182.05,24185.05,25,24188.55,125,0,1198725
NIFTY-II.NFO,05/08/2024,11:47:00,24182.05,24183.05,100,24188.4,50,0,1198725
NIFTY-II.NFO,05/08/2024,11:47:01,24182.05,24182.05,25,24187.5,50,0,1198725
NIFTY-II.NFO,05/08/2024,11:47:03,24182.05,24186.05,25,24190,25,0,1198725
NIFTY-II.NFO,05/08/2024,11:47:05,24187.45,24183.3,50,24187.2,200,50,1198725
NIFTY-II.NFO,05/08/2024,11:47:06,24177.75,24170.95,125,24175.9,50,350,1198725
NIFTY-II.NFO,05/08/2024,11:47:08,24161,24160,175,24160.9,250,900,1198725
NIFTY-II.NFO,05/08/2024,11:47:10,24160,24156,25,24159.65,550,875,1198725
NIFTY-II.NFO,05/08/2024,11:47:11,24158.15,24156,25,24158.55,300,25,1198725
NIFTY-II.NFO,05/08/2024,11:47:13,24159.1,24156,25,24159.05,300,50,1198725
NIFTY-II.NFO,05/08/2024,11:47:15,24155,24152.8,275,24159.2,200,50,1198725
NIFTY-II.NFO,05/08/2024,11:47:16,24150,24146,25,24150.5,300,725,1198725
NIFTY-II.NFO,05/08/2024,11:47:18,24154.05,24153.05,25,24156.55,250,150,1198725
NIFTY-II.NFO,05/08/2024,11:47:20,24156.4,24155.1,125,24158.4,250,25,1198725
NIFTY-II.NFO,05/08/2024,11:47:21,24156.4,24155.1,200,24158.4,250,0,1198725
NIFTY-II.NFO,05/08/2024,11:47:23,24158.4,24155.1,50,24160.45,150,25,1198725
NIFTY-II.NFO,05/08/2024,11:47:25,24158.4,24157.05,25,24160.45,250,0,1198725
NIFTY-II.NFO,05/08/2024,11:47:26,24157.75,24154.15,25,24157.65,500,50,1198725
NIFTY-II.NFO,05/08/2024,11:47:28,24152.35,24151.05,150,24156.35,200,50,1198725
NIFTY-II.NFO,05/08/2024,11:47:30,24152.35,24157.05,25,24160.75,150,0,1198725
NIFTY-II.NFO,05/08/2024,11:47:31,24160.75,24159.1,125,24162.8,375,75,1198725
NIFTY-II.NFO,05/08/2024,11:47:33,24158.1,24158.1,100,24162.6,125,25,1198725
NIFTY-II.NFO,05/08/2024,11:47:35,24162.9,24154.75,50,24159.8,150,200,1198725
NIFTY-II.NFO,05/08/2024,11:47:36,24157.9,24152.6,50,24156.5,275,500,1198725
NIFTY-II.NFO,05/08/2024,11:47:38,24157.9,24159.1,50,24162.75,125,0,1198725
NIFTY-II.NFO,05/08/2024,11:47:40,24157.9,24159.1,50,24163.25,250,0,1198725
NIFTY-II.NFO,05/08/2024,11:47:41,24157.9,24156.25,50,24158.7,25,0,1198725
NIFTY-II.NFO,05/08/2024,11:47:43,24157.9,24156.45,275,24160.7,200,0,1198725
NIFTY-II.NFO,05/08/2024,11:47:45,24157.9,24155.25,125,24160.7,200,0,1198725
NIFTY-II.NFO,05/08/2024,11:47:46,24157.9,24154.3,275,24158.3,250,0,1198725
NIFTY-II.NFO,05/08/2024,11:47:48,24157.9,24157.9,50,24158.3,250,0,1198725
NIFTY-II.NFO,05/08/2024,11:47:49,24157.9,24157.9,50,24158.9,250,0,1198725
NIFTY-II.NFO,05/08/2024,11:47:51,24157.55,24154.5,250,24159,250,75,1198725
NIFTY-II.NFO,05/08/2024,11:47:53,24157.9,24157.1,250,24161.35,400,25,1198725
NIFTY-II.NFO,05/08/2024,11:47:54,24157.9,24161.05,25,24162.25,125,0,1198725
NIFTY-II.NFO,05/08/2024,11:47:56,24163.8,24160.6,125,24163.8,250,525,1198725
NIFTY-II.NFO,05/08/2024,11:47:58,24163.8,24159.1,200,24164.45,250,0,1198725
NIFTY-II.NFO,05/08/2024,11:47:59,24163.8,24160.05,25,24164.4,250,0,1198725
NIFTY-II.NFO,05/08/2024,11:48:01,24163.8,24167.05,25,24170.65,200,0,1198725
NIFTY-II.NFO,05/08/2024,11:48:03,24173.15,24167.05,100,24171.1,250,75,1198725
NIFTY-II.NFO,05/08/2024,11:48:04,24173.15,24164.7,275,24169.75,250,0,1198725
NIFTY-II.NFO,05/08/2024,11:48:06,24173.15,24169.1,275,24172.7,125,0,1198725
NIFTY-II.NFO,05/08/2024,11:48:08,24172.7,24164.2,275,24169.05,250,25,1198725
NIFTY-II.NFO,05/08/2024,11:48:09,24172.7,24169.1,275,24172.2,250,0,1198725
NIFTY-II.NFO,05/08/2024,11:48:11,24171.7,24169.1,275,24173.25,250,50,1198725
NIFTY-II.NFO,05/08/2024,11:48:13,24173.25,24166.1,275,24170.8,425,300,1198725
NIFTY-II.NFO,05/08/2024,11:48:14,24173.25,24173.3,200,24175,500,0,1198725
NIFTY-II.NFO,05/08/2024,11:48:16,24173.25,24173.25,100,24174.95,250,0,1198725
NIFTY-II.NFO,05/08/2024,11:48:18,24173.75,24173.25,25,24173.75,125,150,1198725
NIFTY-II.NFO,05/08/2024,11:48:19,24173.55,24171.05,100,24174.95,250,125,1198725
NIFTY-II.NFO,05/08/2024,11:48:21,24173.55,24171.05,25,24175,500,0,1198725
NIFTY-II.NFO,05/08/2024,11:48:23,24169.1,24171.05,25,24174.85,75,25,1198725
NIFTY-II.NFO,05/08/2024,11:48:24,24175,24171.1,200,24175,475,25,1198725
NIFTY-II.NFO,05/08/2024,11:48:26,24175,24171.1,275,24175,475,0,1198725
NIFTY-II.NFO,05/08/2024,11:48:27,24175,24175.1,75,24179,375,475,1198725
NIFTY-II.NFO,05/08/2024,11:48:29,24172.6,24173.1,275,24178.9,150,75,1198725
NIFTY-II.NFO,05/08/2024,11:48:31,24172.6,24176.1,275,24180,25,0,1198725
NIFTY-II.NFO,05/08/2024,11:48:33,24181.65,24178.4,75,24181.7,375,75,1198725
NIFTY-II.NFO,05/08/2024,11:48:34,24181.65,24179.05,25,24183.4,300,0,1198725
NIFTY-II.NFO,05/08/2024,11:48:36,24181.65,24178.9,125,24181.8,125,0,1198725
NIFTY-II.NFO,05/08/2024,11:48:38,24181.65,24179.05,25,24181.65,125,0,1198725
NIFTY-II.NFO,05/08/2024,11:48:39,24181.65,24179.15,200,24182.8,25,0,1198725
NIFTY-II.NFO,05/08/2024,11:48:41,24179.6,24183.05,25,24185.65,125,100,1198725
NIFTY-II.NFO,05/08/2024,11:48:43,24186.3,24182.3,200,24186.2,250,900,1198725
NIFTY-II.NFO,05/08/2024,11:48:44,24186.3,24185.05,25,24187.65,250,0,1198725
NIFTY-II.NFO,05/08/2024,11:48:46,24187.4,24187.05,25,24188.95,100,50,1198725
NIFTY-II.NFO,05/08/2024,11:48:47,24187.4,24183.85,200,24188.95,100,0,1198725
NIFTY-II.NFO,05/08/2024,11:48:49,24187.55,24182.25,275,24187.5,100,500,1198725
NIFTY-II.NFO,05/08/2024,11:48:51,24187.55,24185.45,200,24188.95,100,0,1198725
NIFTY-II.NFO,05/08/2024,11:48:52,24187.55,24186.05,25,24188.95,100,0,1198725
NIFTY-II.NFO,05/08/2024,11:48:54,24188.95,24189.15,125,24191.25,25,100,1198725
NIFTY-II.NFO,05/08/2024,11:48:56,24196.05,24192.05,25,24196.05,50,75,1198725
NIFTY-II.NFO,05/08/2024,11:48:57,24196.05,24191.05,25,24194.5,100,0,1198725
NIFTY-II.NFO,05/08/2024,11:48:59,24196.05,24192.3,100,24195.5,100,0,1198725
NIFTY-II.NFO,05/08/2024,11:49:01,24193.05,24188.5,200,24191.95,75,25,1203675
NIFTY-II.NFO,05/08/2024,11:49:02,24191.95,24191.35,200,24194.3,25,25,1203675
NIFTY-II.NFO,05/08/2024,11:49:04,24194.15,24191.05,25,24194.4,125,25,1203675
NIFTY-II.NFO,05/08/2024,11:49:06,24195.05,24196.3,200,24198.85,25,50,1203675
NIFTY-II.NFO,05/08/2024,11:49:07,24196.6,24194.1,200,24198.2,25,25,1203675
NIFTY-II.NFO,05/08/2024,11:49:09,24196.6,24191.95,25,24195.1,50,0,1203675
NIFTY-II.NFO,05/08/2024,11:49:11,24196.1,24191.95,25,24193.25,25,25,1203675
NIFTY-II.NFO,05/08/2024,11:49:12,24196.1,24191.95,25,24194.5,25,0,1203675
NIFTY-II.NFO,05/08/2024,11:49:14,24194.5,24191.95,25,24194.55,175,25,1203675
NIFTY-II.NFO,05/08/2024,11:49:16,24196.6,24193.05,25,24196.8,175,25,1203675
NIFTY-II.NFO,05/08/2024,11:49:17,24196.6,24196.1,200,24198.85,25,0,1203675
NIFTY-II.NFO,05/08/2024,11:49:19,24196.05,24196.25,200,24198.8,25,25,1203675
NIFTY-II.NFO,05/08/2024,11:49:21,24201.5,24198.05,25,24201.15,75,600,1203675
NIFTY-II.NFO,05/08/2024,11:49:22,24201.5,24194.05,25,24200.55,250,0,1203675
NIFTY-II.NFO,05/08/2024,11:49:24,24201.5,24194.5,25,24195.05,50,0,1203675
NIFTY-II.NFO,05/08/2024,11:49:26,24195.05,24194.55,200,24195.05,25,25,1203675
NIFTY-II.NFO,05/08/2024,11:49:27,24195.05,24194.55,200,24195.05,25,0,1203675
NIFTY-II.NFO,05/08/2024,11:49:29,24195.05,24199.05,25,24202.5,300,25,1203675
NIFTY-II.NFO,05/08/2024,11:49:31,24202.5,24198.2,75,24202.55,300,100,1203675
NIFTY-II.NFO,05/08/2024,11:49:32,24202.5,24198.1,200,24202.55,300,0,1203675
NIFTY-II.NFO,05/08/2024,11:49:34,24201.1,24197.05,25,24201,300,25,1203675
NIFTY-II.NFO,05/08/2024,11:49:36,24199.05,24198.1,275,24202.75,300,25,1203675
NIFTY-II.NFO,05/08/2024,11:49:37,24199.05,24197.1,200,24201.5,325,0,1203675
NIFTY-II.NFO,05/08/2024,11:49:39,24199.05,24200.05,25,24202.85,50,0,1203675
NIFTY-II.NFO,05/08/2024,11:49:41,24202.85,24200.1,200,24202.85,25,25,1203675
NIFTY-II.NFO,05/08/2024,11:49:42,24202.85,24197.15,275,24202.85,150,0,1203675
NIFTY-II.NFO,05/08/2024,11:49:44,24202.85,24198.2,275,24202.8,175,0,1203675
NIFTY-II.NFO,05/08/2024,11:49:45,24203.2,24196.85,275,24202.4,300,825,1203675
NIFTY-II.NFO,05/08/2024,11:49:47,24202.85,24200.05,100,24203.65,175,50,1203675
NIFTY-II.NFO,05/08/2024,11:49:49,24202.85,24199.55,200,24202,200,0,1203675
NIFTY-II.NFO,05/08/2024,11:49:50,24202.85,24200.3,350,24202,200,0,1203675
NIFTY-II.NFO,05/08/2024,11:49:52,24202.85,24200.75,275,24202.85,25,225,1203675
NIFTY-II.NFO,05/08/2024,11:49:54,24205,24201.05,100,24205,825,225,1203675
NIFTY-II.NFO,05/08/2024,11:49:55,24200.05,24200.05,300,24204.85,25,25,1203675
NIFTY-II.NFO,05/08/2024,11:49:57,24202.3,24203.05,200,24205,825,25,1203675
NIFTY-II.NFO,05/08/2024,11:49:59,24205,24204.2,250,24205,50,800,1203675
NIFTY-II.NFO,05/08/2024,11:50:00,24205,24203.25,325,24205,50,0,1203675
NIFTY-II.NFO,05/08/2024,11:50:02,24205,24204.2,200,24205,75,0,1203675
NIFTY-II.NFO,05/08/2024,11:50:04,24204.55,24204.25,200,24205,75,25,1203675
NIFTY-II.NFO,05/08/2024,11:50:05,24204.55,24204.6,275,24205,100,0,1203675
NIFTY-II.NFO,05/08/2024,11:50:07,24210,24209.05,25,24213.3,200,125,1203675
NIFTY-II.NFO,05/08/2024,11:50:08,24211.4,24205.15,275,24211.7,200,150,1203675
NIFTY-II.NFO,05/08/2024,11:50:10,24212.9,24209.1,275,24213.35,25,50,1203675
NIFTY-II.NFO,05/08/2024,11:50:12,24215.8,24208.45,125,24215.65,275,250,1203675
NIFTY-II.NFO,05/08/2024,11:50:13,24215.6,24210.6,275,24215.65,25,75,1203675
NIFTY-II.NFO,05/08/2024,11:50:15,24214.55,24210.2,275,24215.1,125,75,1203675
NIFTY-II.NFO,05/08/2024,11:50:17,24210.05,24207.5,125,24213.7,375,25,1203675
NIFTY-II.NFO,05/08/2024,11:50:18,24206.45,24206.45,200,24210.05,50,100,1203675
NIFTY-II.NFO,05/08/2024,11:50:20,24211.75,24206.75,275,24211.8,250,175,1203675
NIFTY-II.NFO,05/08/2024,11:50:22,24212.3,24205.8,50,24212.3,300,150,1203675
NIFTY-II.NFO,05/08/2024,11:50:23,24212.3,24205,25,24209.85,250,0,1203675
NIFTY-II.NFO,05/08/2024,11:50:25,24212.3,24205,25,24209.95,125,0,1203675
NIFTY-II.NFO,05/08/2024,11:50:27,24205,24203,25,24209,250,225,1203675
NIFTY-II.NFO,05/08/2024,11:50:28,24203,24200.05,275,24206.85,275,50,1203675
NIFTY-II.NFO,05/08/2024,11:50:30,24205.55,24200.05,300,24207.05,150,25,1203675
NIFTY-II.NFO,05/08/2024,11:50:32,24204.35,24200.05,275,24205.95,75,25,1203675
NIFTY-II.NFO,05/08/2024,11:50:33,24205.95,24200,75,24205.3,250,25,1203675
NIFTY-II.NFO,05/08/2024,11:50:35,24204.95,24200,75,24204.95,125,25,1203675
NIFTY-II.NFO,05/08/2024,11:50:37,24204.95,24200,75,24203.6,250,0,1203675
NIFTY-II.NFO,05/08/2024,11:50:38,24204.35,24200,75,24204.2,250,25,1203675
NIFTY-II.NFO,05/08/2024,11:50:40,24204.35,24200,75,24203.35,150,0,1203675
NIFTY-II.NFO,05/08/2024,11:50:42,24203.2,24200.1,200,24205.35,25,25,1203675
NIFTY-II.NFO,05/08/2024,11:50:43,24203.35,24200,75,24203.3,250,75,1203675
NIFTY-II.NFO,05/08/2024,11:50:45,24200,24200,50,24202.05,250,50,1203675
NIFTY-II.NFO,05/08/2024,11:50:47,24203.2,24201.05,25,24204.1,250,50,1203675
NIFTY-II.NFO,05/08/2024,11:50:49,24203.2,24202.05,25,24206.2,25,0,1203675
NIFTY-II.NFO,05/08/2024,11:50:50,24202.05,24200,50,24202.7,250,50,1203675
NIFTY-II.NFO,05/08/2024,11:50:52,24202.05,24200,50,24203.2,300,0,1203675
NIFTY-II.NFO,05/08/2024,11:50:54,24202.05,24200,25,24203,250,0,1203675
NIFTY-II.NFO,05/08/2024,11:50:55,24198.2,24195.05,25,24200.35,125,50,1203675
NIFTY-II.NFO,05/08/2024,11:50:57,24198.2,24195.05,25,24198.55,125,0,1203675
NIFTY-II.NFO,05/08/2024,11:50:59,24199.2,24195.1,275,24200.95,150,75,1203675
NIFTY-II.NFO,05/08/2024,11:51:00,24197.55,24195.05,25,24195.3,250,25,1203675
NIFTY-II.NFO,05/08/2024,11:51:02,24193.95,24190.75,200,24194.95,25,100,1203675
NIFTY-II.NFO,05/08/2024,11:51:04,24195.75,24190,100,24192.9,125,50,1203675
NIFTY-II.NFO,05/08/2024,11:51:05,24195.75,24190,100,24192.95,25,0,1203675
NIFTY-II.NFO,05/08/2024,11:51:07,24195.75,24190,100,24191.2,50,0,1203675
NIFTY-II.NFO,05/08/2024,11:51:09,24187.35,24187,200,24190.95,25,225,1203675
NIFTY-II.NFO,05/08/2024,11:51:10,24190.95,24187.35,200,24190.95,25,25,1203675
NIFTY-II.NFO,05/08/2024,11:51:12,24190.95,24187.05,200,24190.95,25,0,1203675
NIFTY-II.NFO,05/08/2024,11:51:14,24185.95,24186.15,25,24191.9,275,375,1203675
NIFTY-II.NFO,05/08/2024,11:51:15,24187.9,24181.15,275,24186.9,100,375,1203675
NIFTY-II.NFO,05/08/2024,11:51:17,24188.45,24187.05,200,24192.8,50,75,1203675
NIFTY-II.NFO,05/08/2024,11:51:20,24180,24180.05,225,24184.9,200,300,1203675
NIFTY-II.NFO,05/08/2024,11:51:22,24180,24180,50,24182.6,200,0,1203675
NIFTY-II.NFO,05/08/2024,11:51:23,24180,24180,50,24182.9,200,0,1203675
NIFTY-II.NFO,05/08/2024,11:51:25,24175.2,24175.05,200,24180.8,275,75,1203675
NIFTY-II.NFO,05/08/2024,11:51:27,24175.2,24175.05,225,24181.95,25,0,1203675
NIFTY-II.NFO,05/08/2024,11:51:28,24183.35,24177.15,150,24183.25,25,25,1203675
NIFTY-II.NFO,05/08/2024,11:51:30,24176.1,24175.05,200,24180.95,100,25,1203675
NIFTY-II.NFO,05/08/2024,11:51:32,24175.05,24175.05,175,24179.95,25,25,1203675
NIFTY-II.NFO,05/08/2024,11:51:33,24175.05,24175.05,175,24179.95,25,0,1203675
NIFTY-II.NFO,05/08/2024,11:51:35,24175.05,24177.7,175,24183.95,25,0,1203675
NIFTY-II.NFO,05/08/2024,11:51:37,24175.05,24177.15,100,24183.9,200,0,1203675
NIFTY-II.NFO,05/08/2024,11:51:38,24175.05,24180.75,175,24185.95,25,0,1203675
NIFTY-II.NFO,05/08/2024,11:51:40,24175.05,24179.4,175,24184.95,100,0,1203675
NIFTY-II.NFO,05/08/2024,11:51:42,24175.05,24181.45,100,24188.9,200,0,1203675
NIFTY-II.NFO,05/08/2024,11:51:43,24175.05,24187.45,175,24191.85,25,0,1203675
NIFTY-II.NFO,05/08/2024,11:51:45,24191.7,24185.15,200,24190.9,275,25,1203675
NIFTY-II.NFO,05/08/2024,11:51:47,24191.7,24188,125,24192.4,200,0,1203675
NIFTY-II.NFO,05/08/2024,11:51:48,24191.7,24187.8,250,24192.45,50,0,1203675
NIFTY-II.NFO,05/08/2024,11:51:50,24192.4,24188.45,225,24193.4,200,25,1203675
NIFTY-II.NFO,05/08/2024,11:51:52,24189.55,24188.15,125,24193.4,200,100,1203675
NIFTY-II.NFO,05/08/2024,11:51:53,24189.55,24187.15,50,24192.9,200,0,1203675
NIFTY-II.NFO,05/08/2024,11:51:55,24188.4,24188.4,100,24193.45,200,25,1203675
NIFTY-II.NFO,05/08/2024,11:51:57,24192.4,24185.05,50,24191.55,275,25,1203675
NIFTY-II.NFO,05/08/2024,11:51:58,24192.4,24185.4,50,24191.2,200,0,1203675
NIFTY-II.NFO,05/08/2024,11:52:00,24191.4,24187.85,175,24192.45,25,50,1203675
NIFTY-II.NFO,05/08/2024,11:52:02,24187.2,24185.35,150,24191.3,275,25,1205025
NIFTY-II.NFO,05/08/2024,11:52:03,24187.2,24187.5,150,24193.25,275,0,1205025
NIFTY-II.NFO,05/08/2024,11:52:05,24187.2,24185,25,24190.2,200,0,1205025
NIFTY-II.NFO,05/08/2024,11:52:07,24187.2,24187.2,25,24190.9,200,0,1205025
NIFTY-II.NFO,05/08/2024,11:52:08,24187.2,24187.2,25,24189.95,25,0,1205025
NIFTY-II.NFO,05/08/2024,11:52:10,24189.9,24187.2,25,24191.9,200,25,1205025
NIFTY-II.NFO,05/08/2024,11:52:12,24189.9,24187.2,50,24189.85,200,0,1205025
NIFTY-II.NFO,05/08/2024,11:52:13,24189.9,24187.2,50,24189.5,200,0,1205025
NIFTY-II.NFO,05/08/2024,11:52:15,24187.2,24187,25,24187.25,200,50,1205025
NIFTY-II.NFO,05/08/2024,11:52:16,24187,24185,50,24186.9,200,25,1205025
NIFTY-II.NFO,05/08/2024,11:52:18,24187,24185,50,24186.6,200,0,1205025
NIFTY-II.NFO,05/08/2024,11:52:20,24187,24185,50,24185.25,200,0,1205025
NIFTY-II.NFO,05/08/2024,11:52:22,24185,24180.05,175,24185.45,200,50,1205025
NIFTY-II.NFO,05/08/2024,11:52:23,24185,24180,50,24182.9,200,0,1205025
NIFTY-II.NFO,05/08/2024,11:52:25,24185,24180,50,24182.5,200,0,1205025
NIFTY-II.NFO,05/08/2024,11:52:27,24185,24182,25,24183,200,0,1205025
NIFTY-II.NFO,05/08/2024,11:52:28,24185.1,24182,25,24185.45,200,50,1205025
NIFTY-II.NFO,05/08/2024,11:52:30,24185.1,24182.25,150,24187.9,200,0,1205025
NIFTY-II.NFO,05/08/2024,11:52:32,24188.4,24182.05,150,24185.95,25,50,1205025
NIFTY-II.NFO,05/08/2024,11:52:33,24188.4,24182,25,24184.35,200,0,1205025
NIFTY-II.NFO,05/08/2024,11:52:35,24183.9,24180,50,24183.9,200,50,1205025
NIFTY-II.NFO,05/08/2024,11:52:37,24183.9,24180.05,275,24184.95,25,0,1205025
NIFTY-II.NFO,05/08/2024,11:52:38,24183.9,24185,50,24186.9,275,0,1205025
NIFTY-II.NFO,05/08/2024,11:52:40,24185,24180.05,200,24183.95,25,50,1205025
NIFTY-II.NFO,05/08/2024,11:52:42,24185,24180,50,24182.85,200,0,1205025
NIFTY-II.NFO,05/08/2024,11:52:43,24176.5,24176.8,50,24182.95,100,1000,1205025
NIFTY-II.NFO,05/08/2024,11:52:45,24183.7,24180,25,24183.65,250,75,1205025
NIFTY-II.NFO,05/08/2024,11:52:46,24183.7,24180,25,24182.7,325,0,1205025
NIFTY-II.NFO,05/08/2024,11:52:48,24180,24176.1,50,24180.95,25,25,1205025
NIFTY-II.NFO,05/08/2024,11:52:50,24180,24176,50,24181.5,100,0,1205025
NIFTY-II.NFO,05/08/2024,11:52:51,24180,24178.45,50,24185.6,325,0,1205025
NIFTY-II.NFO,05/08/2024,11:52:53,24180,24182.1,50,24185,25,0,1205025
NIFTY-II.NFO,05/08/2024,11:52:55,24185,24183.4,50,24188.95,100,25,1205025
NIFTY-II.NFO,05/08/2024,11:52:56,24187.95,24183.4,50,24186.95,25,25,1205025
NIFTY-II.NFO,05/08/2024,11:52:58,24187.95,24177.75,50,24181.95,25,0,1205025
NIFTY-II.NFO,05/08/2024,11:53:00,24184.7,24178.3,50,24182.95,25,250,1205025
NIFTY-II.NFO,05/08/2024,11:53:01,24184.7,24177.9,50,24181.95,25,0,1205025
NIFTY-II.NFO,05/08/2024,11:53:03,24184.7,24177.7,50,24180.95,25,0,1205025
NIFTY-II.NFO,05/08/2024,11:53:05,24184.7,24176.55,50,24181.95,100,0,1205025
NIFTY-II.NFO,05/08/2024,11:53:06,24184.7,24176.55,50,24180.95,25,0,1205025
NIFTY-II.NFO,05/08/2024,11:53:08,24184.7,24176.55,50,24180.95,100,0,1205025
NIFTY-II.NFO,05/08/2024,11:53:10,24184.7,24176.5,25,24179.9,275,0,1205025
NIFTY-II.NFO,05/08/2024,11:53:11,24184.7,24176.5,25,24181.45,275,0,1205025
NIFTY-II.NFO,05/08/2024,11:53:13,24184.7,24176.5,25,24181.35,275,0,1205025
NIFTY-II.NFO,05/08/2024,11:53:15,24180.9,24176.5,25,24179.9,275,25,1205025
NIFTY-II.NFO,05/08/2024,11:53:16,24175.2,24176.75,125,24182.9,200,50,1205025
NIFTY-II.NFO,05/08/2024,11:53:18,24175.2,24175.95,75,24179.95,25,0,1205025
NIFTY-II.NFO,05/08/2024,11:53:19,24179.95,24175.9,75,24180.9,275,25,1205025
NIFTY-II.NFO,05/08/2024,11:53:21,24179.95,24176.05,75,24183,275,0,1205025
NIFTY-II.NFO,05/08/2024,11:53:23,24179.95,24179.15,75,24184.65,200,0,1205025
NIFTY-II.NFO,05/08/2024,11:53:24,24183.05,24183.1,75,24189.5,275,50,1205025
NIFTY-II.NFO,05/08/2024,11:53:26,24183.05,24181.6,75,24187.9,275,0,1205025
NIFTY-II.NFO,05/08/2024,11:53:28,24183.05,24177.95,75,24183.9,275,0,1205025
NIFTY-II.NFO,05/08/2024,11:53:29,24183.05,24181.1,75,24188.35,275,25,1205025
NIFTY-II.NFO,05/08/2024,11:53:31,24186.9,24181.3,175,24186.9,275,100,1205025
NIFTY-II.NFO,05/08/2024,11:53:33,24186.9,24179.7,50,24184.9,200,0,1205025
NIFTY-II.NFO,05/08/2024,11:53:34,24186.9,24179.35,175,24184.9,275,0,1205025
NIFTY-II.NFO,05/08/2024,11:53:36,24183.9,24179.3,75,24182.9,100,125,1205025
NIFTY-II.NFO,05/08/2024,11:53:38,24183.9,24176.05,200,24180.9,175,0,1205025
NIFTY-II.NFO,05/08/2024,11:53:39,24183.9,24176.05,200,24179.95,25,0,1205025
NIFTY-II.NFO,05/08/2024,11:53:41,24176,24175.35,200,24179.9,175,25,1205025
NIFTY-II.NFO,05/08/2024,11:53:42,24179.9,24175.3,75,24179.45,150,25,1205025
NIFTY-II.NFO,05/08/2024,11:53:44,24175.3,24175.2,50,24177.45,150,75,1205025
NIFTY-II.NFO,05/08/2024,11:53:46,24177.35,24175.2,50,24177.5,25,25,1205025
NIFTY-II.NFO,05/08/2024,11:53:47,24177.35,24175.2,50,24180.15,50,0,1205025
NIFTY-II.NFO,05/08/2024,11:53:49,24177.35,24175.25,200,24177.35,25,0,1205025
NIFTY-II.NFO,05/08/2024,11:53:51,24177.35,24175.3,25,24177.35,25,0,1205025
NIFTY-II.NFO,05/08/2024,11:53:56,24177.35,24175.3,25,24178.55,50,25,1205025
NIFTY-II.NFO,05/08/2024,11:53:57,24177.35,24175.3,25,24178.9,125,0,1205025
NIFTY-II.NFO,05/08/2024,11:53:59,24177.35,24175.3,25,24179.1,125,0,1205025
NIFTY-II.NFO,05/08/2024,11:54:00,24175.3,24175.2,50,24177,25,125,1205025
NIFTY-II.NFO,05/08/2024,11:54:02,24175.3,24175.2,50,24178.8,125,0,1205025
NIFTY-II.NFO,05/08/2024,11:54:04,24175.3,24175.2,50,24177.6,125,0,1205025
NIFTY-II.NFO,05/08/2024,11:54:05,24175,24175,550,24175.6,75,1150,1205025
NIFTY-II.NFO,05/08/2024,11:54:07,24175,24175,550,24177.25,125,0,1205025
NIFTY-II.NFO,05/08/2024,11:54:09,24175,24175,525,24178.85,125,25,1205025
NIFTY-II.NFO,05/08/2024,11:54:10,24176.75,24175,500,24176.8,250,75,1205025
NIFTY-II.NFO,05/08/2024,11:54:12,24176.8,24175,500,24176.8,75,25,1205025
NIFTY-II.NFO,05/08/2024,11:54:14,24176.8,24175,500,24176.95,325,0,1205025
NIFTY-II.NFO,05/08/2024,11:54:15,24176.8,24175,500,24177.95,250,0,1205025
NIFTY-II.NFO,05/08/2024,11:54:17,24176.8,24175,500,24177.95,325,0,1205025
NIFTY-II.NFO,05/08/2024,11:54:19,24178.65,24175,350,24179,325,175,1205025
NIFTY-II.NFO,05/08/2024,11:54:20,24175,24175,325,24176.5,50,25,1205025
NIFTY-II.NFO,05/08/2024,11:54:22,24180,24177.75,200,24180,25,25,1205025
NIFTY-II.NFO,05/08/2024,11:54:24,24180,24178.6,200,24182,25,25,1205025
NIFTY-II.NFO,05/08/2024,11:54:25,24180,24175.15,50,24178.75,250,0,1205025
NIFTY-II.NFO,05/08/2024,11:54:27,24177.95,24175,325,24178.85,250,25,1205025
NIFTY-II.NFO,05/08/2024,11:54:28,24176.4,24175.45,50,24181.05,250,50,1205025
NIFTY-II.NFO,05/08/2024,11:54:30,24176.4,24175.4,50,24180.85,250,0,1205025
NIFTY-II.NFO,05/08/2024,11:54:32,24175,24175,175,24178.35,250,225,1205025
NIFTY-II.NFO,05/08/2024,11:54:33,24176.4,24175,150,24176.3,425,175,1205025
NIFTY-II.NFO,05/08/2024,11:54:35,24176.4,24175,150,24176.3,425,0,1205025
NIFTY-II.NFO,05/08/2024,11:54:37,24175,24174,25,24175.1,300,200,1205025
NIFTY-II.NFO,05/08/2024,11:54:38,24174.95,24172,25,24175.1,250,75,1205025
NIFTY-II.NFO,05/08/2024,11:54:40,24173.7,24169.25,200,24173.7,75,325,1205025
NIFTY-II.NFO,05/08/2024,11:54:42,24172.95,24168.65,200,24173.45,275,25,1205025
NIFTY-II.NFO,05/08/2024,11:54:43,24173.45,24168.05,200,24173.45,250,25,1205025
NIFTY-II.NFO,05/08/2024,11:54:45,24165,24165,125,24165.75,250,50,1205025
NIFTY-II.NFO,05/08/2024,11:54:47,24162,24160,325,24162.15,225,325,1205025
NIFTY-II.NFO,05/08/2024,11:54:48,24159.95,24157.1,200,24162.65,225,425,1205025
NIFTY-II.NFO,05/08/2024,11:54:50,24159.95,24154.15,200,24159.95,275,0,1205025
NIFTY-II.NFO,05/08/2024,11:54:51,24159.95,24154.45,200,24160,25,0,1205025
NIFTY-II.NFO,05/08/2024,11:54:53,24159.95,24154.85,250,24160,100,0,1205025
NIFTY-II.NFO,05/08/2024,11:54:55,24159.95,24157.4,200,24160,25,0,1205025
NIFTY-II.NFO,05/08/2024,11:54:56,24159.95,24157.55,250,24160,25,0,1205025
NIFTY-II.NFO,05/08/2024,11:54:58,24160,24167.7,50,24171.95,150,25,1205025
NIFTY-II.NFO,05/08/2024,11:55:00,24172.75,24167.65,50,24170.85,425,50,1205025
NIFTY-II.NFO,05/08/2024,11:55:01,24172.75,24167.1,200,24172.45,100,0,1205025
NIFTY-II.NFO,05/08/2024,11:55:03,24172.75,24168.3,200,24173.65,200,0,1205025
NIFTY-II.NFO,05/08/2024,11:55:05,24168.2,24167.9,200,24172.9,200,100,1206950
NIFTY-II.NFO,05/08/2024,11:55:06,24168.2,24168.3,200,24173.7,25,0,1206950
NIFTY-II.NFO,05/08/2024,11:55:08,24168.2,24172.8,175,24173.7,25,0,1206950
NIFTY-II.NFO,05/08/2024,11:55:10,24172.8,24172.8,150,24174.55,50,25,1206950
NIFTY-II.NFO,05/08/2024,11:55:11,24172.8,24172.8,150,24175,50,0,1206950
NIFTY-II.NFO,05/08/2024,11:55:15,24172.8,24172.8,150,24174.65,250,0,1206950
NIFTY-II.NFO,05/08/2024,11:55:16,24169.9,24165.65,200,24170.9,100,175,1206950
NIFTY-II.NFO,05/08/2024,11:55:18,24165.65,24165.9,250,24171.3,50,25,1206950
NIFTY-II.NFO,05/08/2024,11:55:19,24165.65,24166,200,24171.6,50,0,1206950
NIFTY-II.NFO,05/08/2024,11:55:21,24165.65,24165,25,24167.9,25,0,1206950
NIFTY-II.NFO,05/08/2024,11:55:23,24167.35,24165,25,24166.55,275,25,1206950
NIFTY-II.NFO,05/08/2024,11:55:24,24165,24158,25,24161.5,100,25,1206950
NIFTY-II.NFO,05/08/2024,11:55:26,24165,24159.45,200,24164.6,100,0,1206950
NIFTY-II.NFO,05/08/2024,11:55:28,24165,24161.85,200,24167.5,25,25,1206950
NIFTY-II.NFO,05/08/2024,11:55:29,24167.5,24162.05,200,24167.9,425,25,1206950
NIFTY-II.NFO,05/08/2024,11:55:31,24167.5,24163.1,200,24168.1,250,0,1206950
NIFTY-II.NFO,05/08/2024,11:55:33,24167.5,24162.7,250,24167.95,100,0,1206950
NIFTY-II.NFO,05/08/2024,11:55:34,24167.5,24165.1,200,24170,50,0,1206950
NIFTY-II.NFO,05/08/2024,11:55:36,24167.5,24165.2,200,24170,50,0,1206950
NIFTY-II.NFO,05/08/2024,11:55:38,24167.5,24166.35,200,24170,50,0,1206950
NIFTY-II.NFO,05/08/2024,11:55:39,24167.5,24166.9,200,24170,50,0,1206950
NIFTY-II.NFO,05/08/2024,11:55:41,24167.5,24167.5,50,24170,50,0,1206950
NIFTY-II.NFO,05/08/2024,11:55:44,24167.5,24167.5,50,24170,100,0,1206950
NIFTY-II.NFO,05/08/2024,11:55:46,24167.5,24162.15,200,24167.7,375,50,1206950
NIFTY-II.NFO,05/08/2024,11:55:48,24165.25,24160.2,50,24165.05,100,150,1206950
NIFTY-II.NFO,05/08/2024,11:55:49,24165.85,24161.05,200,24166.85,50,50,1206950
NIFTY-II.NFO,05/08/2024,11:55:51,24168.5,24161,50,24165.65,200,50,1206950
NIFTY-II.NFO,05/08/2024,11:55:53,24167.25,24161.45,200,24166.95,100,75,1206950
NIFTY-II.NFO,05/08/2024,11:55:54,24166.2,24161.2,50,24165.6,100,25,1206950
NIFTY-II.NFO,05/08/2024,11:55:56,24160.4,24161.2,200,24167.7,125,100,1206950
NIFTY-II.NFO,05/08/2024,11:55:58,24168.9,24163.55,200,24168.95,25,75,1206950
NIFTY-II.NFO,05/08/2024,11:55:59,24163.95,24163.9,50,24168.05,25,50,1206950
NIFTY-II.NFO,05/08/2024,11:56:01,24163.5,24169.05,25,24169.3,50,100,1206950
NIFTY-II.NFO,05/08/2024,11:56:03,24169.85,24163.9,250,24169.9,325,125,1206950
NIFTY-II.NFO,05/08/2024,11:56:04,24169.85,24163.55,200,24169.8,250,50,1206950
NIFTY-II.NFO,05/08/2024,11:56:06,24163.3,24163.25,50,24168.6,125,75,1206950
NIFTY-II.NFO,05/08/2024,11:56:08,24168.7,24163.8,200,24168.75,425,50,1206950
NIFTY-II.NFO,05/08/2024,11:56:09,24170,24168.1,200,24170.85,25,75,1206950
NIFTY-II.NFO,05/08/2024,11:56:11,24173.9,24168.65,50,24173.95,250,75,1206950
NIFTY-II.NFO,05/08/2024,11:56:13,24174.7,24169.6,200,24174.75,175,50,1206950
NIFTY-II.NFO,05/08/2024,11:56:14,24175,24170.05,25,24174.95,250,25,1206950
NIFTY-II.NFO,05/08/2024,11:56:16,24175,24170.9,50,24177.2,325,50,1206950
NIFTY-II.NFO,05/08/2024,11:56:18,24177.2,24173.05,25,24177.4,200,25,1206950
NIFTY-II.NFO,05/08/2024,11:56:19,24178.15,24174.05,25,24178.4,200,75,1206950
NIFTY-II.NFO,05/08/2024,11:56:21,24180,24177.05,25,24180,1550,75,1206950
NIFTY-II.NFO,05/08/2024,11:56:23,24179.65,24173.1,50,24179.65,75,50,1206950
NIFTY-II.NFO,05/08/2024,11:56:24,24179.55,24176.05,25,24179.6,175,100,1206950
NIFTY-II.NFO,05/08/2024,11:56:26,24179,24172.1,50,24178.4,75,50,1206950
NIFTY-II.NFO,05/08/2024,11:56:28,24178.2,24172.45,25,24177.1,250,25,1206950
NIFTY-II.NFO,05/08/2024,11:56:29,24179.45,24174.1,50,24178.8,325,50,1206950
NIFTY-II.NFO,05/08/2024,11:56:31,24180,24176.1,50,24180,1500,50,1206950
NIFTY-II.NFO,05/08/2024,11:56:33,24178.1,24177.15,50,24180,1475,50,1206950
NIFTY-II.NFO,05/08/2024,11:56:34,24180,24175.75,200,24180,1425,75,1206950
NIFTY-II.NFO,05/08/2024,11:56:36,24177.1,24177.1,50,24180,1375,100,1206950
NIFTY-II.NFO,05/08/2024,11:56:38,24180,24172.6,200,24178.95,100,25,1206950
NIFTY-II.NFO,05/08/2024,11:56:39,24179.5,24173.4,50,24179.5,200,200,1206950
NIFTY-II.NFO,05/08/2024,11:56:41,24179.5,24169.85,25,24174.8,150,0,1206950
NIFTY-II.NFO,05/08/2024,11:56:42,24174.05,24169.85,25,24174.05,50,300,1206950
NIFTY-II.NFO,05/08/2024,11:56:44,24174.75,24169.9,50,24174.75,50,25,1206950
NIFTY-II.NFO,05/08/2024,11:56:46,24174.75,24170.75,50,24175.75,125,0,1206950
NIFTY-II.NFO,05/08/2024,11:56:47,24170.8,24170.3,275,24175.6,25,25,1206950
NIFTY-II.NFO,05/08/2024,11:56:49,24170.8,24169.85,25,24174.9,100,0,1206950
NIFTY-II.NFO,05/08/2024,11:56:51,24174.7,24171.25,275,24176.05,25,25,1206950
NIFTY-II.NFO,05/08/2024,11:56:52,24176.05,24172.8,25,24176.7,25,25,1206950
NIFTY-II.NFO,05/08/2024,11:56:54,24176.05,24172.8,25,24176.75,25,0,1206950
NIFTY-II.NFO,05/08/2024,11:56:56,24176.05,24174.6,25,24177.55,75,0,1206950
NIFTY-II.NFO,05/08/2024,11:56:57,24176.05,24174.75,200,24180,1525,0,1206950
NIFTY-II.NFO,05/08/2024,11:56:59,24176.05,24173,25,24176.95,25,0,1206950
NIFTY-II.NFO,05/08/2024,11:57:00,24176.05,24173,25,24177.9,125,0,1206950
NIFTY-II.NFO,05/08/2024,11:57:02,24176.05,24172.5,25,24176.75,75,0,1206950
NIFTY-II.NFO,05/08/2024,11:57:04,24176.05,24172.5,25,24176.85,250,0,1206950
NIFTY-II.NFO,05/08/2024,11:57:05,24176.05,24172.5,25,24175.5,250,0,1206950
NIFTY-II.NFO,05/08/2024,11:57:07,24176.05,24170.3,250,24174.65,425,0,1206950
NIFTY-II.NFO,05/08/2024,11:57:09,24176.05,24175,25,24176.7,275,0,1206950
NIFTY-II.NFO,05/08/2024,11:57:10,24176.05,24175,25,24176.7,325,0,1206950
NIFTY-II.NFO,05/08/2024,11:57:15,24173.7,24170.7,25,24173.95,25,50,1206950
NIFTY-II.NFO,05/08/2024,11:57:17,24173.7,24170.7,25,24173.95,325,0,1206950
NIFTY-II.NFO,05/08/2024,11:57:18,24173.7,24170.7,25,24172.85,325,0,1206950
NIFTY-II.NFO,05/08/2024,11:57:20,24173.7,24169.8,25,24172.4,325,0,1206950
NIFTY-II.NFO,05/08/2024,11:57:22,24173.7,24169.8,25,24171.4,425,0,1206950
NIFTY-II.NFO,05/08/2024,11:57:24,24169.8,24167.6,25,24169.75,250,25,1206950
NIFTY-II.NFO,05/08/2024,11:57:25,24167.8,24168,25,24170.25,425,50,1206950
NIFTY-II.NFO,05/08/2024,11:57:27,24167.8,24166.6,25,24169.55,500,0,1206950
NIFTY-II.NFO,05/08/2024,11:57:29,24167.8,24166.65,200,24170.95,25,0,1206950
NIFTY-II.NFO,05/08/2024,11:57:30,24167.8,24168.9,25,24170.95,50,0,1206950
NIFTY-II.NFO,05/08/2024,11:57:32,24172.05,24172.3,175,24177.45,25,275,1206950
NIFTY-II.NFO,05/08/2024,11:57:33,24172.05,24172.1,25,24175.9,325,0,1206950
NIFTY-II.NFO,05/08/2024,11:57:35,24172.05,24170.9,25,24174.2,200,0,1206950
NIFTY-II.NFO,05/08/2024,11:57:37,24172.05,24171.4,250,24175.85,75,0,1206950
NIFTY-II.NFO,05/08/2024,11:57:38,24180,24180.05,50,24185,50,1450,1206950
NIFTY-II.NFO,05/08/2024,11:57:40,24186,24182.3,125,24187.8,25,100,1206950
NIFTY-II.NFO,05/08/2024,11:57:42,24186,24182.3,125,24187.8,275,0,1206950
NIFTY-II.NFO,05/08/2024,11:57:43,24187.6,24184.35,25,24187.8,25,25,1206950
NIFTY-II.NFO,05/08/2024,11:57:45,24186.6,24186.6,25,24189.5,25,25,1206950
NIFTY-II.NFO,05/08/2024,11:57:47,24186.6,24187.15,50,24190.5,300,0,1206950
NIFTY-II.NFO,05/08/2024,11:57:48,24190.5,24187.15,50,24190.75,250,250,1206950
NIFTY-II.NFO,05/08/2024,11:57:50,24190.5,24188.05,50,24191.9,450,0,1206950
NIFTY-II.NFO,05/08/2024,11:57:52,24190.5,24184.15,25,24187.9,200,0,1206950
NIFTY-II.NFO,05/08/2024,11:57:53,24190.5,24181.85,25,24185.75,450,0,1206950
NIFTY-II.NFO,05/08/2024,11:57:55,24190.5,24179.95,25,24183.25,200,0,1206950
NIFTY-II.NFO,05/08/2024,11:57:57,24183.25,24182.1,125,24185.85,25,25,1206950
NIFTY-II.NFO,05/08/2024,11:57:58,24183.25,24186.35,50,24190.6,50,0,1206950
NIFTY-II.NFO,05/08/2024,11:58:00,24190.5,24190.5,150,24191.2,25,100,1206950
NIFTY-II.NFO,05/08/2024,11:58:02,24190.5,24190.5,150,24191.2,25,0,1206950
NIFTY-II.NFO,05/08/2024,11:58:03,24190.5,24190.5,150,24192.95,200,0,1206950
NIFTY-II.NFO,05/08/2024,11:58:05,24190.5,24189.3,25,24191.8,200,150,1207700
NIFTY-II.NFO,05/08/2024,11:58:07,24193,24187.8,25,24191.9,200,25,1207700
NIFTY-II.NFO,05/08/2024,11:58:08,24193,24183.7,50,24189.15,275,0,1207700
NIFTY-II.NFO,05/08/2024,11:58:10,24193,24185.55,50,24190,200,0,1207700
NIFTY-II.NFO,05/08/2024,11:58:12,24193,24186.45,25,24190.65,200,0,1207700
NIFTY-II.NFO,05/08/2024,11:58:13,24193,24183.7,50,24187.9,25,0,1207700
NIFTY-II.NFO,05/08/2024,11:58:15,24185.9,24183.8,25,24185.9,225,175,1207700
NIFTY-II.NFO,05/08/2024,11:58:17,24185.9,24183.6,25,24186.75,225,25,1207700
NIFTY-II.NFO,05/08/2024,11:58:18,24185.9,24177.25,200,24183.9,275,0,1207700
NIFTY-II.NFO,05/08/2024,11:58:20,24185.9,24178.75,25,24182.9,275,0,1207700
NIFTY-II.NFO,05/08/2024,11:58:22,24182.95,24178.75,25,24182.9,275,50,1207700
NIFTY-II.NFO,05/08/2024,11:58:23,24182.95,24178.75,25,24182.9,275,0,1207700
NIFTY-II.NFO,05/08/2024,11:58:25,24181,24178.65,25,24181.4,50,100,1207700
NIFTY-II.NFO,05/08/2024,11:58:27,24181,24178.65,25,24181.4,50,0,1207700
NIFTY-II.NFO,05/08/2024,11:58:28,24179.5,24179.5,25,24180.3,25,25,1207700
NIFTY-II.NFO,05/08/2024,11:58:30,24173.7,24173.05,25,24177.95,75,100,1207700
NIFTY-II.NFO,05/08/2024,11:58:32,24173.7,24174.4,25,24177.9,125,0,1207700
NIFTY-II.NFO,05/08/2024,11:58:33,24177.95,24174.4,25,24178.35,225,25,1207700
NIFTY-II.NFO,05/08/2024,11:58:35,24178.35,24173.7,25,24175.6,150,50,1207700
NIFTY-II.NFO,05/08/2024,11:58:37,24173.95,24173.95,225,24175.85,175,50,1207700
NIFTY-II.NFO,05/08/2024,11:58:38,24174.2,24172.1,25,24174.2,25,250,1207700
NIFTY-II.NFO,05/08/2024,11:58:40,24174.05,24171.5,25,24174.1,25,125,1207700
NIFTY-II.NFO,05/08/2024,11:58:42,24172.7,24173.35,25,24176.15,25,275,1207700
NIFTY-II.NFO,05/08/2024,11:58:43,24172.7,24175.25,200,24177.85,25,0,1207700
NIFTY-II.NFO,05/08/2024,11:58:45,24177.1,24177.7,275,24183,25,50,1207700
NIFTY-II.NFO,05/08/2024,11:58:47,24177.1,24178.1,50,24182.95,100,0,1207700
NIFTY-II.NFO,05/08/2024,11:58:48,24183,24182.3,200,24187.1,50,25,1207700
NIFTY-II.NFO,05/08/2024,11:58:50,24183,24184.3,50,24188.6,175,0,1207700
NIFTY-II.NFO,05/08/2024,11:58:53,24183,24186.6,50,24190.75,100,0,1207700
NIFTY-II.NFO,05/08/2024,11:58:55,24190.75,24186.55,25,24189,250,25,1207700
NIFTY-II.NFO,05/08/2024,11:58:57,24190.75,24186.55,25,24188.9,25,0,1207700
NIFTY-II.NFO,05/08/2024,11:58:58,24187.05,24184.05,50,24187.75,425,100,1207700
NIFTY-II.NFO,05/08/2024,11:59:00,24187.05,24183.05,50,24187.6,250,0,1207700
NIFTY-II.NFO,05/08/2024,11:59:02,24187.05,24183,500,24185.1,250,0,1207700
NIFTY-II.NFO,05/08/2024,11:59:03,24183,24176.5,25,24181,675,525,1207700
NIFTY-II.NFO,05/08/2024,11:59:05,24183,24175,25,24179.2,25,0,1207700
NIFTY-II.NFO,05/08/2024,11:59:08,24177.2,24175,25,24177.75,25,50,1207700
NIFTY-II.NFO,05/08/2024,11:59:10,24172.7,24170.15,200,24172.65,100,175,1207700
NIFTY-II.NFO,05/08/2024,11:59:12,24170.15,24170,25,24173.9,150,100,1207700
NIFTY-II.NFO,05/08/2024,11:59:13,24170.15,24170,25,24173.8,650,0,1207700
NIFTY-II.NFO,05/08/2024,11:59:15,24170.15,24170,25,24173.75,175,0,1207700
NIFTY-II.NFO,05/08/2024,11:59:17,24170,24168.15,25,24169.95,150,25,1207700
NIFTY-II.NFO,05/08/2024,11:59:20,24167.65,24167.65,200,24172.15,25,175,1207700
NIFTY-II.NFO,05/08/2024,11:59:22,24171.65,24166.7,25,24170.9,325,50,1207700
NIFTY-II.NFO,05/08/2024,11:59:23,24171.65,24165.75,150,24169.95,25,0,1207700
NIFTY-II.NFO,05/08/2024,11:59:25,24170,24170,75,24173.75,500,50,1207700
NIFTY-II.NFO,05/08/2024,11:59:26,24170,24170,75,24174.25,525,0,1207700
NIFTY-II.NFO,05/08/2024,11:59:28,24171.95,24167.7,225,24172.8,200,125,1207700
NIFTY-II.NFO,05/08/2024,11:59:30,24166.5,24166.35,150,24170.95,25,125,1207700
NIFTY-II.NFO,05/08/2024,11:59:31,24172.4,24166.9,300,24172.25,200,25,1207700
NIFTY-II.NFO,05/08/2024,11:59:33,24172.5,24167.85,200,24172.55,425,150,1207700
NIFTY-II.NFO,05/08/2024,11:59:35,24167.25,24166.5,25,24170.3,100,25,1207700
NIFTY-II.NFO,05/08/2024,11:59:37,24167.25,24166.5,25,24170.25,100,0,1207700
NIFTY-II.NFO,05/08/2024,11:59:38,24166.2,24165,125,24167.95,25,100,1207700
NIFTY-II.NFO,05/08/2024,11:59:40,24166.2,24166.3,200,24170.65,25,0,1207700
NIFTY-II.NFO,05/08/2024,11:59:42,24166.2,24165,125,24167.5,25,0,1207700
NIFTY-II.NFO,05/08/2024,11:59:43,24166.2,24165,125,24167.95,25,0,1207700
NIFTY-II.NFO,05/08/2024,11:59:45,24168.75,24165.05,200,24168.75,25,400,1207700
NIFTY-II.NFO,05/08/2024,11:59:46,24166.4,24163,25,24166.65,25,225,1207700
NIFTY-II.NFO,05/08/2024,11:59:48,24163.05,24163.25,200,24168.7,25,50,1207700
NIFTY-II.NFO,05/08/2024,11:59:50,24163.05,24163.05,200,24167.45,175,0,1207700
NIFTY-II.NFO,05/08/2024,11:59:51,24163.05,24163.05,200,24167.5,25,0,1207700
NIFTY-II.NFO,05/08/2024,11:59:53,24163.05,24163.05,200,24168.6,25,0,1207700
NIFTY-II.NFO,05/08/2024,11:59:55,24163.05,24163,25,24167.25,50,0,1207700
NIFTY-II.NFO,05/08/2024,11:59:56,24163,24160,50,24163.25,175,25,1207700
NIFTY-II.NFO,05/08/2024,11:59:58,24163,24160.05,225,24164.1,25,0,1207700
NIFTY-II.NFO,05/08/2024,12:00:00,24163,24160.65,200,24165.7,175,0,1207700
NIFTY-II.NFO,05/08/2024,12:00:01,24160.3,24163,100,24163.05,25,25,1207700
NIFTY-II.NFO,05/08/2024,12:00:03,24163,24160,50,24162.9,100,100,1207700
NIFTY-II.NFO,05/08/2024,12:00:04,24163,24159.6,200,24163.05,25,250,1207700
NIFTY-II.NFO,05/08/2024,12:00:06,24159.6,24158.05,175,24162.55,75,50,1207700
NIFTY-II.NFO,05/08/2024,12:00:08,24162.5,24158,25,24159.6,300,25,1207700
NIFTY-II.NFO,05/08/2024,12:00:09,24162.5,24158,25,24159.6,300,0,1207700
NIFTY-II.NFO,05/08/2024,12:00:11,24158.9,24155,25,24158.9,175,50,1207700
NIFTY-II.NFO,05/08/2024,12:00:13,24158.9,24155,25,24159.1,325,0,1207700
NIFTY-II.NFO,05/08/2024,12:00:14,24154.25,24153.55,25,24159.25,275,300,1207700
NIFTY-II.NFO,05/08/2024,12:00:16,24154.25,24156.8,50,24163,250,0,1207700
NIFTY-II.NFO,05/08/2024,12:00:18,24162.9,24155.1,25,24161.8,250,25,1207700
NIFTY-II.NFO,05/08/2024,12:00:19,24162.9,24154.2,75,24158.75,25,0,1207700
NIFTY-II.NFO,05/08/2024,12:00:21,24162.9,24152.7,25,24157.95,25,0,1207700
NIFTY-II.NFO,05/08/2024,12:00:22,24162.9,24154.25,50,24156.75,100,0,1207700
NIFTY-II.NFO,05/08/2024,12:00:24,24162.9,24155.4,25,24159.85,25,0,1207700
NIFTY-II.NFO,05/08/2024,12:00:25,24155.05,24154.3,25,24158.7,200,25,1207700
NIFTY-II.NFO,05/08/2024,12:00:27,24155.05,24154.25,50,24156.55,25,0,1207700
NIFTY-II.NFO,05/08/2024,12:00:29,24155.05,24154.6,25,24158.75,25,0,1207700
NIFTY-II.NFO,05/08/2024,12:00:30,24155.05,24154.6,175,24158.75,25,0,1207700
NIFTY-II.NFO,05/08/2024,12:00:32,24161.6,24157.15,75,24161.6,25,75,1207700
NIFTY-II.NFO,05/08/2024,12:00:33,24161.6,24156.9,50,24161.55,200,100,1207700
NIFTY-II.NFO,05/08/2024,12:00:35,24161.6,24158.7,50,24161.6,25,0,1207700
NIFTY-II.NFO,05/08/2024,12:00:37,24161.6,24161.1,125,24163.05,25,0,1207700
NIFTY-II.NFO,05/08/2024,12:00:38,24161.6,24161.2,125,24163.05,25,0,1207700
NIFTY-II.NFO,05/08/2024,12:00:40,24165,24166.05,125,24167.75,25,50,1207700
NIFTY-II.NFO,05/08/2024,12:00:41,24165,24164.95,50,24168.65,25,0,1207700
NIFTY-II.NFO,05/08/2024,12:00:43,24165.3,24165.15,300,24168.65,25,25,1207700
NIFTY-II.NFO,05/08/2024,12:00:45,24165.3,24163.8,250,24167.85,450,0,1207700
NIFTY-II.NFO,05/08/2024,12:00:46,24165.3,24165.45,50,24168.65,25,0,1207700
NIFTY-II.NFO,05/08/2024,12:00:48,24170.7,24166.8,50,24170.65,25,75,1207700
NIFTY-II.NFO,05/08/2024,12:00:49,24170.7,24168.65,25,24171.45,250,0,1207700
NIFTY-II.NFO,05/08/2024,12:00:51,24168.65,24163.35,50,24166.7,50,25,1207700
NIFTY-II.NFO,05/08/2024,12:00:53,24168.65,24163.25,75,24166.65,300,0,1207700
NIFTY-II.NFO,05/08/2024,12:00:54,24168.65,24163.25,75,24166.7,50,0,1207700
NIFTY-II.NFO,05/08/2024,12:00:56,24168.65,24165,25,24166.7,50,0,1207700
NIFTY-II.NFO,05/08/2024,12:00:57,24166.45,24165,25,24166.45,200,75,1207700
NIFTY-II.NFO,05/08/2024,12:00:59,24166.45,24165,25,24165.7,200,0,1207700
NIFTY-II.NFO,05/08/2024,12:01:01,24166.45,24165.05,50,24167.15,25,25,1207700
NIFTY-II.NFO,05/08/2024,12:01:02,24166.45,24165,25,24167.15,25,0,1207700
NIFTY-II.NFO,05/08/2024,12:01:04,24165.05,24165,25,24167.65,200,50,1208800
NIFTY-II.NFO,05/08/2024,12:01:05,24165,24163.25,75,24166.25,275,75,1208800
NIFTY-II.NFO,05/08/2024,12:01:07,24165,24163.25,75,24165.35,275,0,1208800
NIFTY-II.NFO,05/08/2024,12:01:09,24165,24163.25,75,24164.15,200,0,1208800
NIFTY-II.NFO,05/08/2024,12:01:10,24165,24163.25,75,24163.55,200,0,1208800
NIFTY-II.NFO,05/08/2024,12:01:12,24163.25,24157.8,175,24162.2,25,75,1208800
NIFTY-II.NFO,05/08/2024,12:01:13,24163.25,24157.5,225,24162.15,25,0,1208800
NIFTY-II.NFO,05/08/2024,12:01:15,24162.2,24157.65,25,24161.55,25,75,1208800
NIFTY-II.NFO,05/08/2024,12:01:17,24162.2,24156.25,175,24160.4,25,0,1208800
NIFTY-II.NFO,05/08/2024,12:01:18,24162.2,24156.25,175,24159.65,25,0,1208800
NIFTY-II.NFO,05/08/2024,12:01:20,24162.2,24157.15,175,24161.55,25,0,1208800
NIFTY-II.NFO,05/08/2024,12:01:22,24162.2,24159.65,25,24161.5,225,0,1208800
NIFTY-II.NFO,05/08/2024,12:01:23,24162.2,24159.65,25,24161.5,25,0,1208800
NIFTY-II.NFO,05/08/2024,12:01:25,24160,24160.1,175,24165.15,50,250,1208800
NIFTY-II.NFO,05/08/2024,12:01:27,24160,24162.65,175,24167.25,25,0,1208800
NIFTY-II.NFO,05/08/2024,12:01:28,24162.9,24162.9,25,24167.2,275,25,1208800
NIFTY-II.NFO,05/08/2024,12:01:30,24162.9,24164.35,175,24167.75,25,0,1208800
NIFTY-II.NFO,05/08/2024,12:01:32,24165,24164.45,50,24168.75,25,550,1208800
NIFTY-II.NFO,05/08/2024,12:01:33,24165,24164.8,50,24170.2,275,0,1208800
NIFTY-II.NFO,05/08/2024,12:01:35,24165,24165,50,24169.5,200,0,1208800
NIFTY-II.NFO,05/08/2024,12:01:37,24165,24165.95,50,24171.05,275,0,1208800
NIFTY-II.NFO,05/08/2024,12:01:38,24165,24168.45,200,24171.45,175,0,1208800
NIFTY-II.NFO,05/08/2024,12:01:40,24165,24168.45,200,24172.35,200,0,1208800
NIFTY-II.NFO,05/08/2024,12:01:42,24165,24168.2,50,24172.4,250,0,1208800
NIFTY-II.NFO,05/08/2024,12:01:43,24165,24169.85,50,24172.4,250,0,1208800
NIFTY-II.NFO,05/08/2024,12:01:45,24165,24171.8,50,24174.9,175,0,1208800
NIFTY-II.NFO,05/08/2024,12:01:47,24165,24171.55,50,24175,25,0,1208800
NIFTY-II.NFO,05/08/2024,12:01:48,24165,24171.6,300,24175,25,0,1208800
NIFTY-II.NFO,05/08/2024,12:01:50,24173,24171.8,50,24175,25,250,1208800
NIFTY-II.NFO,05/08/2024,12:01:52,24175,24174.7,50,24176.75,425,25,1208800
NIFTY-II.NFO,05/08/2024,12:01:53,24175,24176.45,50,24179.05,175,0,1208800
NIFTY-II.NFO,05/08/2024,12:01:55,24180,24179.45,50,24183.3,200,25,1208800
NIFTY-II.NFO,05/08/2024,12:01:57,24180,24177.2,50,24180.95,450,0,1208800
NIFTY-II.NFO,05/08/2024,12:01:58,24180,24178.35,50,24181.95,200,0,1208800
NIFTY-II.NFO,05/08/2024,12:02:00,24180,24176.1,50,24181.85,375,0,1208800
NIFTY-II.NFO,05/08/2024,12:02:02,24180,24178.1,50,24181.2,200,0,1208800
NIFTY-II.NFO,05/08/2024,12:02:03,24180,24178.1,50,24181.35,200,0,1208800
NIFTY-II.NFO,05/08/2024,12:02:05,24176.1,24172.1,50,24177.8,200,125,1208800
NIFTY-II.NFO,05/08/2024,12:02:07,24179.6,24176.05,25,24179.5,275,75,1208800
NIFTY-II.NFO,05/08/2024,12:02:08,24179.6,24172.65,50,24178.85,275,0,1208800
NIFTY-II.NFO,05/08/2024,12:02:10,24175.2,24175.3,50,24178.85,200,25,1208800
NIFTY-II.NFO,05/08/2024,12:02:12,24178.85,24176.6,50,24180,25,100,1208800
NIFTY-II.NFO,05/08/2024,12:02:13,24178.85,24175,50,24179.95,225,0,1208800
NIFTY-II.NFO,05/08/2024,12:02:15,24178.85,24177.7,175,24180,25,0,1208800
NIFTY-II.NFO,05/08/2024,12:02:17,24180,24175.95,50,24180.2,200,25,1208800
NIFTY-II.NFO,05/08/2024,12:02:18,24180,24177.1,50,24181.3,200,0,1208800
NIFTY-II.NFO,05/08/2024,12:02:20,24180,24175.15,50,24180.35,275,0,1208800
NIFTY-II.NFO,05/08/2024,12:02:22,24179.95,24175.8,200,24179.95,150,75,1208800
NIFTY-II.NFO,05/08/2024,12:02:23,24179.95,24176.1,50,24179.95,150,0,1208800
NIFTY-II.NFO,05/08/2024,12:02:25,24179.95,24175.3,200,24179.95,150,0,1208800
NIFTY-II.NFO,05/08/2024,12:02:27,24176.1,24175.15,50,24179,250,125,1208800
NIFTY-II.NFO,05/08/2024,12:02:28,24176.1,24174.65,50,24178.9,225,0,1208800
NIFTY-II.NFO,05/08/2024,12:02:30,24176.1,24171.9,50,24176.75,225,0,1208800
NIFTY-II.NFO,05/08/2024,12:02:32,24176.1,24173.05,25,24177.95,225,0,1208800
NIFTY-II.NFO,05/08/2024,12:02:33,24176.1,24171.35,50,24175.4,150,0,1208800
NIFTY-II.NFO,05/08/2024,12:02:35,24176.1,24171.35,100,24175.75,150,0,1208800
NIFTY-II.NFO,05/08/2024,12:02:37,24176.1,24169.05,200,24174.85,150,0,1208800
NIFTY-II.NFO,05/08/2024,12:02:38,24176.1,24169.75,200,24174.75,225,0,1208800
NIFTY-II.NFO,05/08/2024,12:02:40,24169.3,24168.95,200,24174.35,225,25,1208800
NIFTY-II.NFO,05/08/2024,12:02:42,24169.3,24169.1,50,24174.25,150,0,1208800
NIFTY-II.NFO,05/08/2024,12:02:43,24173.7,24166.35,200,24171.05,125,25,1208800
NIFTY-II.NFO,05/08/2024,12:02:45,24173.7,24167.8,250,24172.75,125,0,1208800
NIFTY-II.NFO,05/08/2024,12:02:47,24173.7,24170.7,200,24174.7,125,0,1208800
NIFTY-II.NFO,05/08/2024,12:02:48,24173.7,24171.35,50,24174.7,125,0,1208800
NIFTY-II.NFO,05/08/2024,12:02:50,24176.35,24171,200,24176.35,100,25,1208800
NIFTY-II.NFO,05/08/2024,12:02:52,24172,24172,200,24176.75,75,75,1208800
NIFTY-II.NFO,05/08/2024,12:02:53,24171.95,24169.75,50,24174.7,325,25,1208800
NIFTY-II.NFO,05/08/2024,12:02:55,24171.95,24168.2,200,24173.75,575,0,1208800
NIFTY-II.NFO,05/08/2024,12:02:57,24168.75,24168.45,50,24173.7,150,25,1208800
NIFTY-II.NFO,05/08/2024,12:02:58,24173.7,24169.4,200,24174.8,125,25,1208800
NIFTY-II.NFO,05/08/2024,12:03:00,24170.9,24171.1,150,24176.7,175,500,1208800
NIFTY-II.NFO,05/08/2024,12:03:02,24170.9,24173.8,150,24177.95,25,0,1208800
NIFTY-II.NFO,05/08/2024,12:03:03,24173.8,24176.2,25,24180.55,200,125,1208800
NIFTY-II.NFO,05/08/2024,12:03:05,24173.8,24176.1,25,24181.25,275,0,1208800
NIFTY-II.NFO,05/08/2024,12:03:07,24176.5,24176.5,50,24181.65,275,125,1208800
NIFTY-II.NFO,05/08/2024,12:03:08,24176.5,24178.45,50,24183.7,200,0,1208800
NIFTY-II.NFO,05/08/2024,12:03:10,24182.75,24177.15,175,24181.25,25,75,1208800
NIFTY-II.NFO,05/08/2024,12:03:12,24181.2,24176.35,50,24181.15,275,25,1208800
NIFTY-II.NFO,05/08/2024,12:03:13,24181.2,24176.6,50,24181.05,200,0,1208800
NIFTY-II.NFO,05/08/2024,12:03:15,24181.2,24178.1,125,24183.85,200,0,1208800
NIFTY-II.NFO,05/08/2024,12:03:17,24181.2,24179.1,50,24183.65,450,0,1208800
NIFTY-II.NFO,05/08/2024,12:03:18,24181.2,24180.05,25,24183.5,200,0,1208800
NIFTY-II.NFO,05/08/2024,12:03:20,24181.2,24180.05,25,24183.6,200,0,1208800
NIFTY-II.NFO,05/08/2024,12:03:22,24181.2,24181.05,25,24184.65,175,0,1208800
NIFTY-II.NFO,05/08/2024,12:03:23,24181.2,24183.05,25,24187.3,275,0,1208800
NIFTY-II.NFO,05/08/2024,12:03:25,24181.2,24181.2,125,24187.2,200,0,1208800
NIFTY-II.NFO,05/08/2024,12:03:27,24181.2,24181.2,100,24184.8,200,0,1208800
NIFTY-II.NFO,05/08/2024,12:03:28,24181.2,24181.2,75,24183.95,200,25,1208800
NIFTY-II.NFO,05/08/2024,12:03:30,24181.2,24181.2,50,24183,250,25,1208800
NIFTY-II.NFO,05/08/2024,12:03:31,24183,24181.2,50,24182.95,200,25,1208800
NIFTY-II.NFO,05/08/2024,12:03:33,24183,24181.2,50,24183,225,0,1208800
NIFTY-II.NFO,05/08/2024,12:03:36,24182,24181.2,50,24182,50,225,1208800
NIFTY-II.NFO,05/08/2024,12:03:38,24181.2,24181.2,25,24185.6,200,100,1208800
NIFTY-II.NFO,05/08/2024,12:03:40,24181.2,24181.2,25,24184.35,275,0,1208800
NIFTY-II.NFO,05/08/2024,12:03:41,24181.2,24176.15,50,24182.4,250,25,1208800
NIFTY-II.NFO,05/08/2024,12:03:43,24181.2,24177.1,150,24182.55,200,0,1208800
NIFTY-II.NFO,05/08/2024,12:03:45,24181.2,24178.25,200,24184.4,275,0,1208800
NIFTY-II.NFO,05/08/2024,12:03:46,24185.55,24181.2,325,24185.8,25,375,1208800
NIFTY-II.NFO,05/08/2024,12:03:48,24185.8,24181.9,250,24186.25,25,25,1208800
NIFTY-II.NFO,05/08/2024,12:03:50,24185.8,24180.75,200,24186.55,50,0,1208800
NIFTY-II.NFO,05/08/2024,12:03:51,24181.3,24181.3,275,24186.45,75,25,1208800
NIFTY-II.NFO,05/08/2024,12:03:53,24186.4,24181.8,250,24186.7,25,25,1208800
NIFTY-II.NFO,05/08/2024,12:03:54,24186.4,24180.85,200,24186.3,150,0,1208800
NIFTY-II.NFO,05/08/2024,12:03:56,24186.4,24181.3,250,24187.15,150,0,1208800
NIFTY-II.NFO,05/08/2024,12:03:58,24186.4,24181.7,200,24187.35,75,0,1208800
NIFTY-II.NFO,05/08/2024,12:03:59,24186.4,24181,250,24186.5,150,0,1208800
NIFTY-II.NFO,05/08/2024,12:04:01,24186.4,24182,275,24186.8,75,0,1208800
NIFTY-II.NFO,05/08/2024,12:04:03,24187.6,24181.8,50,24187.6,100,50,1209425
NIFTY-II.NFO,05/08/2024,12:04:04,24186.85,24180.95,275,24186.9,75,25,1209425
NIFTY-II.NFO,05/08/2024,12:04:06,24185.8,24180,25,24183.3,75,50,1209425
NIFTY-II.NFO,05/08/2024,12:04:08,24180,24176,25,24180.2,125,25,1209425
NIFTY-II.NFO,05/08/2024,12:04:09,24178.7,24176,25,24178.65,125,100,1209425
NIFTY-II.NFO,05/08/2024,12:04:11,24177.1,24176,25,24178.8,100,25,1209425
NIFTY-II.NFO,05/08/2024,12:04:13,24176,24175,50,24179.2,75,25,1209425
NIFTY-II.NFO,05/08/2024,12:04:14,24176,24175,50,24179.15,125,0,1209425
NIFTY-II.NFO,05/08/2024,12:04:16,24176,24175,50,24177.65,125,0,1209425
NIFTY-II.NFO,05/08/2024,12:04:18,24176,24175,50,24177.8,250,0,1209425
NIFTY-II.NFO,05/08/2024,12:04:19,24177.9,24175,50,24178.25,25,300,1209425
NIFTY-II.NFO,05/08/2024,12:04:21,24177.9,24175,50,24177,325,0,1209425
NIFTY-II.NFO,05/08/2024,12:04:23,24177.2,24175,50,24177.2,50,25,1209425
NIFTY-II.NFO,05/08/2024,12:04:24,24177.2,24175,50,24177.15,25,0,1209425
NIFTY-II.NFO,05/08/2024,12:04:26,24177.2,24175,50,24177.1,125,0,1209425
NIFTY-II.NFO,05/08/2024,12:04:28,24175,24175,25,24177.05,25,25,1209425
NIFTY-II.NFO,05/08/2024,12:04:29,24175,24175,25,24178.15,25,0,1209425
NIFTY-II.NFO,05/08/2024,12:04:31,24175,24175,25,24178.05,50,0,1209425
NIFTY-II.NFO,05/08/2024,12:04:33,24173.25,24172.9,200,24178,25,100,1209425
NIFTY-II.NFO,05/08/2024,12:04:34,24173.25,24173.2,275,24178,25,0,1209425
NIFTY-II.NFO,05/08/2024,12:04:36,24173.25,24172.85,275,24178,25,0,1209425
NIFTY-II.NFO,05/08/2024,12:04:38,24173.25,24172.5,275,24177.95,150,0,1209425
NIFTY-II.NFO,05/08/2024,12:04:39,24173.25,24172.8,200,24177.95,100,0,1209425
NIFTY-II.NFO,05/08/2024,12:04:41,24173.25,24172.75,200,24177.9,75,0,1209425
NIFTY-II.NFO,05/08/2024,12:04:43,24173.25,24172.75,200,24177.9,200,0,1209425
NIFTY-II.NFO,05/08/2024,12:04:44,24173.4,24173.4,275,24178.8,150,75,1209425
NIFTY-II.NFO,05/08/2024,12:04:46,24173.4,24174.7,200,24179.15,25,0,1209425
NIFTY-II.NFO,05/08/2024,12:04:47,24175.45,24175.75,300,24180.45,150,100,1209425
NIFTY-II.NFO,05/08/2024,12:04:49,24175.45,24175.75,175,24181.6,275,0,1209425
NIFTY-II.NFO,05/08/2024,12:04:51,24175.85,24176.3,200,24180.9,200,50,1209425
NIFTY-II.NFO,05/08/2024,12:04:52,24175.85,24173.95,125,24178.9,275,0,1209425
NIFTY-II.NFO,05/08/2024,12:04:54,24175.85,24173.45,175,24178.95,300,0,1209425
NIFTY-II.NFO,05/08/2024,12:04:56,24175.85,24173,75,24175.75,50,0,1209425
NIFTY-II.NFO,05/08/2024,12:04:57,24175.85,24173.7,200,24178.75,200,0,1209425
NIFTY-II.NFO,05/08/2024,12:04:59,24175.85,24173.85,200,24178.75,200,0,1209425
NIFTY-II.NFO,05/08/2024,12:05:01,24175.85,24173.8,25,24178.5,275,0,1209425
NIFTY-II.NFO,05/08/2024,12:05:02,24175.85,24173.8,25,24178.9,275,0,1209425
NIFTY-II.NFO,05/08/2024,12:05:04,24170.25,24170.25,175,24175.85,250,25,1209425
NIFTY-II.NFO,05/08/2024,12:05:06,24170.25,24170.25,175,24175.9,275,0,1209425
NIFTY-II.NFO,05/08/2024,12:05:07,24170.25,24170.55,150,24176.55,200,0,1209425
NIFTY-II.NFO,05/08/2024,12:05:09,24170.25,24170.35,100,24175.75,275,25,1209425
NIFTY-II.NFO,05/08/2024,12:05:11,24170.25,24170.2,25,24175.65,200,0,1209425
NIFTY-II.NFO,05/08/2024,12:05:12,24170.25,24170.3,50,24175.55,275,0,1209425
NIFTY-II.NFO,05/08/2024,12:05:14,24170.25,24170.45,175,24175.55,200,0,1209425
NIFTY-II.NFO,05/08/2024,12:05:15,24170.25,24172.6,175,24176.85,25,0,1209425
NIFTY-II.NFO,05/08/2024,12:05:17,24179.05,24174.3,150,24178.8,200,25,1209425
NIFTY-II.NFO,05/08/2024,12:05:19,24179.05,24172.9,175,24178.3,200,0,1209425
NIFTY-II.NFO,05/08/2024,12:05:20,24179.05,24173.3,175,24178,250,0,1209425
NIFTY-II.NFO,05/08/2024,12:05:22,24178,24178.05,50,24180,25,250,1209425
NIFTY-II.NFO,05/08/2024,12:05:24,24178,24177.4,175,24180,25,0,1209425
NIFTY-II.NFO,05/08/2024,12:05:25,24177.4,24176.5,125,24180,25,100,1209425
NIFTY-II.NFO,05/08/2024,12:05:27,24180,24178.1,125,24184.1,275,25,1209425
NIFTY-II.NFO,05/08/2024,12:05:29,24180,24178.1,125,24184,275,0,1209425
NIFTY-II.NFO,05/08/2024,12:05:30,24180,24176.85,125,24183.65,375,0,1209425
NIFTY-II.NFO,05/08/2024,12:05:32,24180,24175.85,125,24182.3,200,0,1209425
NIFTY-II.NFO,05/08/2024,12:05:34,24181.85,24171.85,150,24177.8,275,25,1209425
NIFTY-II.NFO,05/08/2024,12:05:35,24181.85,24173.1,100,24178.4,200,0,1209425
NIFTY-II.NFO,05/08/2024,12:05:37,24181.85,24173,100,24177.95,200,0,1209425
NIFTY-II.NFO,05/08/2024,12:05:40,24177.95,24173.1,175,24177.95,200,75,1209425
NIFTY-II.NFO,05/08/2024,12:05:42,24177,24172.75,100,24177,225,25,1209425
NIFTY-II.NFO,05/08/2024,12:05:43,24177,24172.75,175,24177,225,0,1209425
NIFTY-II.NFO,05/08/2024,12:05:45,24177,24173.9,175,24179,200,225,1209425
NIFTY-II.NFO,05/08/2024,12:05:46,24179,24174.35,200,24179,200,25,1209425
NIFTY-II.NFO,05/08/2024,12:05:48,24179,24173.45,125,24178.5,200,0,1209425
NIFTY-II.NFO,05/08/2024,12:05:50,24179,24170.25,125,24175.45,375,0,1209425
NIFTY-II.NFO,05/08/2024,12:05:51,24179,24170,100,24174.95,200,0,1209425
NIFTY-II.NFO,05/08/2024,12:05:53,24174.75,24170.05,150,24174.75,200,25,1209425
NIFTY-II.NFO,05/08/2024,12:05:54,24174.75,24170,100,24173.95,275,25,1209425
NIFTY-II.NFO,05/08/2024,12:05:56,24170,24167.25,25,24170.85,275,100,1209425
NIFTY-II.NFO,05/08/2024,12:05:58,24170,24167.8,25,24170.25,250,0,1209425
NIFTY-II.NFO,05/08/2024,12:05:59,24170.25,24166.65,25,24170.3,50,25,1209425
NIFTY-II.NFO,05/08/2024,12:06:01,24170,24166.65,25,24169.95,150,25,1209425
NIFTY-II.NFO,05/08/2024,12:06:02,24168.05,24165,25,24168.05,200,175,1209425
NIFTY-II.NFO,05/08/2024,12:06:04,24160.85,24163.6,25,24167.1,50,1100,1209425
NIFTY-II.NFO,05/08/2024,12:06:06,24167.3,24162.4,25,24165.9,50,25,1209425
NIFTY-II.NFO,05/08/2024,12:06:07,24165.95,24162.4,25,24167.9,325,25,1209425
NIFTY-II.NFO,05/08/2024,12:06:09,24165.95,24164.1,25,24169.6,50,0,1209425
NIFTY-II.NFO,05/08/2024,12:06:10,24165.95,24165.25,25,24169.6,50,0,1209425
NIFTY-II.NFO,05/08/2024,12:06:12,24170,24165.45,300,24171.95,25,25,1209425
NIFTY-II.NFO,05/08/2024,12:06:14,24170,24167.3,50,24171.95,25,0,1209425
NIFTY-II.NFO,05/08/2024,12:06:15,24167.5,24167.3,50,24173.9,275,350,1209425
NIFTY-II.NFO,05/08/2024,12:06:17,24167.5,24170,50,24172.9,275,0,1209425
NIFTY-II.NFO,05/08/2024,12:06:20,24167.5,24170.05,75,24174,250,0,1209425
NIFTY-II.NFO,05/08/2024,12:06:22,24167.5,24172.05,50,24174,250,0,1209425
NIFTY-II.NFO,05/08/2024,12:06:23,24174,24171.45,50,24174,175,75,1209425
NIFTY-II.NFO,05/08/2024,12:06:25,24174,24172,50,24178.45,200,175,1209425
NIFTY-II.NFO,05/08/2024,12:06:26,24174,24174.1,75,24180.35,275,0,1209425
NIFTY-II.NFO,05/08/2024,12:06:28,24180.65,24175.35,50,24180.55,300,50,1209425
NIFTY-II.NFO,05/08/2024,12:06:30,24180.65,24178.1,50,24182.8,200,0,1209425
NIFTY-II.NFO,05/08/2024,12:06:31,24180.65,24181,50,24183.35,25,0,1209425
NIFTY-II.NFO,05/08/2024,12:06:33,24183.35,24184.85,50,24189.8,200,25,1209425
NIFTY-II.NFO,05/08/2024,12:06:34,24183.35,24183.65,75,24189.3,275,0,1209425
NIFTY-II.NFO,05/08/2024,12:06:36,24183.35,24183.7,50,24189.95,275,0,1209425
NIFTY-II.NFO,05/08/2024,12:06:38,24183.35,24184.75,50,24189.95,275,0,1209425
NIFTY-II.NFO,05/08/2024,12:06:39,24183.35,24185.8,25,24189.95,200,0,1209425
NIFTY-II.NFO,05/08/2024,12:06:41,24183.35,24186.05,50,24190,75,0,1209425
NIFTY-II.NFO,05/08/2024,12:06:42,24183.35,24185.65,50,24189.95,200,0,1209425
NIFTY-II.NFO,05/08/2024,12:06:46,24183.35,24186.25,300,24189.95,200,0,1209425
NIFTY-II.NFO,05/08/2024,12:06:47,24183.35,24183.45,50,24189.8,275,0,1209425
NIFTY-II.NFO,05/08/2024,12:06:49,24183.35,24184.7,25,24189.7,200,0,1209425
NIFTY-II.NFO,05/08/2024,12:06:50,24186.4,24185.75,25,24189.95,200,25,1209425
NIFTY-II.NFO,05/08/2024,12:06:52,24186.4,24186.6,25,24189.95,200,0,1209425
NIFTY-II.NFO,05/08/2024,12:06:54,24186.4,24186.4,25,24189.95,200,0,1209425
NIFTY-II.NFO,05/08/2024,12:06:55,24186.4,24186.4,25,24189.9,200,0,1209425
NIFTY-II.NFO,05/08/2024,12:06:57,24186.4,24183.3,25,24187.25,200,25,1209425
NIFTY-II.NFO,05/08/2024,12:06:58,24182.55,24182.65,25,24186.75,200,25,1209425
NIFTY-II.NFO,05/08/2024,12:07:00,24182.55,24182.35,25,24183.9,200,0,1209425
NIFTY-II.NFO,05/08/2024,12:07:02,24182.55,24181.6,25,24183.35,250,0,1209425
NIFTY-II.NFO,05/08/2024,12:07:03,24183.95,24182.5,25,24184.55,200,50,1211025
NIFTY-II.NFO,05/08/2024,12:07:05,24183.95,24182.5,25,24185.9,200,0,1211025
NIFTY-II.NFO,05/08/2024,12:07:06,24183.95,24182.5,25,24185.75,275,0,1211025
NIFTY-II.NFO,05/08/2024,12:07:08,24183.95,24183.35,25,24185.3,275,0,1211025
NIFTY-II.NFO,05/08/2024,12:07:10,24183.95,24183.35,25,24183.95,200,0,1211025
NIFTY-II.NFO,05/08/2024,12:07:11,24180,24175.8,75,24179.75,50,50,1211025
NIFTY-II.NFO,05/08/2024,12:07:13,24180,24176,75,24181.65,275,0,1211025
NIFTY-II.NFO,05/08/2024,12:07:14,24180.85,24178.35,25,24180.85,25,25,1211025
NIFTY-II.NFO,05/08/2024,12:07:16,24180.85,24177.6,25,24181,250,0,1211025
NIFTY-II.NFO,05/08/2024,12:07:18,24180.85,24178.1,100,24183.45,275,0,1211025
NIFTY-II.NFO,05/08/2024,12:07:19,24180.85,24179.4,25,24182.8,250,0,1211025
NIFTY-II.NFO,05/08/2024,12:07:21,24180.85,24180.05,25,24183.9,200,0,1211025
NIFTY-II.NFO,05/08/2024,12:07:22,24180.85,24179.75,25,24183.2,200,0,1211025
NIFTY-II.NFO,05/08/2024,12:07:24,24180.85,24180.75,25,24183.25,25,0,1211025
NIFTY-II.NFO,05/08/2024,12:07:26,24184.1,24180.95,25,24184.05,25,25,1211025
NIFTY-II.NFO,05/08/2024,12:07:27,24184.1,24180.95,25,24184.05,25,0,1211025
NIFTY-II.NFO,05/08/2024,12:07:29,24185.8,24181.2,175,24186,25,100,1211025
NIFTY-II.NFO,05/08/2024,12:07:31,24186,24181.2,175,24186.9,200,25,1211025
NIFTY-II.NFO,05/08/2024,12:07:32,24186,24183.8,175,24187.05,25,0,1211025
NIFTY-II.NFO,05/08/2024,12:07:34,24184.2,24183.75,25,24188.7,275,50,1211025
NIFTY-II.NFO,05/08/2024,12:07:36,24184.2,24183.8,125,24188.7,275,0,1211025
NIFTY-II.NFO,05/08/2024,12:07:37,24184.2,24183.75,25,24188.6,275,0,1211025
NIFTY-II.NFO,05/08/2024,12:07:39,24183.75,24186,75,24188.1,525,25,1211025
NIFTY-II.NFO,05/08/2024,12:07:41,24186.05,24180,50,24185.25,525,150,1211025
NIFTY-II.NFO,05/08/2024,12:07:42,24186.05,24180.7,25,24184.85,275,0,1211025
NIFTY-II.NFO,05/08/2024,12:07:44,24185.05,24180.8,50,24185.05,200,50,1211025
NIFTY-II.NFO,05/08/2024,12:07:46,24185.05,24180.75,25,24184.25,450,0,1211025
NIFTY-II.NFO,05/08/2024,12:07:47,24185.05,24181.2,25,24184.6,200,0,1211025
NIFTY-II.NFO,05/08/2024,12:07:49,24185.05,24180.7,25,24184.2,450,0,1211025
NIFTY-II.NFO,05/08/2024,12:07:51,24185.05,24180.7,25,24184.6,200,0,1211025
NIFTY-II.NFO,05/08/2024,12:07:52,24185.05,24181.2,25,24185.1,25,0,1211025
NIFTY-II.NFO,05/08/2024,12:07:54,24185.05,24181.6,50,24185.1,25,0,1211025
NIFTY-II.NFO,05/08/2024,12:07:56,24185.05,24181.8,25,24185.05,200,0,1211025
NIFTY-II.NFO,05/08/2024,12:07:57,24181.8,24180.7,25,24183.7,200,25,1211025
NIFTY-II.NFO,05/08/2024,12:07:59,24181.8,24180.75,50,24185.05,200,0,1211025
NIFTY-II.NFO,05/08/2024,12:08:00,24185.05,24180.2,25,24183.25,175,25,1211025
NIFTY-II.NFO,05/08/2024,12:08:02,24180.2,24180.1,25,24180.7,25,25,1211025
NIFTY-II.NFO,05/08/2024,12:08:04,24180.2,24180.1,25,24180.7,25,0,1211025
NIFTY-II.NFO,05/08/2024,12:08:05,24180.1,24180.1,25,24180.7,25,25,1211025
NIFTY-II.NFO,05/08/2024,12:08:07,24180.1,24180.1,25,24180.7,25,0,1211025
NIFTY-II.NFO,05/08/2024,12:08:09,24180.7,24180.1,25,24184.55,250,25,1211025
NIFTY-II.NFO,05/08/2024,12:08:10,24180.7,24180.1,25,24184,175,0,1211025
NIFTY-II.NFO,05/08/2024,12:08:12,24180.7,24180.1,25,24183.9,500,0,1211025
NIFTY-II.NFO,05/08/2024,12:08:14,24180.7,24180.2,25,24183.65,425,0,1211025
NIFTY-II.NFO,05/08/2024,12:08:15,24183.65,24181.7,200,24184.05,25,125,1211025
NIFTY-II.NFO,05/08/2024,12:08:17,24183.65,24181.05,250,24184.05,25,0,1211025
NIFTY-II.NFO,05/08/2024,12:08:18,24183.65,24181.65,50,24184.05,25,0,1211025
NIFTY-II.NFO,05/08/2024,12:08:20,24184.05,24186.2,200,24190,325,25,1211025
NIFTY-II.NFO,05/08/2024,12:08:22,24184.05,24186.25,50,24190,325,0,1211025
NIFTY-II.NFO,05/08/2024,12:08:23,24186.15,24186.2,200,24190,325,25,1211025
NIFTY-II.NFO,05/08/2024,12:08:25,24190,24186.85,200,24190,250,75,1211025
NIFTY-II.NFO,05/08/2024,12:08:27,24190,24187.5,25,24190,225,50,1211025
NIFTY-II.NFO,05/08/2024,12:08:29,24190,24187.85,50,24190,225,0,1211025
NIFTY-II.NFO,05/08/2024,12:08:30,24190.1,24189.25,200,24193,50,250,1211025
NIFTY-II.NFO,05/08/2024,12:08:32,24190.1,24188.1,250,24192.95,200,0,1211025
NIFTY-II.NFO,05/08/2024,12:08:34,24190.1,24185.1,200,24191.05,275,0,1211025
NIFTY-II.NFO,05/08/2024,12:08:35,24191.05,24186.15,200,24190.95,175,25,1211025
NIFTY-II.NFO,05/08/2024,12:08:37,24191.05,24189.45,200,24193,50,0,1211025
NIFTY-II.NFO,05/08/2024,12:08:39,24191.05,24188.75,200,24193,50,0,1211025
NIFTY-II.NFO,05/08/2024,12:08:40,24192.95,24187.95,200,24192.95,125,75,1211025
NIFTY-II.NFO,05/08/2024,12:08:42,24192.95,24191.05,50,24193,50,0,1211025
NIFTY-II.NFO,05/08/2024,12:08:44,24191.05,24191.05,25,24192.95,125,25,1211025
NIFTY-II.NFO,05/08/2024,12:08:45,24193,24189.2,200,24194.05,125,75,1211025
NIFTY-II.NFO,05/08/2024,12:08:47,24193,24189.95,50,24193.9,125,0,1211025
NIFTY-II.NFO,05/08/2024,12:08:49,24193,24189.95,50,24194.75,125,0,1211025
NIFTY-II.NFO,05/08/2024,12:08:50,24193,24189.95,50,24194.7,125,0,1211025
NIFTY-II.NFO,05/08/2024,12:08:52,24193,24188.9,50,24193.9,125,0,1211025
NIFTY-II.NFO,05/08/2024,12:08:54,24193,24188.95,200,24193.95,200,0,1211025
NIFTY-II.NFO,05/08/2024,12:08:55,24193,24192.1,50,24195,75,0,1211025
NIFTY-II.NFO,05/08/2024,12:08:57,24193,24191.75,50,24195,75,0,1211025
NIFTY-II.NFO,05/08/2024,12:08:59,24195,24191.8,200,24195,50,25,1211025
NIFTY-II.NFO,05/08/2024,12:09:00,24195,24191.4,200,24195,50,0,1211025
NIFTY-II.NFO,05/08/2024,12:09:02,24195,24189.05,50,24193.75,200,25,1211025
NIFTY-II.NFO,05/08/2024,12:09:04,24195,24190,25,24192.6,200,0,1211025
NIFTY-II.NFO,05/08/2024,12:09:05,24187.75,24187.7,25,24192,225,50,1211025
NIFTY-II.NFO,05/08/2024,12:09:07,24192,24187.7,25,24191.4,125,100,1211025
NIFTY-II.NFO,05/08/2024,12:09:09,24187.95,24190.15,200,24194.75,225,100,1211025
NIFTY-II.NFO,05/08/2024,12:09:10,24194.95,24190.75,25,24194.95,125,50,1211025
NIFTY-II.NFO,05/08/2024,12:09:12,24194.95,24190.1,200,24194.9,175,0,1211025
NIFTY-II.NFO,05/08/2024,12:09:13,24194.95,24190.4,25,24194.75,175,0,1211025
NIFTY-II.NFO,05/08/2024,12:09:15,24192.75,24188.55,25,24192.15,225,275,1211025
NIFTY-II.NFO,05/08/2024,12:09:17,24192.75,24188.55,25,24192.9,175,0,1211025
NIFTY-II.NFO,05/08/2024,12:09:18,24192.75,24188.55,50,24192.8,100,0,1211025
NIFTY-II.NFO,05/08/2024,12:09:20,24192.75,24189.6,250,24194.95,175,0,1211025
NIFTY-II.NFO,05/08/2024,12:09:22,24192.75,24191.6,200,24195,50,0,1211025
NIFTY-II.NFO,05/08/2024,12:09:23,24192.75,24190.05,200,24194.95,175,0,1211025
NIFTY-II.NFO,05/08/2024,12:09:25,24190.05,24190.1,250,24194.95,250,75,1211025
NIFTY-II.NFO,05/08/2024,12:09:27,24190.05,24190.05,50,24194.95,250,0,1211025
NIFTY-II.NFO,05/08/2024,12:09:28,24190.05,24190,2500,24193.65,250,0,1211025
NIFTY-II.NFO,05/08/2024,12:09:30,24191.75,24190,2500,24191.95,150,25,1211025
NIFTY-II.NFO,05/08/2024,12:09:32,24191.75,24190.5,1000,24192,25,0,1211025
NIFTY-II.NFO,05/08/2024,12:09:33,24190.5,24190.5,925,24192,25,75,1211025
NIFTY-II.NFO,05/08/2024,12:09:35,24190.5,24190.5,925,24192,25,0,1211025
NIFTY-II.NFO,05/08/2024,12:09:38,24190.5,24190.9,50,24192,25,0,1211025
NIFTY-II.NFO,05/08/2024,12:09:40,24192,24190.9,50,24194.9,150,25,1211025
NIFTY-II.NFO,05/08/2024,12:09:41,24190.5,24190.5,900,24194.9,225,25,1211025
NIFTY-II.NFO,05/08/2024,12:09:43,24190.5,24191.1,200,24195,50,0,1211025
NIFTY-II.NFO,05/08/2024,12:09:45,24190.5,24191.5,50,24195,25,0,1211025
NIFTY-II.NFO,05/08/2024,12:09:46,24195,24191.55,250,24195,25,25,1211025
NIFTY-II.NFO,05/08/2024,12:09:48,24195,24192.1,200,24195,25,0,1211025
NIFTY-II.NFO,05/08/2024,12:09:50,24195.1,24194.85,200,24196,25,75,1211025
NIFTY-II.NFO,05/08/2024,12:09:51,24196,24194.25,200,24198,25,25,1211025
NIFTY-II.NFO,05/08/2024,12:09:53,24195.05,24190.55,200,24196.6,225,50,1211025
NIFTY-II.NFO,05/08/2024,12:09:55,24196.7,24192.05,25,24197.1,150,75,1211025
NIFTY-II.NFO,05/08/2024,12:09:56,24197.5,24195.05,25,24196.15,125,25,1211025
NIFTY-II.NFO,05/08/2024,12:09:58,24195.05,24193.1,200,24198.8,125,50,1211025
NIFTY-II.NFO,05/08/2024,12:10:00,24195.05,24195,50,24199.4,50,0,1211025
NIFTY-II.NFO,05/08/2024,12:10:01,24195.05,24195.05,200,24199.9,50,0,1211025
NIFTY-II.NFO,05/08/2024,12:10:03,24195.05,24191.75,50,24196.9,50,0,1211025
NIFTY-II.NFO,05/08/2024,12:10:05,24195.05,24190.7,200,24195.3,50,0,1211025
NIFTY-II.NFO,05/08/2024,12:10:06,24195.3,24190.7,200,24195.35,50,100,1209925
NIFTY-II.NFO,05/08/2024,12:10:08,24195.3,24190.65,25,24195.35,125,0,1209925
NIFTY-II.NFO,05/08/2024,12:10:10,24194.9,24190.7,25,24194.4,125,25,1209925
NIFTY-II.NFO,05/08/2024,12:10:11,24190.75,24190.7,25,24193.9,50,50,1209925
NIFTY-II.NFO,05/08/2024,12:10:13,24190.75,24190.7,25,24192.3,250,0,1209925
NIFTY-II.NFO,05/08/2024,12:10:15,24190.7,24190.55,200,24195.45,125,25,1209925
NIFTY-II.NFO,05/08/2024,12:10:16,24190.55,24190.65,200,24195.35,50,125,1209925
NIFTY-II.NFO,05/08/2024,12:10:18,24190.55,24190.8,200,24195.2,125,0,1209925
NIFTY-II.NFO,05/08/2024,12:10:20,24190.55,24192.65,50,24196.35,50,0,1209925
NIFTY-II.NFO,05/08/2024,12:10:21,24190.55,24190.5,900,24193.05,125,0,1209925
NIFTY-II.NFO,05/08/2024,12:10:23,24190.55,24190.5,900,24192.75,250,0,1209925
NIFTY-II.NFO,05/08/2024,12:10:25,24193,24190.5,900,24193,175,25,1209925
NIFTY-II.NFO,05/08/2024,12:10:26,24191.65,24190.5,900,24191.65,75,25,1209925
NIFTY-II.NFO,05/08/2024,12:10:28,24190,24187.95,25,24190.3,125,3550,1209925
NIFTY-II.NFO,05/08/2024,12:10:30,24190,24187.95,25,24190.3,125,0,1209925
NIFTY-II.NFO,05/08/2024,12:10:31,24190.3,24187.95,25,24190.65,50,500,1209925
NIFTY-II.NFO,05/08/2024,12:10:33,24190.3,24187.95,25,24190.15,125,0,1209925
NIFTY-II.NFO,05/08/2024,12:10:35,24190.3,24187.95,25,24189.9,125,0,1209925
NIFTY-II.NFO,05/08/2024,12:10:36,24190.5,24187.95,25,24190.55,375,500,1209925
NIFTY-II.NFO,05/08/2024,12:10:38,24187.95,24183.1,275,24188.2,50,25,1209925
NIFTY-II.NFO,05/08/2024,12:10:39,24187.95,24183.1,275,24189.45,125,0,1209925
NIFTY-II.NFO,05/08/2024,12:10:41,24187.95,24184.1,200,24190.55,125,0,1209925
NIFTY-II.NFO,05/08/2024,12:10:43,24187.95,24184.1,275,24189.95,50,0,1209925
NIFTY-II.NFO,05/08/2024,12:10:44,24189.95,24182.4,200,24188.2,50,25,1209925
NIFTY-II.NFO,05/08/2024,12:10:46,24189.95,24180.4,200,24186.3,50,0,1209925
NIFTY-II.NFO,05/08/2024,12:10:48,24189.95,24180.05,275,24185.5,50,0,1209925
NIFTY-II.NFO,05/08/2024,12:10:50,24189.95,24180.05,300,24185.25,50,0,1209925
NIFTY-II.NFO,05/08/2024,12:10:51,24189.95,24182.1,275,24185.3,25,0,1209925
NIFTY-II.NFO,05/08/2024,12:10:53,24189.95,24182,50,24185.25,25,0,1209925
NIFTY-II.NFO,05/08/2024,12:10:55,24185.25,24180.5,200,24185.75,75,25,1209925
NIFTY-II.NFO,05/08/2024,12:10:56,24185.25,24180.5,275,24186.05,325,0,1209925
NIFTY-II.NFO,05/08/2024,12:10:58,24185.25,24180.5,275,24186.4,50,0,1209925
NIFTY-II.NFO,05/08/2024,12:11:00,24180.8,24182.6,275,24188.3,100,25,1209925
NIFTY-II.NFO,05/08/2024,12:11:01,24182.05,24182.7,275,24187.85,150,25,1209925
NIFTY-II.NFO,05/08/2024,12:11:03,24182.05,24184.05,25,24187.75,150,0,1209925
NIFTY-II.NFO,05/08/2024,12:11:04,24182.05,24185.2,50,24189.95,25,0,1209925
NIFTY-II.NFO,05/08/2024,12:11:06,24182.05,24184.15,50,24189.95,100,0,1209925
NIFTY-II.NFO,05/08/2024,12:11:08,24182.05,24185.05,25,24189.2,25,0,1209925
NIFTY-II.NFO,05/08/2024,12:11:09,24185.05,24185.05,275,24189.15,125,25,1209925
NIFTY-II.NFO,05/08/2024,12:11:11,24185.05,24185.45,275,24189.95,25,0,1209925
NIFTY-II.NFO,05/08/2024,12:11:13,24190,24186.2,50,24190,25,25,1209925
NIFTY-II.NFO,05/08/2024,12:11:14,24184.3,24182,275,24187.95,75,25,1209925
NIFTY-II.NFO,05/08/2024,12:11:16,24184.3,24185.05,25,24189.55,100,0,1209925
NIFTY-II.NFO,05/08/2024,12:11:18,24184.3,24184.05,25,24187.85,25,0,1209925
NIFTY-II.NFO,05/08/2024,12:11:19,24184.3,24182.85,200,24185,25,0,1209925
NIFTY-II.NFO,05/08/2024,12:11:20,24184.3,24181.65,200,24185,25,0,1209925
NIFTY-II.NFO,05/08/2024,12:11:22,24184.3,24182.3,50,24185,25,0,1209925
NIFTY-II.NFO,05/08/2024,12:11:24,24184.3,24181,25,24184.75,50,0,1209925
NIFTY-II.NFO,05/08/2024,12:11:25,24184.7,24181,25,24184.75,50,25,1209925
NIFTY-II.NFO,05/08/2024,12:11:27,24184.7,24181,25,24184.25,25,0,1209925
NIFTY-II.NFO,05/08/2024,12:11:29,24184.7,24181.05,200,24185,50,0,1209925
NIFTY-II.NFO,05/08/2024,12:11:30,24184.7,24180.85,25,24184.95,125,0,1209925
NIFTY-II.NFO,05/08/2024,12:11:32,24184.7,24180.35,25,24182.65,50,0,1209925
NIFTY-II.NFO,05/08/2024,12:11:34,24181.8,24180,75,24180.7,50,50,1209925
NIFTY-II.NFO,05/08/2024,12:11:35,24180,24172.7,200,24177.9,50,75,1209925
NIFTY-II.NFO,05/08/2024,12:11:37,24180,24173.2,200,24178.25,150,0,1209925
NIFTY-II.NFO,05/08/2024,12:11:39,24180,24170.15,275,24174.25,25,0,1209925
NIFTY-II.NFO,05/08/2024,12:11:40,24180,24172.05,25,24175.9,50,0,1209925
NIFTY-II.NFO,05/08/2024,12:11:42,24180,24171.65,50,24175.75,50,0,1209925
NIFTY-II.NFO,05/08/2024,12:11:44,24180,24173.05,50,24177,50,0,1209925
NIFTY-II.NFO,05/08/2024,12:11:45,24180,24171.25,275,24176.75,125,0,1209925
NIFTY-II.NFO,05/08/2024,12:11:47,24180,24173.1,275,24177.55,50,0,1209925
NIFTY-II.NFO,05/08/2024,12:11:49,24180,24176.1,325,24180,25,0,1209925
NIFTY-II.NFO,05/08/2024,12:11:50,24180,24177.05,25,24181,25,25,1209925
NIFTY-II.NFO,05/08/2024,12:11:52,24180,24177.55,275,24181,25,0,1209925
NIFTY-II.NFO,05/08/2024,12:11:54,24180,24176.6,275,24181,25,25,1209925
NIFTY-II.NFO,05/08/2024,12:11:55,24180,24177.5,200,24180,25,0,1209925
NIFTY-II.NFO,05/08/2024,12:11:57,24180,24177.85,200,24180,25,0,1209925
NIFTY-II.NFO,05/08/2024,12:11:59,24180,24177.4,200,24180,25,0,1209925
NIFTY-II.NFO,05/08/2024,12:12:00,24180,24180,25,24181,25,25,1209925
NIFTY-II.NFO,05/08/2024,12:12:02,24180,24180,25,24181,25,0,1209925
NIFTY-II.NFO,05/08/2024,12:12:05,24181,24181.05,25,24184.7,175,25,1209925
NIFTY-II.NFO,05/08/2024,12:12:07,24181,24182.35,50,24185,25,0,1209925
NIFTY-II.NFO,05/08/2024,12:12:08,24185,24180.45,275,24186.15,125,25,1209925
NIFTY-II.NFO,05/08/2024,12:12:10,24185,24182.05,25,24186.6,50,0,1209925
NIFTY-II.NFO,05/08/2024,12:12:12,24185,24181.1,275,24186.45,250,0,1209925
NIFTY-II.NFO,05/08/2024,12:12:13,24185,24185,1200,24186.45,50,0,1209925
NIFTY-II.NFO,05/08/2024,12:12:15,24185,24185.05,25,24188.8,25,0,1209925
NIFTY-II.NFO,05/08/2024,12:12:18,24185,24185,1200,24188.05,50,0,1209925
NIFTY-II.NFO,05/08/2024,12:12:20,24185,24185.05,25,24188.65,50,0,1209925
NIFTY-II.NFO,05/08/2024,12:12:21,24185,24187.25,50,24191.75,50,0,1209925
NIFTY-II.NFO,05/08/2024,12:12:23,24190.5,24188.05,25,24191.65,50,75,1209925
NIFTY-II.NFO,05/08/2024,12:12:25,24190.5,24186.3,50,24190.9,125,0,1209925
NIFTY-II.NFO,05/08/2024,12:12:26,24190.5,24186.2,200,24190.9,50,0,1209925
NIFTY-II.NFO,05/08/2024,12:12:28,24186.3,24188.2,125,24191.25,50,25,1209925
NIFTY-II.NFO,05/08/2024,12:12:30,24186.3,24187.25,200,24191.45,50,0,1209925
NIFTY-II.NFO,05/08/2024,12:12:31,24186.3,24187.2,50,24191.45,50,0,1209925
NIFTY-II.NFO,05/08/2024,12:12:33,24186.3,24187.2,50,24191.55,25,0,1209925
NIFTY-II.NFO,05/08/2024,12:12:35,24186.3,24188.1,200,24192,50,0,1209925
NIFTY-II.NFO,05/08/2024,12:12:36,24192,24192,1025,24192.65,250,175,1209925
NIFTY-II.NFO,05/08/2024,12:12:38,24192,24192,1025,24192.65,250,0,1209925
NIFTY-II.NFO,05/08/2024,12:12:39,24192,24192,725,24192.9,25,300,1209925
NIFTY-II.NFO,05/08/2024,12:12:41,24192,24192,300,24193.7,400,500,1209925
NIFTY-II.NFO,05/08/2024,12:12:43,24192,24192,275,24193.7,475,25,1209925
NIFTY-II.NFO,05/08/2024,12:12:44,24192,24192,275,24193.7,250,0,1209925
NIFTY-II.NFO,05/08/2024,12:12:46,24193.7,24192,275,24193.2,425,50,1209925
NIFTY-II.NFO,05/08/2024,12:12:48,24192,24192,225,24192.3,125,50,1209925
NIFTY-II.NFO,05/08/2024,12:12:49,24191.25,24185,25,24188.9,50,425,1209925
NIFTY-II.NFO,05/08/2024,12:12:51,24185,24181.65,200,24187.4,175,25,1209925
NIFTY-II.NFO,05/08/2024,12:12:53,24185,24181.9,200,24186.95,300,0,1209925
NIFTY-II.NFO,05/08/2024,12:12:54,24185,24182.1,275,24187.9,125,0,1209925
NIFTY-II.NFO,05/08/2024,12:12:56,24185,24182.55,275,24188.2,125,0,1209925
NIFTY-II.NFO,05/08/2024,12:12:58,24185,24180.05,200,24186.1,300,0,1209925
NIFTY-II.NFO,05/08/2024,12:12:59,24185,24180.1,275,24186.65,50,0,1209925
NIFTY-II.NFO,05/08/2024,12:13:01,24185,24180.1,275,24186.55,125,0,1209925
NIFTY-II.NFO,05/08/2024,12:13:03,24185,24182.1,275,24188.6,125,0,1209925
NIFTY-II.NFO,05/08/2024,12:13:04,24185,24180.8,275,24186.85,50,0,1209925
NIFTY-II.NFO,05/08/2024,12:13:06,24185,24180.2,275,24186.8,350,0,1209925
NIFTY-II.NFO,05/08/2024,12:13:08,24188.2,24181.35,275,24187.4,125,25,1213700
NIFTY-II.NFO,05/08/2024,12:13:10,24181.35,24182.3,200,24188.6,50,25,1213700
NIFTY-II.NFO,05/08/2024,12:13:11,24181.35,24186.2,275,24191.35,250,0,1213700
NIFTY-II.NFO,05/08/2024,12:13:13,24184.15,24182.6,275,24188.15,150,50,1213700
NIFTY-II.NFO,05/08/2024,12:13:15,24184.15,24183.5,275,24189.4,150,0,1213700
NIFTY-II.NFO,05/08/2024,12:13:16,24184.15,24187.05,25,24191.6,150,0,1213700
NIFTY-II.NFO,05/08/2024,12:13:18,24184.15,24188.2,275,24193.75,150,0,1213700
NIFTY-II.NFO,05/08/2024,12:13:19,24184.15,24188.65,200,24193.75,75,0,1213700
NIFTY-II.NFO,05/08/2024,12:13:21,24184.15,24187.6,325,24192.95,75,0,1213700
NIFTY-II.NFO,05/08/2024,12:13:23,24184.15,24191.1,200,24195,75,0,1213700
NIFTY-II.NFO,05/08/2024,12:13:24,24184.15,24191.45,200,24195,75,0,1213700
NIFTY-II.NFO,05/08/2024,12:13:26,24195,24194,200,24198,25,75,1213700
NIFTY-II.NFO,05/08/2024,12:13:28,24198,24198.05,200,24199,25,25,1213700
NIFTY-II.NFO,05/08/2024,12:13:29,24200.1,24201.1,275,24205,25,2900,1213700
NIFTY-II.NFO,05/08/2024,12:13:31,24200.1,24202.05,25,24205,25,0,1213700
NIFTY-II.NFO,05/08/2024,12:13:33,24200.1,24200.05,25,24204.6,150,0,1213700
NIFTY-II.NFO,05/08/2024,12:13:34,24200.1,24200.05,25,24203.65,150,0,1213700
NIFTY-II.NFO,05/08/2024,12:13:36,24200.1,24201.05,25,24204.95,75,0,1213700
NIFTY-II.NFO,05/08/2024,12:13:38,24200.1,24196.8,325,24202.85,200,0,1213700
NIFTY-II.NFO,05/08/2024,12:13:39,24200.1,24196.2,275,24202.05,200,0,1213700
NIFTY-II.NFO,05/08/2024,12:13:41,24204.7,24201.05,25,24204.75,125,50,1213700
NIFTY-II.NFO,05/08/2024,12:13:43,24204.6,24201.05,25,24204.75,125,50,1213700
NIFTY-II.NFO,05/08/2024,12:13:44,24204.6,24202.05,25,24204.75,125,0,1213700
NIFTY-II.NFO,05/08/2024,12:13:46,24204.6,24202.05,25,24205,25,0,1213700
NIFTY-II.NFO,05/08/2024,12:13:48,24204.6,24202.1,200,24205,25,0,1213700
NIFTY-II.NFO,05/08/2024,12:13:49,24206,24203.15,200,24206.2,125,50,1213700
NIFTY-II.NFO,05/08/2024,12:13:51,24207.4,24203.1,200,24207.55,125,375,1213700
NIFTY-II.NFO,05/08/2024,12:13:53,24206.45,24201.8,100,24205.8,100,50,1213700
NIFTY-II.NFO,05/08/2024,12:13:54,24206.45,24202.1,200,24206.75,200,0,1213700
NIFTY-II.NFO,05/08/2024,12:13:56,24206.45,24206.45,25,24209.85,250,0,1213700
NIFTY-II.NFO,05/08/2024,12:13:58,24206.45,24204.1,275,24209.2,25,125,1213700
NIFTY-II.NFO,05/08/2024,12:13:59,24206.45,24205.05,25,24209.75,25,0,1213700
NIFTY-II.NFO,05/08/2024,12:14:01,24206.45,24205,100,24208.05,200,0,1213700
NIFTY-II.NFO,05/08/2024,12:14:03,24206.45,24205,100,24206.45,25,0,1213700
NIFTY-II.NFO,05/08/2024,12:14:04,24206.45,24205,100,24207.25,250,25,1213700
NIFTY-II.NFO,05/08/2024,12:14:06,24206.45,24205,100,24206.05,175,0,1213700
NIFTY-II.NFO,05/08/2024,12:14:08,24205,24200,25,24203.15,250,125,1213700
NIFTY-II.NFO,05/08/2024,12:14:09,24200,24196.35,200,24203.5,25,25,1213700
NIFTY-II.NFO,05/08/2024,12:14:11,24200,24200.05,25,24204.15,25,0,1213700
NIFTY-II.NFO,05/08/2024,12:14:12,24200,24201.05,25,24204.95,175,0,1213700
NIFTY-II.NFO,05/08/2024,12:14:14,24200,24201.05,100,24206,175,0,1213700
NIFTY-II.NFO,05/08/2024,12:14:16,24200,24202.05,25,24205.8,250,0,1213700
NIFTY-II.NFO,05/08/2024,12:14:17,24200,24202.1,125,24206.65,250,0,1213700
NIFTY-II.NFO,05/08/2024,12:14:19,24200,24203.05,25,24207.4,25,0,1213700
NIFTY-II.NFO,05/08/2024,12:14:21,24207,24201.3,275,24207.15,250,25,1213700
NIFTY-II.NFO,05/08/2024,12:14:22,24206.25,24201.05,25,24206.25,125,25,1213700
NIFTY-II.NFO,05/08/2024,12:14:24,24207.15,24203.05,25,24207.35,675,75,1213700
NIFTY-II.NFO,05/08/2024,12:14:26,24207.15,24204.05,25,24207.9,250,125,1213700
NIFTY-II.NFO,05/08/2024,12:14:27,24208.4,24207.1,125,24210,100,75,1213700
NIFTY-II.NFO,05/08/2024,12:14:29,24208.4,24205.05,100,24210,350,0,1213700
NIFTY-II.NFO,05/08/2024,12:14:31,24208.4,24206.1,50,24210,100,0,1213700
NIFTY-II.NFO,05/08/2024,12:14:32,24214.35,24210.1,275,24214.4,50,175,1213700
NIFTY-II.NFO,05/08/2024,12:14:34,24214.35,24211.05,25,24214.55,25,0,1213700
NIFTY-II.NFO,05/08/2024,12:14:36,24214.35,24210.55,50,24214.55,25,0,1213700
NIFTY-II.NFO,05/08/2024,12:14:37,24214.35,24211.15,50,24214.55,25,0,1213700
NIFTY-II.NFO,05/08/2024,12:14:39,24216.4,24213.5,50,24217,275,100,1213700
NIFTY-II.NFO,05/08/2024,12:14:41,24216.4,24214.25,25,24217,25,0,1213700
NIFTY-II.NFO,05/08/2024,12:14:42,24216.4,24214.3,25,24216.95,175,0,1213700
NIFTY-II.NFO,05/08/2024,12:14:44,24214.3,24214.25,25,24216.9,250,25,1213700
NIFTY-II.NFO,05/08/2024,12:14:46,24214.25,24213.6,25,24216.7,100,25,1213700
NIFTY-II.NFO,05/08/2024,12:14:47,24213.5,24210.15,25,24214.55,25,100,1213700
NIFTY-II.NFO,05/08/2024,12:14:49,24214.5,24210.3,50,24214.8,375,50,1213700
NIFTY-II.NFO,05/08/2024,12:14:50,24214.5,24210.3,50,24213.4,100,0,1213700
NIFTY-II.NFO,05/08/2024,12:14:52,24210.35,24210.35,25,24213.1,425,50,1213700
NIFTY-II.NFO,05/08/2024,12:14:54,24210.15,24200.15,200,24207.7,300,375,1213700
NIFTY-II.NFO,05/08/2024,12:14:55,24207.7,24208.1,275,24212.1,25,25,1213700
NIFTY-II.NFO,05/08/2024,12:14:57,24212.35,24204.55,200,24212.1,150,50,1213700
NIFTY-II.NFO,05/08/2024,12:14:59,24212.35,24207.7,275,24213.95,300,0,1213700
NIFTY-II.NFO,05/08/2024,12:15:00,24212.35,24208.2,200,24214.05,125,0,1213700
NIFTY-II.NFO,05/08/2024,12:15:02,24210.3,24208.1,325,24214.25,300,75,1213700
NIFTY-II.NFO,05/08/2024,12:15:04,24210.3,24212.35,100,24216.15,425,0,1213700
NIFTY-II.NFO,05/08/2024,12:15:05,24212.35,24211.2,250,24217,50,100,1213700
NIFTY-II.NFO,05/08/2024,12:15:07,24216.45,24210.8,200,24217,125,50,1213700
NIFTY-II.NFO,05/08/2024,12:15:09,24216.85,24212.1,200,24216.35,150,25,1213700
NIFTY-II.NFO,05/08/2024,12:15:10,24216.85,24212.4,275,24217,50,0,1213700
NIFTY-II.NFO,05/08/2024,12:15:12,24212.3,24212.2,200,24216.85,275,125,1213700
NIFTY-II.NFO,05/08/2024,12:15:14,24217,24213.4,250,24218,25,50,1213700
NIFTY-II.NFO,05/08/2024,12:15:15,24217,24215.1,275,24218,25,0,1213700
NIFTY-II.NFO,05/08/2024,12:15:17,24215.9,24214.85,200,24218,25,25,1213700
NIFTY-II.NFO,05/08/2024,12:15:19,24216,24214.75,200,24216,25,25,1213700
NIFTY-II.NFO,05/08/2024,12:15:21,24216.35,24216.3,200,24220,75,100,1213700
NIFTY-II.NFO,05/08/2024,12:15:22,24216.35,24215.9,175,24219.95,125,0,1213700
NIFTY-II.NFO,05/08/2024,12:15:24,24216.05,24216.1,200,24219.8,250,25,1213700
NIFTY-II.NFO,05/08/2024,12:15:26,24215.9,24215.9,75,24217.5,25,100,1213700
NIFTY-II.NFO,05/08/2024,12:15:27,24215.9,24215.9,25,24217.6,125,50,1213700
NIFTY-II.NFO,05/08/2024,12:15:29,24215.9,24215,25,24216,50,25,1213700
NIFTY-II.NFO,05/08/2024,12:15:31,24215.35,24207.55,275,24213,75,175,1213700
NIFTY-II.NFO,05/08/2024,12:15:32,24215.35,24210,25,24212.3,150,0,1213700
NIFTY-II.NFO,05/08/2024,12:15:34,24215.35,24210,25,24211.5,250,0,1213700
NIFTY-II.NFO,05/08/2024,12:15:36,24204.9,24205,275,24210.85,475,50,1213700
NIFTY-II.NFO,05/08/2024,12:15:37,24210.8,24207.4,275,24212.25,125,300,1213700
NIFTY-II.NFO,05/08/2024,12:15:39,24213.65,24207.35,25,24210.35,125,25,1213700
NIFTY-II.NFO,05/08/2024,12:15:41,24210,24207.4,25,24209.95,125,25,1213700
NIFTY-II.NFO,05/08/2024,12:15:42,24206.85,24200.35,275,24205.75,300,125,1213700
NIFTY-II.NFO,05/08/2024,12:15:44,24206.85,24200.15,200,24204.75,300,0,1213700
NIFTY-II.NFO,05/08/2024,12:15:46,24203.85,24200.15,275,24204.75,250,50,1213700
NIFTY-II.NFO,05/08/2024,12:15:47,24203.85,24200.15,200,24204.45,200,0,1213700
NIFTY-II.NFO,05/08/2024,12:15:49,24203.95,24200,125,24203.65,150,50,1213700
NIFTY-II.NFO,05/08/2024,12:15:51,24202.65,24200.05,25,24201.2,125,50,1213700
NIFTY-II.NFO,05/08/2024,12:15:52,24200.05,24200,75,24201.15,25,25,1213700
NIFTY-II.NFO,05/08/2024,12:15:54,24201.15,24200,75,24201.8,150,25,1213700
NIFTY-II.NFO,05/08/2024,12:15:56,24202.25,24200,25,24202.25,100,100,1213700
NIFTY-II.NFO,05/08/2024,12:15:57,24203.7,24200.15,275,24203.75,25,150,1213700
NIFTY-II.NFO,05/08/2024,12:15:59,24202.85,24201.15,25,24205.5,425,125,1213700
NIFTY-II.NFO,05/08/2024,12:16:01,24202,24202,100,24203.2,175,150,1213700
NIFTY-II.NFO,05/08/2024,12:16:02,24202,24200,25,24201.75,175,100,1213700
NIFTY-II.NFO,05/08/2024,12:16:04,24202,24200.05,200,24204.55,25,0,1213700
NIFTY-II.NFO,05/08/2024,12:16:06,24198.5,24198.9,200,24203,25,50,1212975
NIFTY-II.NFO,05/08/2024,12:16:07,24199.1,24199.6,150,24205.45,25,100,1212975
NIFTY-II.NFO,05/08/2024,12:16:09,24199.1,24200.1,50,24203.5,25,0,1212975
NIFTY-II.NFO,05/08/2024,12:16:11,24200.1,24199.7,150,24204.35,200,25,1212975
NIFTY-II.NFO,05/08/2024,12:16:12,24199.7,24199.65,25,24204.35,200,25,1212975
NIFTY-II.NFO,05/08/2024,12:16:14,24199.7,24201.55,200,24205.75,50,0,1212975
NIFTY-II.NFO,05/08/2024,12:16:15,24203.2,24202.25,100,24207.45,275,25,1212975
NIFTY-II.NFO,05/08/2024,12:16:17,24202.15,24202.15,150,24207.45,450,25,1212975
NIFTY-II.NFO,05/08/2024,12:16:19,24203.1,24203.15,125,24207.5,25,25,1212975
NIFTY-II.NFO,05/08/2024,12:16:20,24207.5,24205.1,100,24210.75,200,50,1212975
NIFTY-II.NFO,05/08/2024,12:16:22,24207.5,24206.3,100,24210.1,25,0,1212975
NIFTY-II.NFO,05/08/2024,12:16:24,24210.1,24208.1,25,24212,25,25,1212975
NIFTY-II.NFO,05/08/2024,12:16:25,24213.85,24209.05,25,24213.85,200,75,1212975
NIFTY-II.NFO,05/08/2024,12:16:27,24213.85,24209.9,150,24214.7,200,0,1212975
NIFTY-II.NFO,05/08/2024,12:16:29,24213.85,24211.3,150,24217.15,275,0,1212975
NIFTY-II.NFO,05/08/2024,12:16:30,24211.55,24211.55,25,24216.3,275,25,1212975
NIFTY-II.NFO,05/08/2024,12:16:32,24211.55,24209.85,50,24215.45,275,0,1212975
NIFTY-II.NFO,05/08/2024,12:16:34,24214.1,24208.95,175,24213.7,200,25,1212975
NIFTY-II.NFO,05/08/2024,12:16:35,24214.25,24208.95,50,24213.6,325,25,1212975
NIFTY-II.NFO,05/08/2024,12:16:37,24214.25,24206.6,50,24211.65,325,0,1212975
NIFTY-II.NFO,05/08/2024,12:16:39,24214.25,24202.2,250,24208.6,325,0,1212975
NIFTY-II.NFO,05/08/2024,12:16:40,24210.4,24204.45,200,24210.35,200,25,1212975
NIFTY-II.NFO,05/08/2024,12:16:42,24210.35,24210,25,24210.45,25,25,1212975
NIFTY-II.NFO,05/08/2024,12:16:44,24210.35,24210,25,24213.45,200,0,1212975
NIFTY-II.NFO,05/08/2024,12:16:45,24210,24207.5,300,24213.1,275,25,1212975
NIFTY-II.NFO,05/08/2024,12:16:47,24210,24208.55,75,24213.3,200,0,1212975
NIFTY-II.NFO,05/08/2024,12:16:49,24210,24207.7,250,24211.7,125,0,1212975
NIFTY-II.NFO,05/08/2024,12:16:50,24210,24207.25,300,24212.4,125,0,1212975
NIFTY-II.NFO,05/08/2024,12:16:52,24210,24209.2,175,24213.25,125,0,1212975
NIFTY-II.NFO,05/08/2024,12:16:54,24210,24210.1,250,24214.8,125,0,1212975
NIFTY-II.NFO,05/08/2024,12:16:55,24214.75,24208.1,275,24214.55,250,25,1212975
NIFTY-II.NFO,05/08/2024,12:16:57,24214.75,24207.2,200,24212.8,325,0,1212975
NIFTY-II.NFO,05/08/2024,12:16:59,24214.75,24210.1,200,24215.15,200,0,1212975
NIFTY-II.NFO,05/08/2024,12:17:00,24214.75,24210.05,25,24214.75,325,0,1212975
NIFTY-II.NFO,05/08/2024,12:17:02,24214.75,24210,50,24213.95,25,0,1212975
NIFTY-II.NFO,05/08/2024,12:17:03,24214.75,24210,50,24213.65,50,0,1212975
NIFTY-II.NFO,05/08/2024,12:17:05,24214.75,24210.05,200,24214.2,125,0,1212975
NIFTY-II.NFO,05/08/2024,12:17:07,24214.75,24210.05,275,24214.5,125,0,1212975
NIFTY-II.NFO,05/08/2024,12:17:08,24217.65,24211.1,275,24216.9,125,75,1212975
NIFTY-II.NFO,05/08/2024,12:17:10,24217.65,24210.05,275,24216.1,250,0,1212975
NIFTY-II.NFO,05/08/2024,12:17:12,24217.65,24206.9,275,24212.45,175,0,1212975
NIFTY-II.NFO,05/08/2024,12:17:13,24217.65,24207,25,24210.65,250,0,1212975
NIFTY-II.NFO,05/08/2024,12:17:15,24210.7,24207.05,200,24211.55,125,100,1212975
NIFTY-II.NFO,05/08/2024,12:17:17,24210.7,24207,25,24210.65,125,0,1212975
NIFTY-II.NFO,05/08/2024,12:17:18,24210.7,24207,25,24209.75,125,0,1212975
NIFTY-II.NFO,05/08/2024,12:17:20,24208.45,24207,25,24210.1,175,25,1212975
NIFTY-II.NFO,05/08/2024,12:17:22,24208.45,24207,25,24209.35,175,0,1212975
NIFTY-II.NFO,05/08/2024,12:17:23,24208.45,24207,25,24209.85,125,0,1212975
NIFTY-II.NFO,05/08/2024,12:17:25,24206.95,24204.9,200,24207,25,50,1212975
NIFTY-II.NFO,05/08/2024,12:17:27,24208.9,24204.9,275,24210.8,175,50,1212975
NIFTY-II.NFO,05/08/2024,12:17:28,24208.9,24205.65,200,24210.3,250,0,1212975
NIFTY-II.NFO,05/08/2024,12:17:30,24210.8,24208.25,200,24213.45,125,25,1212975
NIFTY-II.NFO,05/08/2024,12:17:32,24210,24205.95,275,24212.8,250,25,1212975
NIFTY-II.NFO,05/08/2024,12:17:33,24210,24207.7,200,24212.95,25,0,1212975
NIFTY-II.NFO,05/08/2024,12:17:35,24210,24212.8,25,24213.65,125,0,1212975
NIFTY-II.NFO,05/08/2024,12:17:37,24210,24212.8,25,24214.85,125,0,1212975
NIFTY-II.NFO,05/08/2024,12:17:38,24212.8,24209.2,275,24214.8,200,25,1212975
NIFTY-II.NFO,05/08/2024,12:17:40,24212.8,24207.2,275,24212.85,200,0,1212975
NIFTY-II.NFO,05/08/2024,12:17:42,24212.8,24208.35,325,24214.6,250,0,1212975
NIFTY-II.NFO,05/08/2024,12:17:43,24211.05,24212.2,325,24218,150,25,1212975
NIFTY-II.NFO,05/08/2024,12:17:45,24211.05,24211.25,275,24215.95,25,0,1212975
NIFTY-II.NFO,05/08/2024,12:17:47,24216.75,24212.6,275,24217.9,50,25,1212975
NIFTY-II.NFO,05/08/2024,12:17:48,24216.75,24212.5,275,24217.6,150,0,1212975
NIFTY-II.NFO,05/08/2024,12:17:50,24216.75,24215.35,275,24219,25,0,1212975
NIFTY-II.NFO,05/08/2024,12:17:51,24219,24216.3,275,24220,250,25,1212975
NIFTY-II.NFO,05/08/2024,12:17:53,24219,24215.8,200,24220,250,0,1212975
NIFTY-II.NFO,05/08/2024,12:17:55,24216.1,24215.35,225,24220,250,100,1212975
NIFTY-II.NFO,05/08/2024,12:17:56,24216.1,24215.35,225,24219.4,125,0,1212975
NIFTY-II.NFO,05/08/2024,12:17:58,24216.1,24216.35,75,24220,250,0,1212975
NIFTY-II.NFO,05/08/2024,12:18:00,24216.1,24217.05,25,24220,250,0,1212975
NIFTY-II.NFO,05/08/2024,12:18:01,24220,24218.2,125,24220.1,25,250,1212975
NIFTY-II.NFO,05/08/2024,12:18:03,24222.35,24221.6,275,24225,100,50,1212975
NIFTY-II.NFO,05/08/2024,12:18:05,24222.35,24222.8,75,24225,100,0,1212975
NIFTY-II.NFO,05/08/2024,12:18:06,24225.55,24224.35,50,24225.65,25,125,1212975
NIFTY-II.NFO,05/08/2024,12:18:08,24227,24225.1,325,24227.4,25,100,1212975
NIFTY-II.NFO,05/08/2024,12:18:09,24227,24223.8,250,24225,25,0,1212975
NIFTY-II.NFO,05/08/2024,12:18:11,24227,24222.45,50,24225,25,0,1212975
NIFTY-II.NFO,05/08/2024,12:18:14,24224.9,24222.45,250,24225,25,50,1212975
NIFTY-II.NFO,05/08/2024,12:18:16,24224.9,24223.1,200,24225,25,0,1212975
NIFTY-II.NFO,05/08/2024,12:18:18,24225,24222.1,50,24225,325,375,1212975
NIFTY-II.NFO,05/08/2024,12:18:19,24225,24224.05,100,24227.4,25,350,1212975
NIFTY-II.NFO,05/08/2024,12:18:21,24227.45,24224.05,25,24227.45,200,50,1212975
NIFTY-II.NFO,05/08/2024,12:18:22,24225,24225,1150,24227.25,200,375,1212975
NIFTY-II.NFO,05/08/2024,12:18:24,24227.25,24225,1150,24227.25,200,25,1212975
NIFTY-II.NFO,05/08/2024,12:18:26,24227.2,24225,1150,24227.3,50,50,1212975
NIFTY-II.NFO,05/08/2024,12:18:27,24228.85,24226.05,25,24228.9,25,625,1212975
NIFTY-II.NFO,05/08/2024,12:18:29,24228.85,24225.05,25,24228.85,200,0,1212975
NIFTY-II.NFO,05/08/2024,12:18:31,24228.85,24225.05,25,24228.75,200,0,1212975
NIFTY-II.NFO,05/08/2024,12:18:32,24228.75,24225,1150,24228.85,200,25,1212975
NIFTY-II.NFO,05/08/2024,12:18:34,24228.65,24225,1250,24228.65,200,25,1212975
NIFTY-II.NFO,05/08/2024,12:18:35,24228.65,24225.05,25,24228.8,275,0,1212975
NIFTY-II.NFO,05/08/2024,12:18:37,24225.05,24225,1250,24227.25,275,25,1212975
NIFTY-II.NFO,05/08/2024,12:18:39,24227.55,24225,1250,24227.15,200,75,1212975
NIFTY-II.NFO,05/08/2024,12:18:40,24226.65,24225,1250,24226.65,200,25,1212975
NIFTY-II.NFO,05/08/2024,12:18:42,24226.65,24225,1250,24226.3,200,0,1212975
NIFTY-II.NFO,05/08/2024,12:18:43,24225,24225,675,24227.7,250,575,1212975
NIFTY-II.NFO,05/08/2024,12:18:45,24220.05,24220.05,175,24225.65,250,700,1212975
NIFTY-II.NFO,05/08/2024,12:18:47,24220,24220,50,24223.8,325,25,1212975
NIFTY-II.NFO,05/08/2024,12:18:48,24220,24214.05,175,24219.95,250,50,1212975
NIFTY-II.NFO,05/08/2024,12:18:50,24220,24216.1,250,24222.6,325,500,1212975
NIFTY-II.NFO,05/08/2024,12:18:52,24220,24215.1,275,24221.85,325,50,1212975
NIFTY-II.NFO,05/08/2024,12:18:53,24212.05,24212.4,150,24219.9,250,125,1212975
NIFTY-II.NFO,05/08/2024,12:18:55,24221.5,24215.1,175,24220.8,575,25,1212975
NIFTY-II.NFO,05/08/2024,12:18:57,24220.45,24213.1,175,24220.4,250,75,1212975
NIFTY-II.NFO,05/08/2024,12:18:58,24220.4,24211.35,200,24218.15,125,25,1212975
NIFTY-II.NFO,05/08/2024,12:19:00,24220.35,24215.1,275,24221.8,175,200,1212975
NIFTY-II.NFO,05/08/2024,12:19:02,24220.15,24215,25,24219.8,375,50,1212975
NIFTY-II.NFO,05/08/2024,12:19:03,24220.15,24215,25,24219.75,375,0,1212975
NIFTY-II.NFO,05/08/2024,12:19:05,24215,24212.15,275,24218.3,300,25,1213650
NIFTY-II.NFO,05/08/2024,12:19:07,24212.15,24212.15,275,24218.65,175,50,1213650
NIFTY-II.NFO,05/08/2024,12:19:08,24212.15,24212.1,275,24218.45,175,0,1213650
NIFTY-II.NFO,05/08/2024,12:19:10,24218.95,24214.35,200,24219.75,325,175,1213650
NIFTY-II.NFO,05/08/2024,12:19:12,24218.95,24211.75,275,24217.5,325,0,1213650
NIFTY-II.NFO,05/08/2024,12:19:15,24218.95,24215.55,200,24218.95,50,0,1213650
NIFTY-II.NFO,05/08/2024,12:19:17,24218.95,24215.9,200,24218.95,50,0,1213650
NIFTY-II.NFO,05/08/2024,12:19:18,24218.95,24215.3,275,24218.95,50,0,1213650
NIFTY-II.NFO,05/08/2024,12:19:20,24215.45,24216.05,275,24218.95,50,250,1213650
NIFTY-II.NFO,05/08/2024,12:19:21,24218.95,24218.6,250,24220,100,75,1213650
NIFTY-II.NFO,05/08/2024,12:19:23,24222,24219.5,300,24222,25,150,1213650
NIFTY-II.NFO,05/08/2024,12:19:25,24217.9,24216.05,125,24221.9,200,250,1213650
NIFTY-II.NFO,05/08/2024,12:19:26,24216.7,24216.7,125,24220,50,25,1213650
NIFTY-II.NFO,05/08/2024,12:19:28,24222,24218.05,50,24223.4,200,75,1213650
NIFTY-II.NFO,05/08/2024,12:19:30,24222,24219.25,125,24223.45,25,0,1213650
NIFTY-II.NFO,05/08/2024,12:19:31,24222,24220.3,50,24223.45,25,0,1213650
NIFTY-II.NFO,05/08/2024,12:19:33,24223.45,24220.3,50,24224.6,200,25,1213650
NIFTY-II.NFO,05/08/2024,12:19:35,24223.45,24220.6,125,24225,50,0,1213650
NIFTY-II.NFO,05/08/2024,12:19:36,24223.45,24220.1,125,24224.95,200,0,1213650
NIFTY-II.NFO,05/08/2024,12:19:38,24223.45,24221.1,125,24225,50,0,1213650
NIFTY-II.NFO,05/08/2024,12:19:40,24221.1,24220.5,50,24222,150,25,1213650
NIFTY-II.NFO,05/08/2024,12:19:41,24220.95,24220.95,125,24225,25,250,1213650
NIFTY-II.NFO,05/08/2024,12:19:43,24221.1,24223.3,125,24225,25,50,1213650
NIFTY-II.NFO,05/08/2024,12:19:45,24223.05,24221.2,50,24223,125,25,1213650
NIFTY-II.NFO,05/08/2024,12:19:46,24223,24221.05,50,24223,50,75,1213650
NIFTY-II.NFO,05/08/2024,12:19:48,24225,24221.05,125,24225,25,75,1213650
NIFTY-II.NFO,05/08/2024,12:19:50,24225,24221,25,24224.95,275,0,1213650
NIFTY-II.NFO,05/08/2024,12:19:52,24221,24220.05,25,24224.55,200,25,1213650
NIFTY-II.NFO,05/08/2024,12:19:53,24224.7,24218.8,175,24224.65,200,50,1213650
NIFTY-II.NFO,05/08/2024,12:19:55,24224.7,24220.1,50,24225,25,0,1213650
NIFTY-II.NFO,05/08/2024,12:19:56,24224.7,24222.3,50,24225,25,0,1213650
NIFTY-II.NFO,05/08/2024,12:19:58,24224.7,24221.05,50,24225,25,0,1213650
NIFTY-II.NFO,05/08/2024,12:20:00,24224.95,24221,25,24224.95,200,50,1213650
NIFTY-II.NFO,05/08/2024,12:20:01,24224.95,24221,25,24224.95,200,0,1213650
NIFTY-II.NFO,05/08/2024,12:20:03,24217.9,24218,50,24220,275,225,1213650
NIFTY-II.NFO,05/08/2024,12:20:05,24220,24213.15,125,24219.85,275,25,1213650
NIFTY-II.NFO,05/08/2024,12:20:06,24219.95,24214.9,200,24219.95,250,225,1213650
NIFTY-II.NFO,05/08/2024,12:20:08,24219.95,24214.4,200,24219.95,250,0,1213650
NIFTY-II.NFO,05/08/2024,12:20:10,24219.95,24213.8,325,24219.75,225,25,1213650
NIFTY-II.NFO,05/08/2024,12:20:11,24217.95,24213.75,50,24217.95,25,50,1213650
NIFTY-II.NFO,05/08/2024,12:20:13,24219.4,24213.75,50,24218.2,150,25,1213650
NIFTY-II.NFO,05/08/2024,12:20:15,24218.4,24213.8,200,24218.4,100,50,1213650
NIFTY-II.NFO,05/08/2024,12:20:16,24215.25,24212.45,50,24215.5,50,25,1213650
NIFTY-II.NFO,05/08/2024,12:20:18,24215.55,24211.05,25,24216.45,300,175,1213650
NIFTY-II.NFO,05/08/2024,12:20:19,24212,24206.5,275,24213.3,125,50,1213650
NIFTY-II.NFO,05/08/2024,12:20:21,24217.75,24211.1,275,24216.35,75,50,1213650
NIFTY-II.NFO,05/08/2024,12:20:23,24218.75,24213.4,200,24219.9,125,25,1213650
NIFTY-II.NFO,05/08/2024,12:20:24,24218.3,24212.3,275,24218.6,275,25,1213650
NIFTY-II.NFO,05/08/2024,12:20:26,24223.5,24218.1,275,24224.35,150,300,1213650
NIFTY-II.NFO,05/08/2024,12:20:28,24224.7,24221.4,125,24225,275,25,1213650
NIFTY-II.NFO,05/08/2024,12:20:29,24225,24221.25,275,24225,250,25,1213650
NIFTY-II.NFO,05/08/2024,12:20:31,24225,24220,100,24224.95,150,50,1213650
NIFTY-II.NFO,05/08/2024,12:20:33,24222.95,24220,100,24222.95,25,50,1213650
NIFTY-II.NFO,05/08/2024,12:20:34,24220,24220,75,24222.95,100,50,1213650
NIFTY-II.NFO,05/08/2024,12:20:36,24222.95,24220.05,25,24222.95,50,50,1213650
NIFTY-II.NFO,05/08/2024,12:20:38,24219.65,24213.2,275,24219.7,125,225,1213650
NIFTY-II.NFO,05/08/2024,12:20:39,24219.65,24215.95,25,24220.5,150,0,1213650
NIFTY-II.NFO,05/08/2024,12:20:41,24220.4,24214.5,275,24220.45,375,225,1213650
NIFTY-II.NFO,05/08/2024,12:20:42,24220.45,24214.5,275,24220.3,125,25,1213650
NIFTY-II.NFO,05/08/2024,12:20:44,24220,24214.5,275,24221.4,375,50,1213650
NIFTY-II.NFO,05/08/2024,12:20:46,24217.25,24213.35,25,24217.35,375,50,1213650
NIFTY-II.NFO,05/08/2024,12:20:47,24218.6,24214.05,100,24219.25,100,25,1213650
NIFTY-II.NFO,05/08/2024,12:20:49,24217.25,24213.35,275,24219.6,150,50,1213650
NIFTY-II.NFO,05/08/2024,12:20:51,24219.85,24214.5,25,24219.85,125,25,1213650
NIFTY-II.NFO,05/08/2024,12:20:52,24221.65,24216.1,200,24222.95,200,75,1213650
NIFTY-II.NFO,05/08/2024,12:20:54,24222.95,24216.75,200,24222.95,175,50,1213650
NIFTY-II.NFO,05/08/2024,12:20:56,24223.25,24216.2,275,24222.35,375,50,1213650
NIFTY-II.NFO,05/08/2024,12:20:57,24223.3,24216.65,200,24223.35,150,50,1213650
NIFTY-II.NFO,05/08/2024,12:20:59,24225,24221.6,200,24225,225,50,1213650
NIFTY-II.NFO,05/08/2024,12:21:01,24225.55,24224.1,200,24228.9,25,250,1213650
NIFTY-II.NFO,05/08/2024,12:21:02,24228.75,24223.05,25,24227.55,250,200,1213650
NIFTY-II.NFO,05/08/2024,12:21:04,24222.6,24222.1,200,24227.7,175,25,1213650
NIFTY-II.NFO,05/08/2024,12:21:06,24228.75,24223.4,75,24228.75,125,50,1213650
NIFTY-II.NFO,05/08/2024,12:21:07,24228.3,24222.7,50,24228.3,100,25,1213650
NIFTY-II.NFO,05/08/2024,12:21:09,24223.1,24223.05,25,24228.2,225,25,1213650
NIFTY-II.NFO,05/08/2024,12:21:11,24222.5,24221.5,25,24225.95,300,100,1213650
NIFTY-II.NFO,05/08/2024,12:21:12,24225,24223.1,25,24224.75,325,25,1213650
NIFTY-II.NFO,05/08/2024,12:21:14,24220.05,24220.05,100,24225,250,100,1213650
NIFTY-II.NFO,05/08/2024,12:21:16,24225,24222.05,25,24225.85,250,25,1213650
NIFTY-II.NFO,05/08/2024,12:21:17,24225,24223.4,275,24228.9,25,0,1213650
NIFTY-II.NFO,05/08/2024,12:21:19,24228.9,24224.9,275,24229,25,50,1213650
NIFTY-II.NFO,05/08/2024,12:21:21,24230,24225.15,125,24230,150,50,1213650
NIFTY-II.NFO,05/08/2024,12:21:22,24228.7,24223.25,50,24228.75,325,50,1213650
NIFTY-II.NFO,05/08/2024,12:21:24,24228.7,24224.2,50,24229.4,250,200,1213650
NIFTY-II.NFO,05/08/2024,12:21:26,24228.05,24223.1,50,24227.25,250,25,1213650
NIFTY-II.NFO,05/08/2024,12:21:27,24222.25,24222.3,275,24227.55,250,75,1213650
NIFTY-II.NFO,05/08/2024,12:21:29,24216.95,24217.05,325,24222.3,25,150,1213650
NIFTY-II.NFO,05/08/2024,12:21:31,24217.05,24217.05,75,24221.3,25,50,1213650
NIFTY-II.NFO,05/08/2024,12:21:32,24220.35,24214.4,325,24219.25,250,50,1213650
NIFTY-II.NFO,05/08/2024,12:21:34,24220.7,24215.45,275,24221.45,250,25,1213650
NIFTY-II.NFO,05/08/2024,12:21:36,24215.05,24214.15,275,24219.8,50,125,1213650
NIFTY-II.NFO,05/08/2024,12:21:37,24218.95,24212.75,275,24218.95,75,75,1213650
NIFTY-II.NFO,05/08/2024,12:21:39,24212.75,24212.75,275,24218.3,75,50,1213650
NIFTY-II.NFO,05/08/2024,12:21:41,24218.5,24212.75,200,24218.2,300,50,1213650
NIFTY-II.NFO,05/08/2024,12:21:42,24218.1,24212.75,200,24218.15,300,50,1213650
NIFTY-II.NFO,05/08/2024,12:21:44,24215.85,24212.7,50,24214,25,25,1213650
NIFTY-II.NFO,05/08/2024,12:21:46,24211.85,24211.85,25,24213.95,250,200,1213650
NIFTY-II.NFO,05/08/2024,12:21:47,24209.95,24205.65,275,24211.4,50,175,1213650
NIFTY-II.NFO,05/08/2024,12:21:49,24205.85,24205.65,275,24211.5,425,125,1213650
NIFTY-II.NFO,05/08/2024,12:21:51,24205.85,24207.1,200,24212.9,175,0,1213650
NIFTY-II.NFO,05/08/2024,12:21:52,24213.75,24207.55,200,24213.75,175,50,1213650
NIFTY-II.NFO,05/08/2024,12:21:54,24208.1,24206.85,150,24213.4,425,175,1213650
NIFTY-II.NFO,05/08/2024,12:21:56,24211.35,24205.65,275,24210.75,200,50,1213650
NIFTY-II.NFO,05/08/2024,12:21:57,24211.7,24205.6,25,24210.5,225,25,1213650
NIFTY-II.NFO,05/08/2024,12:21:59,24208.8,24205.6,25,24207.85,125,100,1213650
NIFTY-II.NFO,05/08/2024,12:22:01,24205.9,24201.15,275,24205.65,50,150,1213650
NIFTY-II.NFO,05/08/2024,12:22:02,24206.65,24201.5,200,24206.65,50,50,1213650
NIFTY-II.NFO,05/08/2024,12:22:04,24206.65,24203.7,275,24208.75,300,0,1213650
NIFTY-II.NFO,05/08/2024,12:22:06,24205.9,24201.1,25,24204.9,250,50,1217425
NIFTY-II.NFO,05/08/2024,12:22:07,24200.1,24200.1,275,24204.65,25,75,1217425
NIFTY-II.NFO,05/08/2024,12:22:09,24206,24202.25,325,24207.75,250,75,1217425
NIFTY-II.NFO,05/08/2024,12:22:11,24206,24200.05,25,24204.4,250,0,1217425
NIFTY-II.NFO,05/08/2024,12:22:12,24206,24200.05,25,24204.65,300,0,1217425
NIFTY-II.NFO,05/08/2024,12:22:14,24200,24200,50,24203,250,475,1217425
NIFTY-II.NFO,05/08/2024,12:22:16,24200,24200.3,275,24205.55,275,25,1217425
NIFTY-II.NFO,05/08/2024,12:22:17,24200.6,24200.6,25,24205.65,25,50,1217425
NIFTY-II.NFO,05/08/2024,12:22:19,24203.35,24198.45,125,24203.95,275,50,1217425
NIFTY-II.NFO,05/08/2024,12:22:21,24202.05,24197.1,275,24202.85,175,50,1217425
NIFTY-II.NFO,05/08/2024,12:22:22,24198.7,24198.15,325,24203.5,25,50,1217425
NIFTY-II.NFO,05/08/2024,12:22:24,24198.7,24198.55,275,24202.95,25,0,1217425
NIFTY-II.NFO,05/08/2024,12:22:25,24201.9,24196.6,275,24202.3,200,25,1217425
NIFTY-II.NFO,05/08/2024,12:22:27,24199.25,24199.2,75,24204.45,250,25,1217425
NIFTY-II.NFO,05/08/2024,12:22:29,24199.25,24197.4,250,24200.95,25,0,1217425
NIFTY-II.NFO,05/08/2024,12:22:30,24198.65,24201.2,275,24205.85,50,50,1217425
NIFTY-II.NFO,05/08/2024,12:22:32,24200.25,24199.15,50,24202.95,25,25,1217425
NIFTY-II.NFO,05/08/2024,12:22:34,24197.05,24196.8,200,24200.95,25,50,1217425
NIFTY-II.NFO,05/08/2024,12:22:35,24197.05,24196.45,50,24200.9,50,0,1217425
NIFTY-II.NFO,05/08/2024,12:22:37,24197.05,24196.05,275,24199.95,25,0,1217425
NIFTY-II.NFO,05/08/2024,12:22:38,24197.05,24196.2,325,24201.8,50,0,1217425
NIFTY-II.NFO,05/08/2024,12:22:40,24198.6,24196.05,275,24199.95,25,25,1217425
NIFTY-II.NFO,05/08/2024,12:22:42,24196.05,24196.05,200,24200,100,25,1217425
NIFTY-II.NFO,05/08/2024,12:22:43,24196.05,24196.15,325,24200,100,0,1217425
NIFTY-II.NFO,05/08/2024,12:22:45,24196.05,24198.45,275,24200,100,0,1217425
NIFTY-II.NFO,05/08/2024,12:22:47,24204.65,24200.5,275,24204.8,25,175,1217425
NIFTY-II.NFO,05/08/2024,12:22:48,24200.4,24199.6,50,24203.9,375,50,1217425
NIFTY-II.NFO,05/08/2024,12:22:50,24200.4,24197.85,50,24203.15,300,0,1217425
NIFTY-II.NFO,05/08/2024,12:22:52,24200.4,24196,25,24199.9,125,0,1217425
NIFTY-II.NFO,05/08/2024,12:22:53,24195,24195.15,200,24200.9,525,50,1217425
NIFTY-II.NFO,05/08/2024,12:22:55,24195,24195.05,200,24199.85,100,0,1217425
NIFTY-II.NFO,05/08/2024,12:22:56,24195,24195,75,24198.7,100,0,1217425
NIFTY-II.NFO,05/08/2024,12:22:58,24195,24195.55,275,24200,75,0,1217425
NIFTY-II.NFO,05/08/2024,12:23:00,24195.65,24195.9,275,24199.95,25,50,1217425
NIFTY-II.NFO,05/08/2024,12:23:01,24199.95,24195,75,24198.95,25,125,1217425
NIFTY-II.NFO,05/08/2024,12:23:03,24198.95,24196.05,250,24200,100,25,1217425
NIFTY-II.NFO,05/08/2024,12:23:05,24199.95,24195.2,50,24199.95,200,75,1217425
NIFTY-II.NFO,05/08/2024,12:23:06,24199.95,24195.4,325,24199.95,150,50,1217425
NIFTY-II.NFO,05/08/2024,12:23:08,24199.95,24195.9,275,24200,100,0,1217425
NIFTY-II.NFO,05/08/2024,12:23:10,24200,24196.9,275,24200,75,25,1217425
NIFTY-II.NFO,05/08/2024,12:23:11,24200,24197.4,275,24201.95,25,75,1217425
NIFTY-II.NFO,05/08/2024,12:23:13,24200,24200,50,24204.35,125,75,1217425
NIFTY-II.NFO,05/08/2024,12:23:14,24200,24200.2,50,24204.3,25,0,1217425
NIFTY-II.NFO,05/08/2024,12:23:16,24205.4,24200.05,275,24205.7,125,25,1217425
NIFTY-II.NFO,05/08/2024,12:23:18,24204.55,24200.35,325,24204.9,25,25,1217425
NIFTY-II.NFO,05/08/2024,12:23:19,24204.55,24200.05,275,24204.85,100,0,1217425
NIFTY-II.NFO,05/08/2024,12:23:21,24204.55,24199.95,25,24203.9,100,0,1217425
NIFTY-II.NFO,05/08/2024,12:23:22,24201.8,24195.9,200,24200.8,250,150,1217425
NIFTY-II.NFO,05/08/2024,12:23:24,24200.5,24195.05,275,24200.25,200,375,1217425
NIFTY-II.NFO,05/08/2024,12:23:26,24197.4,24195,100,24197.55,25,75,1217425
NIFTY-II.NFO,05/08/2024,12:23:27,24199,24199,50,24200.6,25,75,1217425
NIFTY-II.NFO,05/08/2024,12:23:29,24200.55,24195.05,175,24199.15,25,175,1217425
NIFTY-II.NFO,05/08/2024,12:23:31,24199.15,24195.05,175,24199.15,25,25,1217425
NIFTY-II.NFO,05/08/2024,12:23:32,24195.15,24196.1,200,24199.95,25,50,1217425
NIFTY-II.NFO,05/08/2024,12:23:34,24196.55,24195.15,125,24199.3,25,25,1217425
NIFTY-II.NFO,05/08/2024,12:23:36,24196.55,24196.8,175,24200,25,0,1217425
NIFTY-II.NFO,05/08/2024,12:23:37,24201,24198.15,250,24201,25,25,1217425
NIFTY-II.NFO,05/08/2024,12:23:39,24200.95,24197.45,200,24200.95,25,25,1217425
NIFTY-II.NFO,05/08/2024,12:23:40,24201.9,24197.45,225,24202,25,75,1217425
NIFTY-II.NFO,05/08/2024,12:23:42,24202.8,24197.5,200,24201.9,25,25,1217425
NIFTY-II.NFO,05/08/2024,12:23:44,24202.8,24197.1,125,24201.85,25,0,1217425
NIFTY-II.NFO,05/08/2024,12:23:45,24200.75,24195.05,125,24199.8,25,25,1217425
NIFTY-II.NFO,05/08/2024,12:23:47,24200.75,24195.05,125,24199.35,25,0,1217425
NIFTY-II.NFO,05/08/2024,12:23:49,24200.75,24195,125,24198.4,25,0,1217425
NIFTY-II.NFO,05/08/2024,12:23:50,24199.15,24195.05,100,24199.15,25,50,1217425
NIFTY-II.NFO,05/08/2024,12:23:52,24198.8,24195.05,100,24199.15,25,25,1217425
NIFTY-II.NFO,05/08/2024,12:23:54,24199.1,24195.05,200,24199.3,25,475,1217425
NIFTY-II.NFO,05/08/2024,12:23:55,24195.05,24195.05,275,24199.95,25,25,1217425
NIFTY-II.NFO,05/08/2024,12:23:57,24202.15,24199.1,325,24203,25,600,1217425
NIFTY-II.NFO,05/08/2024,12:23:59,24204.35,24200.1,200,24203.95,25,25,1217425
NIFTY-II.NFO,05/08/2024,12:24:00,24204.65,24199.85,275,24203.7,25,25,1217425
NIFTY-II.NFO,05/08/2024,12:24:02,24203.75,24199.9,275,24204.25,25,25,1217425
NIFTY-II.NFO,05/08/2024,12:24:03,24205,24203.4,200,24208.2,25,75,1217425
NIFTY-II.NFO,05/08/2024,12:24:05,24204.65,24203.5,250,24207.75,25,50,1217425
NIFTY-II.NFO,05/08/2024,12:24:07,24203.75,24204.7,275,24207.75,25,50,1217425
NIFTY-II.NFO,05/08/2024,12:24:08,24208.35,24205.2,250,24208.5,25,25,1217425
NIFTY-II.NFO,05/08/2024,12:24:10,24209.8,24208.55,200,24210.7,25,25,1217425
NIFTY-II.NFO,05/08/2024,12:24:12,24210,24207.1,250,24211.6,25,100,1217425
NIFTY-II.NFO,05/08/2024,12:24:13,24210,24208.35,50,24209.75,25,0,1217425
NIFTY-II.NFO,05/08/2024,12:24:15,24206.1,24204.55,275,24209.1,25,100,1217425
NIFTY-II.NFO,05/08/2024,12:24:17,24206.9,24201.5,50,24206.3,25,25,1217425
NIFTY-II.NFO,05/08/2024,12:24:18,24201.8,24202.8,275,24207.45,25,50,1217425
NIFTY-II.NFO,05/08/2024,12:24:20,24208.6,24204.2,275,24208.75,25,25,1217425
NIFTY-II.NFO,05/08/2024,12:24:22,24208.6,24203.5,200,24208.25,25,0,1217425
NIFTY-II.NFO,05/08/2024,12:24:23,24208.6,24204.45,275,24208.65,25,0,1217425
NIFTY-II.NFO,05/08/2024,12:24:25,24209.1,24205.35,250,24209.15,25,75,1217425
NIFTY-II.NFO,05/08/2024,12:24:27,24209.1,24205.35,200,24209.15,25,0,1217425
NIFTY-II.NFO,05/08/2024,12:24:28,24206.05,24204.7,275,24208.6,25,75,1217425
NIFTY-II.NFO,05/08/2024,12:24:30,24206.05,24205.6,275,24210.35,25,0,1217425
NIFTY-II.NFO,05/08/2024,12:24:32,24210.35,24205.05,25,24209.35,25,100,1217425
NIFTY-II.NFO,05/08/2024,12:24:33,24200.9,24200.9,200,24206.55,25,75,1217425
NIFTY-II.NFO,05/08/2024,12:24:35,24206.35,24200,75,24203.7,25,25,1217425
NIFTY-II.NFO,05/08/2024,12:24:37,24203.7,24200.05,200,24204,25,25,1217425
NIFTY-II.NFO,05/08/2024,12:24:38,24203.7,24200.05,200,24204.25,25,0,1217425
NIFTY-II.NFO,05/08/2024,12:24:40,24203.7,24200.05,300,24205.35,25,0,1217425
NIFTY-II.NFO,05/08/2024,12:24:42,24200,24200,25,24203.55,25,125,1217425
NIFTY-II.NFO,05/08/2024,12:24:43,24200,24198.55,275,24203.1,25,25,1217425
NIFTY-II.NFO,05/08/2024,12:24:45,24200,24198.55,275,24203.1,25,0,1217425
NIFTY-II.NFO,05/08/2024,12:24:47,24200,24199.1,200,24203.9,25,0,1217425
NIFTY-II.NFO,05/08/2024,12:24:48,24200,24198.55,275,24203.85,75,0,1217425
NIFTY-II.NFO,05/08/2024,12:24:50,24200,24196.85,275,24202.05,25,0,1217425
NIFTY-II.NFO,05/08/2024,12:24:52,24200,24196.25,200,24201.4,25,0,1217425
NIFTY-II.NFO,05/08/2024,12:24:53,24200,24195.05,275,24200.2,25,0,1217425
NIFTY-II.NFO,05/08/2024,12:24:55,24200,24195.05,200,24199.1,25,0,1217425
NIFTY-II.NFO,05/08/2024,12:24:57,24199.1,24195.05,275,24199.65,25,25,1217425
NIFTY-II.NFO,05/08/2024,12:24:58,24199.1,24195.05,200,24198.9,75,0,1217425
NIFTY-II.NFO,05/08/2024,12:25:00,24199.1,24195,125,24197,25,0,1217425
NIFTY-II.NFO,05/08/2024,12:25:02,24195,24195,100,24197.35,50,75,1217425
NIFTY-II.NFO,05/08/2024,12:25:03,24195.05,24190.05,200,24194.9,25,125,1217425
NIFTY-II.NFO,05/08/2024,12:25:05,24195.35,24190.05,275,24195.4,25,25,1217425
NIFTY-II.NFO,05/08/2024,12:25:07,24195.35,24191.1,275,24197,50,0,1217425
NIFTY-II.NFO,05/08/2024,12:25:08,24195.35,24190.9,275,24196.45,50,25,1220100
NIFTY-II.NFO,05/08/2024,12:25:10,24195.35,24190.05,275,24195.2,25,0,1220100
NIFTY-II.NFO,05/08/2024,12:25:12,24193.1,24190,125,24193.55,25,75,1220100
NIFTY-II.NFO,05/08/2024,12:25:13,24193.1,24190.05,200,24192.55,25,0,1220100
NIFTY-II.NFO,05/08/2024,12:25:15,24193.1,24190,125,24194.3,100,0,1220100
NIFTY-II.NFO,05/08/2024,12:25:17,24190.1,24190.25,275,24195.9,50,50,1220100
NIFTY-II.NFO,05/08/2024,12:25:18,24192.55,24190.75,275,24196.3,50,75,1220100
NIFTY-II.NFO,05/08/2024,12:25:20,24191.7,24190.35,50,24193.2,25,50,1220100
NIFTY-II.NFO,05/08/2024,12:25:21,24193.2,24190,125,24193.15,75,25,1220100
NIFTY-II.NFO,05/08/2024,12:25:23,24185.7,24185.7,275,24189.95,25,275,1220100
NIFTY-II.NFO,05/08/2024,12:25:25,24190,24189.1,325,24193.2,25,75,1220100
NIFTY-II.NFO,05/08/2024,12:25:26,24187.7,24187.7,200,24192,25,25,1220100
NIFTY-II.NFO,05/08/2024,12:25:28,24187.55,24187.2,200,24190.95,25,50,1220100
NIFTY-II.NFO,05/08/2024,12:25:30,24188.3,24186.3,275,24189.95,25,100,1220100
NIFTY-II.NFO,05/08/2024,12:25:31,24188,24186.1,275,24190.4,25,100,1220100
NIFTY-II.NFO,05/08/2024,12:25:33,24186.65,24184.2,275,24186.65,25,100,1220100
NIFTY-II.NFO,05/08/2024,12:25:35,24189.3,24187.7,25,24189.85,25,225,1220100
NIFTY-II.NFO,05/08/2024,12:25:36,24185.05,24180.85,25,24184.55,25,100,1220100
NIFTY-II.NFO,05/08/2024,12:25:38,24186.95,24182.5,275,24186.6,25,50,1220100
NIFTY-II.NFO,05/08/2024,12:25:40,24186.6,24182.9,275,24184.65,25,25,1220100
NIFTY-II.NFO,05/08/2024,12:25:41,24184.65,24182.3,200,24186.95,25,25,1220100
NIFTY-II.NFO,05/08/2024,12:25:43,24182.1,24181.75,25,24184.9,25,100,1220100
NIFTY-II.NFO,05/08/2024,12:25:45,24182.05,24182.75,175,24188,25,25,1220100
NIFTY-II.NFO,05/08/2024,12:25:46,24187.9,24181.75,25,24185.4,25,25,1220100
NIFTY-II.NFO,05/08/2024,12:25:48,24187.9,24180.05,300,24185.15,25,0,1220100
NIFTY-II.NFO,05/08/2024,12:25:50,24185.15,24181.2,275,24186.6,25,25,1220100
NIFTY-II.NFO,05/08/2024,12:25:51,24187.95,24183.9,250,24188.4,25,50,1220100
NIFTY-II.NFO,05/08/2024,12:25:53,24184.1,24182.2,225,24186.85,225,25,1220100
NIFTY-II.NFO,05/08/2024,12:25:55,24182.2,24181.2,25,24184.05,25,50,1220100
NIFTY-II.NFO,05/08/2024,12:25:56,24180,24180.6,125,24184.1,25,325,1220100
NIFTY-II.NFO,05/08/2024,12:25:58,24180,24180,75,24181.55,25,50,1220100
NIFTY-II.NFO,05/08/2024,12:26:00,24176.7,24176.6,25,24180.3,225,125,1220100
NIFTY-II.NFO,05/08/2024,12:26:01,24181.45,24179.1,50,24184.1,25,75,1220100
NIFTY-II.NFO,05/08/2024,12:26:03,24177.45,24177.4,25,24182.25,25,75,1220100
NIFTY-II.NFO,05/08/2024,12:26:05,24182.65,24176.6,50,24179.8,200,50,1220100
NIFTY-II.NFO,05/08/2024,12:26:06,24178.45,24175.55,25,24180,25,50,1220100
NIFTY-II.NFO,05/08/2024,12:26:08,24178.45,24175,50,24178.65,200,0,1220100
NIFTY-II.NFO,05/08/2024,12:26:10,24175,24175,25,24178.15,200,25,1220100
NIFTY-II.NFO,05/08/2024,12:26:11,24175,24175,25,24175.95,25,0,1220100
NIFTY-II.NFO,05/08/2024,12:26:13,24171.05,24174.05,100,24178.9,200,625,1220100
NIFTY-II.NFO,05/08/2024,12:26:15,24179.1,24175.45,25,24179.85,200,25,1220100
NIFTY-II.NFO,05/08/2024,12:26:16,24182.95,24178.8,50,24182.75,200,50,1220100
NIFTY-II.NFO,05/08/2024,12:26:18,24184.05,24181.35,50,24184.05,25,25,1220100
NIFTY-II.NFO,05/08/2024,12:26:20,24184.1,24181.1,125,24186.95,200,75,1220100
NIFTY-II.NFO,05/08/2024,12:26:21,24184.1,24182.2,50,24186.95,225,0,1220100
NIFTY-II.NFO,05/08/2024,12:26:23,24186,24181.25,50,24185.75,200,25,1220100
NIFTY-II.NFO,05/08/2024,12:26:25,24184.9,24179.95,75,24184,25,50,1220100
NIFTY-II.NFO,05/08/2024,12:26:26,24184.9,24178.1,75,24182.95,200,0,1220100
NIFTY-II.NFO,05/08/2024,12:26:28,24182.8,24177.1,50,24181.2,200,25,1220100
NIFTY-II.NFO,05/08/2024,12:26:30,24184,24179.95,100,24184,25,75,1220100
NIFTY-II.NFO,05/08/2024,12:26:31,24184,24180.45,100,24185.35,200,25,1220100
NIFTY-II.NFO,05/08/2024,12:26:33,24184,24181.1,100,24186.15,25,0,1220100
NIFTY-II.NFO,05/08/2024,12:26:35,24180.95,24180.9,150,24185.65,200,25,1220100
NIFTY-II.NFO,05/08/2024,12:26:36,24186,24181.6,125,24186,25,125,1220100
NIFTY-II.NFO,05/08/2024,12:26:38,24186,24183.5,100,24187,25,50,1220100
NIFTY-II.NFO,05/08/2024,12:26:39,24187,24185.3,175,24189.5,25,25,1220100
NIFTY-II.NFO,05/08/2024,12:26:41,24185.5,24183.05,25,24187.6,25,75,1220100
NIFTY-II.NFO,05/08/2024,12:26:43,24185.55,24180.75,50,24185.15,200,25,1220100
NIFTY-II.NFO,05/08/2024,12:26:44,24185.55,24179.05,25,24182.7,25,0,1220100
NIFTY-II.NFO,05/08/2024,12:26:46,24185.95,24181.4,100,24185.95,25,50,1220100
NIFTY-II.NFO,05/08/2024,12:26:48,24185.95,24182,25,24185.95,25,0,1220100
NIFTY-II.NFO,05/08/2024,12:26:49,24185.95,24183.1,50,24185.95,25,25,1220100
NIFTY-II.NFO,05/08/2024,12:26:51,24183.6,24184.15,250,24185.95,25,75,1220100
NIFTY-II.NFO,05/08/2024,12:26:53,24183.6,24181.2,125,24185.85,25,50,1220100
NIFTY-II.NFO,05/08/2024,12:26:54,24185.95,24183.45,150,24185.95,25,125,1220100
NIFTY-II.NFO,05/08/2024,12:26:56,24185.95,24183.5,75,24185.95,25,25,1220100
NIFTY-II.NFO,05/08/2024,12:26:57,24185.35,24183,50,24185.95,25,100,1220100
NIFTY-II.NFO,05/08/2024,12:26:59,24185.1,24185.1,100,24189.55,200,75,1220100
NIFTY-II.NFO,05/08/2024,12:27:01,24188.75,24185.85,100,24188.75,25,50,1220100
NIFTY-II.NFO,05/08/2024,12:27:02,24184.8,24185.2,250,24188.85,25,125,1220100
NIFTY-II.NFO,05/08/2024,12:27:04,24189,24185.7,50,24188.9,25,75,1220100
NIFTY-II.NFO,05/08/2024,12:27:06,24189,24186.8,250,24191.8,200,50,1220100
NIFTY-II.NFO,05/08/2024,12:27:07,24186.55,24187.6,200,24191.8,200,125,1220100
NIFTY-II.NFO,05/08/2024,12:27:09,24189.8,24185.65,150,24190.95,25,75,1220100
NIFTY-II.NFO,05/08/2024,12:27:11,24188.9,24186.95,250,24189,25,50,1220100
NIFTY-II.NFO,05/08/2024,12:27:12,24189,24186.55,250,24189,25,100,1220100
NIFTY-II.NFO,05/08/2024,12:27:14,24190.9,24183.15,25,24186,25,150,1220100
NIFTY-II.NFO,05/08/2024,12:27:15,24185.65,24181.6,25,24185.45,25,125,1220100
NIFTY-II.NFO,05/08/2024,12:27:17,24185.3,24181,25,24185.3,25,100,1220100
NIFTY-II.NFO,05/08/2024,12:27:19,24181.4,24181.4,25,24184.75,25,75,1220100
NIFTY-II.NFO,05/08/2024,12:27:20,24181.4,24181.6,50,24186.75,275,100,1220100
NIFTY-II.NFO,05/08/2024,12:27:22,24184.55,24181.6,50,24184.55,25,50,1220100
NIFTY-II.NFO,05/08/2024,12:27:24,24183.1,24182.4,200,24185.7,25,100,1220100
NIFTY-II.NFO,05/08/2024,12:27:25,24186.45,24183.85,175,24185.8,25,75,1220100
NIFTY-II.NFO,05/08/2024,12:27:27,24185.9,24183.45,25,24187.4,25,50,1220100
NIFTY-II.NFO,05/08/2024,12:27:29,24186,24185.25,400,24187.8,25,75,1220100
NIFTY-II.NFO,05/08/2024,12:27:30,24189.9,24189.4,25,24191,25,125,1220100
NIFTY-II.NFO,05/08/2024,12:27:32,24191,24189.6,250,24192.35,25,125,1220100
NIFTY-II.NFO,05/08/2024,12:27:34,24189.9,24190.05,100,24193,25,100,1220100
NIFTY-II.NFO,05/08/2024,12:27:35,24193,24190.5,250,24193,25,50,1220100
NIFTY-II.NFO,05/08/2024,12:27:37,24193.9,24191.25,100,24195.25,25,25,1220100
NIFTY-II.NFO,05/08/2024,12:27:39,24193.25,24190.45,100,24193.25,25,50,1220100
NIFTY-II.NFO,05/08/2024,12:27:40,24190.6,24189.15,100,24193.65,200,50,1220100
NIFTY-II.NFO,05/08/2024,12:27:42,24189.5,24190,250,24195.1,25,175,1220100
NIFTY-II.NFO,05/08/2024,12:27:44,24192.05,24191.05,225,24194,25,75,1220100
NIFTY-II.NFO,05/08/2024,12:27:45,24193.9,24192.7,225,24197.75,200,75,1220100
NIFTY-II.NFO,05/08/2024,12:27:47,24196,24192.95,225,24196,25,25,1220100
NIFTY-II.NFO,05/08/2024,12:27:49,24196.15,24193.8,250,24196.25,25,75,1220100
NIFTY-II.NFO,05/08/2024,12:27:50,24199.9,24196.65,250,24199.9,25,150,1220100
NIFTY-II.NFO,05/08/2024,12:27:52,24199.95,24198.05,250,24200,75,25,1220100
NIFTY-II.NFO,05/08/2024,12:27:54,24199.05,24194.85,200,24199.9,25,300,1220100
NIFTY-II.NFO,05/08/2024,12:27:55,24195.5,24195.55,250,24199.6,25,50,1220100
NIFTY-II.NFO,05/08/2024,12:27:57,24198,24196.45,250,24199.6,25,75,1220100
NIFTY-II.NFO,05/08/2024,12:27:59,24198.55,24194.95,250,24198.55,25,50,1220100
NIFTY-II.NFO,05/08/2024,12:28:00,24197.05,24192.25,250,24196.65,125,175,1220100
NIFTY-II.NFO,05/08/2024,12:28:02,24192.3,24190,25,24192.25,25,50,1220100
NIFTY-II.NFO,05/08/2024,12:28:04,24193.35,24190,25,24193.6,25,75,1220100
NIFTY-II.NFO,05/08/2024,12:28:05,24188.2,24188.45,200,24192.7,25,75,1220100
NIFTY-II.NFO,05/08/2024,12:28:07,24190.05,24186.3,200,24190.9,100,75,1223675
NIFTY-II.NFO,05/08/2024,12:28:09,24189.75,24185.3,200,24190.15,25,100,1223675
NIFTY-II.NFO,05/08/2024,12:28:10,24189.8,24185.85,200,24190.15,25,25,1223675
NIFTY-II.NFO,05/08/2024,12:28:12,24191,24186.75,450,24190.85,25,50,1223675
NIFTY-II.NFO,05/08/2024,12:28:14,24187.3,24182.55,275,24188.45,75,75,1223675
NIFTY-II.NFO,05/08/2024,12:28:15,24182.75,24182.75,200,24186.65,25,50,1223675
NIFTY-II.NFO,05/08/2024,12:28:17,24184.3,24185.95,250,24189.4,25,200,1223675
NIFTY-II.NFO,05/08/2024,12:28:19,24184.3,24184.15,250,24187.85,125,0,1223675
NIFTY-II.NFO,05/08/2024,12:28:20,24186.7,24183.55,25,24187.35,25,50,1223675
NIFTY-II.NFO,05/08/2024,12:28:22,24186.65,24182.65,25,24186.95,25,50,1223675
NIFTY-II.NFO,05/08/2024,12:28:24,24186.85,24182.75,275,24186.85,25,25,1223675
NIFTY-II.NFO,05/08/2024,12:28:25,24186.85,24185.45,25,24189.35,25,0,1223675
NIFTY-II.NFO,05/08/2024,12:28:27,24190,24189,25,24193.5,150,100,1223675
NIFTY-II.NFO,05/08/2024,12:28:29,24188.4,24188.35,250,24192.15,25,50,1223675
NIFTY-II.NFO,05/08/2024,12:28:30,24188.4,24188.4,250,24192.05,100,0,1223675
NIFTY-II.NFO,05/08/2024,12:28:32,24188.45,24186.55,250,24190.8,25,25,1223675
NIFTY-II.NFO,05/08/2024,12:28:34,24188.45,24191.55,100,24192.05,25,0,1223675
NIFTY-II.NFO,05/08/2024,12:28:35,24190.55,24187.45,50,24192.3,200,125,1223675
NIFTY-II.NFO,05/08/2024,12:28:37,24187.75,24187.75,225,24191.65,25,25,1223675
NIFTY-II.NFO,05/08/2024,12:28:39,24187.75,24183.65,250,24188.7,200,0,1223675
NIFTY-II.NFO,05/08/2024,12:28:40,24187.75,24183.15,250,24188.15,200,0,1223675
NIFTY-II.NFO,05/08/2024,12:28:42,24187.75,24182.5,250,24187.15,200,0,1223675
NIFTY-II.NFO,05/08/2024,12:28:44,24187.75,24183.15,250,24185,25,0,1223675
NIFTY-II.NFO,05/08/2024,12:28:45,24183.2,24183.2,225,24185,25,25,1223675
NIFTY-II.NFO,05/08/2024,12:28:47,24183.2,24182.45,175,24185,25,50,1223675
NIFTY-II.NFO,05/08/2024,12:28:49,24187.5,24183.9,175,24187.95,25,50,1223675
NIFTY-II.NFO,05/08/2024,12:28:50,24187.5,24184.2,175,24188.3,200,0,1223675
NIFTY-II.NFO,05/08/2024,12:28:52,24186.2,24187,125,24189.55,25,75,1223675
NIFTY-II.NFO,05/08/2024,12:28:54,24187,24187.6,75,24190,25,50,1223675
NIFTY-II.NFO,05/08/2024,12:28:55,24187,24186,75,24189.05,25,0,1223675
NIFTY-II.NFO,05/08/2024,12:28:57,24187,24188.55,75,24191.05,25,0,1223675
NIFTY-II.NFO,05/08/2024,12:28:59,24187,24189.45,75,24191,25,0,1223675
NIFTY-II.NFO,05/08/2024,12:29:00,24187,24191.45,250,24194.75,25,0,1223675
NIFTY-II.NFO,05/08/2024,12:29:02,24191.45,24191.1,25,24194.05,300,50,1223675
NIFTY-II.NFO,05/08/2024,12:29:04,24190.8,24190.6,150,24194.35,225,25,1223675
NIFTY-II.NFO,05/08/2024,12:29:05,24190.8,24191.8,150,24195.5,200,0,1223675
NIFTY-II.NFO,05/08/2024,12:29:07,24196.8,24190.95,100,24194.95,200,100,1223675
NIFTY-II.NFO,05/08/2024,12:29:09,24192.1,24193.8,125,24196,25,25,1223675
NIFTY-II.NFO,05/08/2024,12:29:10,24194.2,24192.9,75,24196,25,50,1223675
NIFTY-II.NFO,05/08/2024,12:29:12,24194.2,24194,75,24196,25,0,1223675
NIFTY-II.NFO,05/08/2024,12:29:14,24196.2,24196.7,50,24199.95,25,50,1223675
NIFTY-II.NFO,05/08/2024,12:29:15,24196.8,24196.25,25,24199.95,25,25,1223675
NIFTY-II.NFO,05/08/2024,12:29:17,24196.8,24197.4,25,24199.95,25,0,1223675
NIFTY-II.NFO,05/08/2024,12:29:19,24196.8,24194.45,25,24198.55,25,0,1223675
NIFTY-II.NFO,05/08/2024,12:29:20,24196.8,24194.5,25,24198.15,200,0,1223675
NIFTY-II.NFO,05/08/2024,12:29:22,24196.8,24194.2,25,24198.35,200,0,1223675
NIFTY-II.NFO,05/08/2024,12:29:24,24199.4,24195.3,25,24199.2,200,100,1223675
NIFTY-II.NFO,05/08/2024,12:29:25,24199.4,24195.25,125,24199.95,25,0,1223675
NIFTY-II.NFO,05/08/2024,12:29:27,24199.4,24197,50,24199.8,200,0,1223675
NIFTY-II.NFO,05/08/2024,12:29:29,24197,24194.15,150,24198.85,200,50,1223675
NIFTY-II.NFO,05/08/2024,12:29:30,24199.2,24199.2,25,24199.95,25,50,1223675
NIFTY-II.NFO,05/08/2024,12:29:32,24199.2,24195.6,300,24199.95,25,25,1223675
NIFTY-II.NFO,05/08/2024,12:29:34,24199.35,24193.75,125,24198.5,200,25,1223675
NIFTY-II.NFO,05/08/2024,12:29:35,24199.35,24192.7,200,24197.65,200,0,1223675
NIFTY-II.NFO,05/08/2024,12:29:37,24199.35,24191.6,125,24196.55,300,0,1223675
NIFTY-II.NFO,05/08/2024,12:29:39,24199.35,24190.8,25,24193.95,200,0,1223675
NIFTY-II.NFO,05/08/2024,12:29:40,24199.35,24190.8,25,24193.8,225,0,1223675
NIFTY-II.NFO,05/08/2024,12:29:42,24185.9,24185.9,50,24189.5,25,150,1223675
NIFTY-II.NFO,05/08/2024,12:29:44,24185.9,24184.2,125,24189.75,25,0,1223675
NIFTY-II.NFO,05/08/2024,12:29:45,24185.9,24186.1,50,24190.85,25,0,1223675
NIFTY-II.NFO,05/08/2024,12:29:47,24185.9,24186.25,125,24191.05,25,0,1223675
NIFTY-II.NFO,05/08/2024,12:29:49,24185.9,24185.8,25,24188.9,200,0,1223675
NIFTY-II.NFO,05/08/2024,12:29:50,24186,24182.7,75,24186,25,50,1223675
NIFTY-II.NFO,05/08/2024,12:29:52,24186,24182.7,75,24186,25,25,1223675
NIFTY-II.NFO,05/08/2024,12:29:54,24187.55,24182.95,75,24187.6,200,75,1223675
NIFTY-II.NFO,05/08/2024,12:29:55,24186.7,24181.9,100,24187.15,25,50,1223675
NIFTY-II.NFO,05/08/2024,12:29:57,24186.7,24182.4,425,24187.5,50,0,1223675
NIFTY-II.NFO,05/08/2024,12:29:59,24186.7,24181.9,100,24186.85,275,0,1223675
NIFTY-II.NFO,05/08/2024,12:30:00,24186.7,24180,150,24184.95,275,0,1223675
NIFTY-II.NFO,05/08/2024,12:30:02,24183.85,24180,150,24183.85,25,25,1223675
NIFTY-II.NFO,05/08/2024,12:30:04,24183.85,24180.2,100,24184.55,200,25,1223675
NIFTY-II.NFO,05/08/2024,12:30:05,24184.65,24180,150,24183.5,200,50,1223675
NIFTY-II.NFO,05/08/2024,12:30:07,24183.25,24180,150,24182.35,225,25,1223675
NIFTY-II.NFO,05/08/2024,12:30:09,24176.25,24176.8,150,24181.65,50,175,1223675
NIFTY-II.NFO,05/08/2024,12:30:10,24181.6,24176.8,200,24181.75,25,50,1223675
NIFTY-II.NFO,05/08/2024,12:30:12,24181.6,24175.75,125,24180.1,50,0,1223675
NIFTY-II.NFO,05/08/2024,12:30:14,24181.1,24176.3,125,24181.25,325,25,1223675
NIFTY-II.NFO,05/08/2024,12:30:15,24181.1,24176.3,125,24181.45,325,0,1223675
NIFTY-II.NFO,05/08/2024,12:30:17,24181.1,24176.25,25,24179.75,25,0,1223675
NIFTY-II.NFO,05/08/2024,12:30:19,24181.1,24177.1,125,24182.3,50,0,1223675
NIFTY-II.NFO,05/08/2024,12:30:20,24181.1,24178.4,125,24184.15,200,0,1223675
NIFTY-II.NFO,05/08/2024,12:30:22,24181.1,24176.7,50,24180.6,200,0,1223675
NIFTY-II.NFO,05/08/2024,12:30:23,24180.95,24176.8,150,24181.95,275,25,1223675
NIFTY-II.NFO,05/08/2024,12:30:25,24175.25,24175,25,24178.2,225,200,1223675
NIFTY-II.NFO,05/08/2024,12:30:27,24178.25,24173.7,75,24178.85,200,50,1223675
NIFTY-II.NFO,05/08/2024,12:30:28,24178.55,24173.05,25,24177.65,300,25,1223675
NIFTY-II.NFO,05/08/2024,12:30:30,24178.55,24173.45,50,24176,75,0,1223675
NIFTY-II.NFO,05/08/2024,12:30:32,24175.95,24173.35,50,24177.05,25,250,1223675
NIFTY-II.NFO,05/08/2024,12:30:33,24175.95,24173.35,50,24176,200,0,1223675
NIFTY-II.NFO,05/08/2024,12:30:35,24175.95,24173.35,50,24175.7,25,25,1223675
NIFTY-II.NFO,05/08/2024,12:30:37,24175.95,24173.35,50,24176.55,200,0,1223675
NIFTY-II.NFO,05/08/2024,12:30:38,24171,24171,50,24175.3,200,125,1223675
NIFTY-II.NFO,05/08/2024,12:30:40,24170.7,24170.45,25,24174.8,125,400,1223675
NIFTY-II.NFO,05/08/2024,12:30:42,24168.9,24168,300,24173.8,125,50,1223675
NIFTY-II.NFO,05/08/2024,12:30:43,24174.25,24168.25,350,24174.15,325,100,1223675
NIFTY-II.NFO,05/08/2024,12:30:45,24174.25,24168.3,25,24170.75,275,0,1223675
NIFTY-II.NFO,05/08/2024,12:30:46,24172.55,24168.35,25,24172.55,25,25,1223675
NIFTY-II.NFO,05/08/2024,12:30:48,24172.55,24169.9,25,24173,25,0,1223675
NIFTY-II.NFO,05/08/2024,12:30:50,24171.75,24172.6,125,24177.4,25,125,1223675
NIFTY-II.NFO,05/08/2024,12:30:52,24171.75,24173.3,125,24178.7,200,0,1223675
NIFTY-II.NFO,05/08/2024,12:30:53,24178.7,24173.85,175,24178.6,200,125,1223675
NIFTY-II.NFO,05/08/2024,12:30:55,24178.7,24175,175,24179.3,25,0,1223675
NIFTY-II.NFO,05/08/2024,12:30:57,24178.7,24175.05,25,24178.9,250,0,1223675
NIFTY-II.NFO,05/08/2024,12:30:58,24178.7,24175.05,25,24178.25,200,0,1223675
NIFTY-II.NFO,05/08/2024,12:31:00,24168.35,24168.3,25,24172.85,250,50,1223675
NIFTY-II.NFO,05/08/2024,12:31:01,24166.05,24166,25,24169.55,250,225,1223675
NIFTY-II.NFO,05/08/2024,12:31:03,24166.05,24166,50,24170.65,25,0,1223675
NIFTY-II.NFO,05/08/2024,12:31:05,24161.65,24161.45,25,24165.15,25,250,1223675
NIFTY-II.NFO,05/08/2024,12:31:06,24153,24152.8,25,24155,25,625,1226650
NIFTY-II.NFO,05/08/2024,12:31:08,24153,24152.8,25,24156.9,250,0,1226650
NIFTY-II.NFO,05/08/2024,12:31:10,24152.8,24152.35,25,24154.85,200,25,1226650
NIFTY-II.NFO,05/08/2024,12:31:11,24150.75,24150.75,25,24152.8,25,125,1226650
NIFTY-II.NFO,05/08/2024,12:31:13,24152.8,24151,150,24155.4,25,50,1226650
NIFTY-II.NFO,05/08/2024,12:31:15,24150,24150,450,24153.7,75,475,1226650
NIFTY-II.NFO,05/08/2024,12:31:16,24150,24148,25,24149.95,200,450,1226650
NIFTY-II.NFO,05/08/2024,12:31:18,24140,24140,225,24142.05,200,200,1226650
NIFTY-II.NFO,05/08/2024,12:31:20,24142.8,24143.75,275,24149.75,25,25,1226650
NIFTY-II.NFO,05/08/2024,12:31:21,24142.8,24141.7,275,24147.25,25,0,1226650
NIFTY-II.NFO,05/08/2024,12:31:23,24142.8,24142.4,200,24147.8,225,0,1226650
NIFTY-II.NFO,05/08/2024,12:31:25,24143.5,24142.9,50,24148.1,275,25,1226650
NIFTY-II.NFO,05/08/2024,12:31:26,24143.5,24141.3,50,24145.15,200,0,1226650
NIFTY-II.NFO,05/08/2024,12:31:28,24146.1,24140.75,200,24145.85,275,75,1226650
NIFTY-II.NFO,05/08/2024,12:31:30,24146.1,24145.05,275,24149.7,25,0,1226650
NIFTY-II.NFO,05/08/2024,12:31:31,24149.95,24144.75,275,24149.95,25,100,1226650
NIFTY-II.NFO,05/08/2024,12:31:33,24150,24146.85,250,24150.75,25,50,1226650
NIFTY-II.NFO,05/08/2024,12:31:35,24146.75,24143.8,25,24147.8,200,25,1226650
NIFTY-II.NFO,05/08/2024,12:31:36,24143.15,24141.9,175,24146.45,225,75,1226650
NIFTY-II.NFO,05/08/2024,12:31:38,24146.45,24142.3,125,24146.35,25,25,1226650
NIFTY-II.NFO,05/08/2024,12:31:40,24143.2,24143.2,250,24146.7,25,25,1226650
NIFTY-II.NFO,05/08/2024,12:31:41,24143.35,24143.35,100,24148.35,25,150,1226650
NIFTY-II.NFO,05/08/2024,12:31:43,24146.75,24143.35,100,24148.35,200,50,1226650
NIFTY-II.NFO,05/08/2024,12:31:45,24143,24143.1,175,24146.75,25,100,1226650
NIFTY-II.NFO,05/08/2024,12:31:46,24142,24140,375,24142.55,200,125,1226650
NIFTY-II.NFO,05/08/2024,12:31:48,24140.95,24140,375,24141.5,25,425,1226650
NIFTY-II.NFO,05/08/2024,12:31:50,24134.8,24134.3,25,24137.75,25,825,1226650
NIFTY-II.NFO,05/08/2024,12:31:51,24139.95,24136,275,24141.45,200,50,1226650
NIFTY-II.NFO,05/08/2024,12:31:53,24140.9,24140.9,125,24145.95,200,150,1226650
NIFTY-II.NFO,05/08/2024,12:31:55,24146,24143.1,25,24147.2,25,50,1226650
NIFTY-II.NFO,05/08/2024,12:31:56,24140.05,24135.9,50,24139.45,200,150,1226650
NIFTY-II.NFO,05/08/2024,12:31:58,24140.05,24134.3,25,24135.45,25,0,1226650
NIFTY-II.NFO,05/08/2024,12:32:00,24134.3,24134.3,25,24137.7,200,50,1226650
NIFTY-II.NFO,05/08/2024,12:32:01,24135.25,24135.3,50,24138.95,25,175,1226650
NIFTY-II.NFO,05/08/2024,12:32:03,24135.25,24134.35,125,24139.25,200,0,1226650
NIFTY-II.NFO,05/08/2024,12:32:05,24134.5,24134.75,125,24138.95,25,100,1226650
NIFTY-II.NFO,05/08/2024,12:32:06,24134.5,24134.3,25,24138.2,225,0,1226650
NIFTY-II.NFO,05/08/2024,12:32:08,24132.6,24134.5,25,24138.85,200,25,1226650
NIFTY-II.NFO,05/08/2024,12:32:10,24132.6,24134.1,100,24138.95,200,0,1226650
NIFTY-II.NFO,05/08/2024,12:32:11,24132.6,24134.1,25,24138.4,25,0,1226650
NIFTY-II.NFO,05/08/2024,12:32:13,24132,24132,25,24136.25,25,100,1226650
NIFTY-II.NFO,05/08/2024,12:32:15,24132,24131.7,50,24137.2,200,75,1226650
NIFTY-II.NFO,05/08/2024,12:32:16,24135.5,24133.75,125,24139.45,25,75,1226650
NIFTY-II.NFO,05/08/2024,12:32:18,24125,24121.25,50,24126.2,200,725,1226650
NIFTY-II.NFO,05/08/2024,12:32:20,24120.85,24121.3,50,24126,225,50,1226650
NIFTY-II.NFO,05/08/2024,12:32:21,24121.2,24126.25,50,24130.75,200,100,1226650
NIFTY-II.NFO,05/08/2024,12:32:23,24121.2,24126.2,100,24127.7,200,0,1226650
NIFTY-II.NFO,05/08/2024,12:32:25,24126.2,24123.45,175,24127.6,25,100,1226650
NIFTY-II.NFO,05/08/2024,12:32:26,24122,24122,25,24125,25,75,1226650
NIFTY-II.NFO,05/08/2024,12:32:28,24122,24122.2,175,24125,25,0,1226650
NIFTY-II.NFO,05/08/2024,12:32:30,24121.45,24121.6,325,24125,25,350,1226650
NIFTY-II.NFO,05/08/2024,12:32:31,24121.45,24120.35,25,24124.6,25,0,1226650
NIFTY-II.NFO,05/08/2024,12:32:33,24127.05,24127.75,300,24133.1,50,725,1226650
NIFTY-II.NFO,05/08/2024,12:32:35,24125.55,24121.3,125,24128.15,200,250,1226650
NIFTY-II.NFO,05/08/2024,12:32:36,24125.55,24122.7,50,24128.65,275,0,1226650
NIFTY-II.NFO,05/08/2024,12:32:38,24125.55,24127.1,75,24130.15,25,0,1226650
NIFTY-II.NFO,05/08/2024,12:32:40,24126.5,24126.5,50,24132.75,25,25,1226650
NIFTY-II.NFO,05/08/2024,12:32:41,24126.5,24129.6,75,24131.9,25,0,1226650
NIFTY-II.NFO,05/08/2024,12:32:43,24126.5,24129.95,50,24135.7,275,0,1226650
NIFTY-II.NFO,05/08/2024,12:32:45,24130.15,24130.2,50,24135.95,200,200,1226650
NIFTY-II.NFO,05/08/2024,12:32:46,24139.4,24133.95,100,24139.4,200,100,1226650
NIFTY-II.NFO,05/08/2024,12:32:48,24139.4,24138.5,300,24142.9,25,0,1226650
NIFTY-II.NFO,05/08/2024,12:32:50,24139.4,24135.4,100,24142,200,0,1226650
NIFTY-II.NFO,05/08/2024,12:32:51,24139.4,24139.4,50,24141.55,200,0,1226650
NIFTY-II.NFO,05/08/2024,12:32:53,24142.45,24139.4,50,24141.3,25,50,1226650
NIFTY-II.NFO,05/08/2024,12:32:55,24141.9,24139.4,50,24142.4,200,75,1226650
NIFTY-II.NFO,05/08/2024,12:32:56,24141.9,24139.4,50,24141.95,275,0,1226650
NIFTY-II.NFO,05/08/2024,12:32:58,24141.9,24139.4,50,24141.5,200,0,1226650
NIFTY-II.NFO,05/08/2024,12:33:00,24143.9,24136.55,200,24141.1,200,175,1226650
NIFTY-II.NFO,05/08/2024,12:33:01,24143.9,24138.45,250,24142.8,200,0,1226650
NIFTY-II.NFO,05/08/2024,12:33:03,24143.65,24143.65,150,24144.1,200,50,1226650
NIFTY-II.NFO,05/08/2024,12:33:05,24141.1,24138.7,200,24143.45,200,175,1226650
NIFTY-II.NFO,05/08/2024,12:33:07,24141.1,24140.3,150,24144.8,25,0,1226650
NIFTY-II.NFO,05/08/2024,12:33:08,24141.1,24136.65,150,24141.8,25,0,1226650
NIFTY-II.NFO,05/08/2024,12:33:10,24141.1,24136.15,150,24141.55,275,0,1226650
NIFTY-II.NFO,05/08/2024,12:33:12,24141.1,24139.65,150,24144.3,25,0,1226650
NIFTY-II.NFO,05/08/2024,12:33:13,24144.95,24141.1,25,24144.95,200,75,1226650
NIFTY-II.NFO,05/08/2024,12:33:15,24141.1,24139.95,250,24143,25,25,1226650
NIFTY-II.NFO,05/08/2024,12:33:17,24143.65,24142.2,100,24146.6,200,125,1226650
NIFTY-II.NFO,05/08/2024,12:33:18,24144.9,24140.45,200,24145.4,50,150,1226650
NIFTY-II.NFO,05/08/2024,12:33:20,24142.3,24140.8,450,24145.5,100,50,1226650
NIFTY-II.NFO,05/08/2024,12:33:22,24141.5,24143.85,250,24146.95,25,50,1226650
NIFTY-II.NFO,05/08/2024,12:33:23,24141.5,24143.95,200,24148.1,25,0,1226650
NIFTY-II.NFO,05/08/2024,12:33:25,24148.15,24144.1,200,24148.3,25,25,1226650
NIFTY-II.NFO,05/08/2024,12:33:27,24148.15,24147.35,200,24151,25,0,1226650
NIFTY-II.NFO,05/08/2024,12:33:28,24148.15,24148.45,200,24152.95,125,0,1226650
NIFTY-II.NFO,05/08/2024,12:33:30,24148.15,24151.75,200,24155,25,0,1226650
NIFTY-II.NFO,05/08/2024,12:33:32,24148.15,24154.7,250,24155.85,25,0,1226650
NIFTY-II.NFO,05/08/2024,12:33:33,24148.15,24152.5,250,24155.25,25,0,1226650
NIFTY-II.NFO,05/08/2024,12:33:35,24150.3,24150.2,200,24155.75,125,75,1226650
NIFTY-II.NFO,05/08/2024,12:33:37,24150.3,24150.15,200,24154.35,75,0,1226650
NIFTY-II.NFO,05/08/2024,12:33:38,24148.5,24148.55,25,24151.1,25,275,1226650
NIFTY-II.NFO,05/08/2024,12:33:40,24148.5,24148.6,100,24152.35,25,0,1226650
NIFTY-II.NFO,05/08/2024,12:33:42,24148.5,24148.55,25,24151.65,25,0,1226650
NIFTY-II.NFO,05/08/2024,12:33:43,24152.45,24148.55,25,24152.25,275,25,1226650
NIFTY-II.NFO,05/08/2024,12:33:45,24146.9,24146.9,75,24148.95,25,250,1226650
NIFTY-II.NFO,05/08/2024,12:33:47,24141.25,24140.65,275,24146.45,25,250,1226650
NIFTY-II.NFO,05/08/2024,12:33:48,24141.25,24143.4,25,24146.3,25,0,1226650
NIFTY-II.NFO,05/08/2024,12:33:52,24146.35,24144.45,25,24146.4,25,50,1226650
NIFTY-II.NFO,05/08/2024,12:33:53,24146.4,24147.1,25,24151.85,50,25,1226650
NIFTY-II.NFO,05/08/2024,12:33:55,24146.4,24143.9,25,24149.75,250,0,1226650
NIFTY-II.NFO,05/08/2024,12:33:57,24146.4,24146.8,25,24149.45,200,0,1226650
NIFTY-II.NFO,05/08/2024,12:33:58,24146.4,24146.7,100,24152.05,200,0,1226650
NIFTY-II.NFO,05/08/2024,12:34:00,24146.4,24147.15,25,24152.05,25,0,1226650
NIFTY-II.NFO,05/08/2024,12:34:02,24146.4,24147.65,25,24152.1,25,0,1226650
NIFTY-II.NFO,05/08/2024,12:34:03,24151.5,24146.95,25,24150.1,25,50,1226650
NIFTY-II.NFO,05/08/2024,12:34:05,24153.35,24147.7,75,24153.45,200,100,1226650
NIFTY-II.NFO,05/08/2024,12:34:07,24153.35,24148.7,25,24151.55,200,0,1226650
NIFTY-II.NFO,05/08/2024,12:34:08,24153.35,24148.85,75,24153.05,25,0,1226650
NIFTY-II.NFO,05/08/2024,12:34:10,24153.35,24150.65,25,24152,25,0,1226650
NIFTY-II.NFO,05/08/2024,12:34:12,24154.4,24150,25,24154.65,200,25,1228450
NIFTY-II.NFO,05/08/2024,12:34:13,24150.85,24150.85,25,24154.4,200,25,1228450
NIFTY-II.NFO,05/08/2024,12:34:15,24150.85,24150.65,75,24154.9,225,175,1228450
NIFTY-II.NFO,05/08/2024,12:34:17,24154.95,24150.75,150,24154.65,25,25,1228450
NIFTY-II.NFO,05/08/2024,12:34:18,24151.45,24150,25,24153.8,25,25,1228450
NIFTY-II.NFO,05/08/2024,12:34:20,24150,24146.15,50,24151.9,200,50,1228450
NIFTY-II.NFO,05/08/2024,12:34:21,24145.05,24141.4,25,24145.25,200,350,1228450
NIFTY-II.NFO,05/08/2024,12:34:23,24141.7,24141.7,25,24145.6,25,25,1228450
NIFTY-II.NFO,05/08/2024,12:34:25,24145.5,24142.2,25,24146.2,50,25,1228450
NIFTY-II.NFO,05/08/2024,12:34:26,24145.5,24141.15,25,24144.25,50,0,1228450
NIFTY-II.NFO,05/08/2024,12:34:28,24145.5,24141.15,25,24143.3,50,0,1228450
NIFTY-II.NFO,05/08/2024,12:34:30,24145.5,24141.15,25,24144.65,200,0,1228450
NIFTY-II.NFO,05/08/2024,12:34:31,24143.45,24141.15,25,24143.45,25,25,1228450
NIFTY-II.NFO,05/08/2024,12:34:33,24143.45,24141.15,25,24143.75,25,0,1228450
NIFTY-II.NFO,05/08/2024,12:34:35,24143.75,24141.15,25,24143.8,25,25,1228450
NIFTY-II.NFO,05/08/2024,12:34:36,24140.95,24141.15,25,24143.7,25,75,1228450
NIFTY-II.NFO,05/08/2024,12:34:38,24141.15,24141.5,50,24145.45,25,25,1228450
NIFTY-II.NFO,05/08/2024,12:34:40,24141.15,24141.35,25,24145.5,100,0,1228450
NIFTY-II.NFO,05/08/2024,12:34:41,24141.35,24140.45,50,24145.45,25,100,1228450
NIFTY-II.NFO,05/08/2024,12:34:43,24141.15,24140.15,50,24145.25,25,25,1228450
NIFTY-II.NFO,05/08/2024,12:34:45,24140.5,24139.85,25,24145.2,25,25,1228450
NIFTY-II.NFO,05/08/2024,12:34:46,24140.5,24140.6,25,24145.45,25,0,1228450
NIFTY-II.NFO,05/08/2024,12:34:48,24145.4,24141.45,100,24145.5,50,50,1228450
NIFTY-II.NFO,05/08/2024,12:34:50,24142,24141.25,50,24145.25,25,25,1228450
NIFTY-II.NFO,05/08/2024,12:34:51,24142,24141.25,50,24145.2,75,0,1228450
NIFTY-II.NFO,05/08/2024,12:34:53,24145.5,24143.1,25,24147.7,200,50,1228450
NIFTY-II.NFO,05/08/2024,12:34:55,24146.35,24142.15,50,24147,200,25,1228450
NIFTY-II.NFO,05/08/2024,12:34:56,24142.05,24141.85,250,24146.65,50,1000,1228450
NIFTY-II.NFO,05/08/2024,12:34:58,24143.05,24141.8,250,24146.85,275,75,1228450
NIFTY-II.NFO,05/08/2024,12:34:59,24143.05,24141.45,250,24145.55,200,0,1228450
NIFTY-II.NFO,05/08/2024,12:35:01,24141.45,24136.3,25,24142.05,125,325,1228450
NIFTY-II.NFO,05/08/2024,12:35:03,24141.45,24136.3,25,24140.45,50,0,1228450
NIFTY-II.NFO,05/08/2024,12:35:04,24140.9,24134.7,25,24139.9,50,50,1228450
NIFTY-II.NFO,05/08/2024,12:35:06,24140.9,24133.7,50,24137.9,50,0,1228450
NIFTY-II.NFO,05/08/2024,12:35:08,24138.45,24134.7,250,24138.7,50,25,1228450
NIFTY-II.NFO,05/08/2024,12:35:09,24138.45,24132.3,250,24136.9,50,0,1228450
NIFTY-II.NFO,05/08/2024,12:35:11,24136.9,24132.65,25,24134.9,25,25,1228450
NIFTY-II.NFO,05/08/2024,12:35:13,24132.65,24132.05,25,24135.7,125,25,1228450
NIFTY-II.NFO,05/08/2024,12:35:14,24132.65,24132.1,25,24134.95,25,0,1228450
NIFTY-II.NFO,05/08/2024,12:35:16,24131,24130.1,125,24131.2,50,100,1228450
NIFTY-II.NFO,05/08/2024,12:35:18,24125.95,24125.9,25,24130,25,200,1228450
NIFTY-II.NFO,05/08/2024,12:35:19,24130.95,24126.95,25,24131.35,50,50,1228450
NIFTY-II.NFO,05/08/2024,12:35:21,24130.95,24125.55,25,24128.85,125,0,1228450
NIFTY-II.NFO,05/08/2024,12:35:23,24130.95,24125.55,25,24128.9,50,0,1228450
NIFTY-II.NFO,05/08/2024,12:35:24,24127.4,24127.95,25,24132.75,300,25,1228450
NIFTY-II.NFO,05/08/2024,12:35:26,24129.7,24129.7,25,24134.85,300,150,1228450
NIFTY-II.NFO,05/08/2024,12:35:28,24129.7,24125.6,25,24129.95,100,0,1228450
NIFTY-II.NFO,05/08/2024,12:35:29,24129.7,24126.55,75,24131.95,100,0,1228450
NIFTY-II.NFO,05/08/2024,12:35:31,24129.7,24128.3,275,24133.7,200,0,1228450
NIFTY-II.NFO,05/08/2024,12:35:32,24130.95,24128.25,25,24132.95,100,75,1228450
NIFTY-II.NFO,05/08/2024,12:35:34,24130.95,24129.15,25,24134.6,275,0,1228450
NIFTY-II.NFO,05/08/2024,12:35:36,24129.35,24129.5,250,24133.95,50,50,1228450
NIFTY-II.NFO,05/08/2024,12:35:37,24129.35,24130.5,50,24135,25,0,1228450
NIFTY-II.NFO,05/08/2024,12:35:39,24129.35,24130.25,25,24133.95,25,0,1228450
NIFTY-II.NFO,05/08/2024,12:35:41,24129.35,24128.9,50,24133.9,75,0,1228450
NIFTY-II.NFO,05/08/2024,12:35:42,24129.35,24127.35,250,24131.9,200,0,1228450
NIFTY-II.NFO,05/08/2024,12:35:44,24129.35,24126.55,25,24130.95,100,0,1228450
NIFTY-II.NFO,05/08/2024,12:35:45,24129.35,24126.55,250,24129.35,25,0,1228450
NIFTY-II.NFO,05/08/2024,12:35:47,24129.8,24125.55,25,24129.05,25,75,1228450
NIFTY-II.NFO,05/08/2024,12:35:49,24129.8,24125,50,24126.35,50,75,1228450
NIFTY-II.NFO,05/08/2024,12:35:50,24125.55,24125.25,250,24128.95,25,350,1228450
NIFTY-II.NFO,05/08/2024,12:35:52,24129.35,24127.7,250,24129.35,25,100,1228450
NIFTY-II.NFO,05/08/2024,12:35:54,24126.45,24123.2,175,24126.95,25,175,1228450
NIFTY-II.NFO,05/08/2024,12:35:55,24116.55,24115.3,50,24118.95,275,175,1228450
NIFTY-II.NFO,05/08/2024,12:35:57,24112.5,24112.35,25,24115.95,25,200,1228450
NIFTY-II.NFO,05/08/2024,12:35:59,24116.95,24113.6,175,24118.75,25,25,1228450
NIFTY-II.NFO,05/08/2024,12:36:00,24114.85,24112.35,25,24117.15,225,250,1228450
NIFTY-II.NFO,05/08/2024,12:36:02,24114.85,24113.55,175,24118.6,225,0,1228450
NIFTY-II.NFO,05/08/2024,12:36:03,24114.85,24113.45,25,24116.6,275,0,1228450
NIFTY-II.NFO,05/08/2024,12:36:05,24114.85,24112.6,25,24116.2,275,0,1228450
NIFTY-II.NFO,05/08/2024,12:36:07,24114.85,24113.05,50,24118.7,200,200,1228450
NIFTY-II.NFO,05/08/2024,12:36:08,24114.85,24112.6,25,24116.75,200,0,1228450
NIFTY-II.NFO,05/08/2024,12:36:10,24112.9,24111,50,24115.85,200,225,1228450
NIFTY-II.NFO,05/08/2024,12:36:11,24113.9,24112.8,50,24117.45,25,75,1228450
NIFTY-II.NFO,05/08/2024,12:36:13,24114.1,24112,50,24118.5,275,50,1228450
NIFTY-II.NFO,05/08/2024,12:36:15,24114.1,24111.35,175,24116.25,200,0,1228450
NIFTY-II.NFO,05/08/2024,12:36:16,24112.8,24111.65,50,24117,50,50,1228450
NIFTY-II.NFO,05/08/2024,12:36:18,24110,24110.5,175,24115.85,200,25,1228450
NIFTY-II.NFO,05/08/2024,12:36:19,24119,24116.25,50,24121,25,75,1228450
NIFTY-II.NFO,05/08/2024,12:36:21,24121.6,24116.7,50,24121.6,25,25,1228450
NIFTY-II.NFO,05/08/2024,12:36:23,24121.6,24113.55,50,24119.2,275,0,1228450
NIFTY-II.NFO,05/08/2024,12:36:24,24121.6,24112.65,175,24118.15,200,0,1228450
NIFTY-II.NFO,05/08/2024,12:36:26,24112.65,24115.85,125,24121.3,200,50,1228450
NIFTY-II.NFO,05/08/2024,12:36:28,24117,24117.5,50,24121.6,25,25,1228450
NIFTY-II.NFO,05/08/2024,12:36:29,24117,24116.6,50,24121.55,200,0,1228450
NIFTY-II.NFO,05/08/2024,12:36:31,24117,24117.35,125,24121.55,50,0,1228450
NIFTY-II.NFO,05/08/2024,12:36:33,24117,24117.8,25,24120,25,0,1228450
NIFTY-II.NFO,05/08/2024,12:36:34,24115.6,24116.9,125,24120,25,250,1228450
NIFTY-II.NFO,05/08/2024,12:36:36,24119.95,24117,50,24119.4,50,25,1228450
NIFTY-II.NFO,05/08/2024,12:36:38,24119.95,24117,50,24119.75,25,0,1228450
NIFTY-II.NFO,05/08/2024,12:36:39,24120,24117,50,24121.6,50,100,1228450
NIFTY-II.NFO,05/08/2024,12:36:41,24125.2,24119.2,75,24124.8,125,250,1228450
NIFTY-II.NFO,05/08/2024,12:36:43,24124.7,24119.25,50,24125.3,275,75,1228450
NIFTY-II.NFO,05/08/2024,12:36:44,24124.7,24120.05,200,24124.85,200,0,1228450
NIFTY-II.NFO,05/08/2024,12:36:46,24124.7,24121.65,125,24127.05,200,0,1228450
NIFTY-II.NFO,05/08/2024,12:36:48,24124.7,24121.75,200,24126.85,225,0,1228450
NIFTY-II.NFO,05/08/2024,12:36:49,24126.25,24120.3,50,24125.9,275,50,1228450
NIFTY-II.NFO,05/08/2024,12:36:51,24122.15,24118.25,100,24123.9,275,50,1228450
NIFTY-II.NFO,05/08/2024,12:36:53,24121,24117,50,24121.1,200,25,1228450
NIFTY-II.NFO,05/08/2024,12:36:54,24121.9,24117.55,100,24123.35,275,25,1228450
NIFTY-II.NFO,05/08/2024,12:36:56,24121.9,24117.05,100,24122.05,275,0,1228450
NIFTY-II.NFO,05/08/2024,12:36:58,24121.9,24117,50,24121.05,300,0,1228450
NIFTY-II.NFO,05/08/2024,12:36:59,24121.9,24117.05,75,24121.75,275,0,1228450
NIFTY-II.NFO,05/08/2024,12:37:01,24118,24117.95,75,24121.85,25,75,1228450
NIFTY-II.NFO,05/08/2024,12:37:03,24121.85,24120.05,50,24121.9,25,50,1228450
NIFTY-II.NFO,05/08/2024,12:37:04,24121.85,24120,25,24121.9,25,0,1228450
NIFTY-II.NFO,05/08/2024,12:37:06,24123.95,24120.05,50,24125.35,225,50,1228450
NIFTY-II.NFO,05/08/2024,12:37:08,24123.95,24120,500,24122.25,200,0,1228450
NIFTY-II.NFO,05/08/2024,12:37:09,24123.95,24120,500,24123.9,275,0,1228450
NIFTY-II.NFO,05/08/2024,12:37:11,24123.95,24120,500,24122.3,225,0,1228450
NIFTY-II.NFO,05/08/2024,12:37:13,24117,24117,25,24119.2,275,525,1230000
NIFTY-II.NFO,05/08/2024,12:37:14,24119.1,24117,25,24119.05,200,25,1230000
NIFTY-II.NFO,05/08/2024,12:37:16,24119.1,24117,25,24120.4,25,0,1230000
NIFTY-II.NFO,05/08/2024,12:37:18,24119.1,24117,25,24118.6,200,0,1230000
NIFTY-II.NFO,05/08/2024,12:37:19,24117,24111.4,150,24116.9,275,50,1230000
NIFTY-II.NFO,05/08/2024,12:37:21,24117.75,24111.8,100,24117.2,25,75,1230000
NIFTY-II.NFO,05/08/2024,12:37:22,24111.8,24114.55,150,24119.45,25,25,1230000
NIFTY-II.NFO,05/08/2024,12:37:24,24111.8,24115.6,175,24121.45,300,0,1230000
NIFTY-II.NFO,05/08/2024,12:37:26,24117.2,24112.25,150,24117.5,50,100,1230000
NIFTY-II.NFO,05/08/2024,12:37:27,24117.2,24112.05,150,24116.55,50,0,1230000
NIFTY-II.NFO,05/08/2024,12:37:29,24117.2,24114.05,150,24118.2,25,0,1230000
NIFTY-II.NFO,05/08/2024,12:37:31,24117.2,24114.8,150,24120,50,0,1230000
NIFTY-II.NFO,05/08/2024,12:37:32,24117.2,24115.75,150,24120,25,25,1230000
NIFTY-II.NFO,05/08/2024,12:37:34,24120,24114,75,24120.45,275,25,1230000
NIFTY-II.NFO,05/08/2024,12:37:36,24113.95,24116.2,125,24121.45,200,25,1230000
NIFTY-II.NFO,05/08/2024,12:37:37,24116.2,24115.85,100,24120.45,50,50,1230000
NIFTY-II.NFO,05/08/2024,12:37:39,24116.55,24116.4,75,24120.7,50,25,1230000
NIFTY-II.NFO,05/08/2024,12:37:41,24116.4,24118.25,100,24122.95,225,25,1230000
NIFTY-II.NFO,05/08/2024,12:37:42,24118.45,24118.55,25,24122.7,200,25,1230000
NIFTY-II.NFO,05/08/2024,12:37:44,24122.65,24116.55,25,24119.9,50,25,1230000
NIFTY-II.NFO,05/08/2024,12:37:45,24115.35,24115.4,25,24120,100,25,1230000
NIFTY-II.NFO,05/08/2024,12:37:47,24115.35,24113.95,25,24117.6,50,0,1230000
NIFTY-II.NFO,05/08/2024,12:37:49,24117.95,24116.4,25,24117.95,200,150,1230000
NIFTY-II.NFO,05/08/2024,12:37:50,24111.45,24111.05,25,24114.9,200,200,1230000
NIFTY-II.NFO,05/08/2024,12:37:52,24114.9,24111.05,25,24113.95,200,75,1230000
NIFTY-II.NFO,05/08/2024,12:37:54,24114.9,24111.05,25,24113,200,0,1230000
NIFTY-II.NFO,05/08/2024,12:37:55,24114.9,24111.05,25,24114.65,200,0,1230000
NIFTY-II.NFO,05/08/2024,12:37:57,24111,24110,325,24112.3,125,125,1230000
NIFTY-II.NFO,05/08/2024,12:37:58,24110,24110,200,24112.45,125,125,1230000
NIFTY-II.NFO,05/08/2024,12:38:00,24110,24105.05,275,24109.95,25,200,1230000
NIFTY-II.NFO,05/08/2024,12:38:02,24111,24109.1,200,24112,250,300,1230000
NIFTY-II.NFO,05/08/2024,12:38:03,24111.25,24107.95,275,24112,250,25,1230000
NIFTY-II.NFO,05/08/2024,12:38:05,24111.9,24107.1,50,24111.95,50,50,1230000
NIFTY-II.NFO,05/08/2024,12:38:07,24112,24108.5,75,24112,200,50,1230000
NIFTY-II.NFO,05/08/2024,12:38:08,24112,24105,25,24108.6,50,0,1230000
NIFTY-II.NFO,05/08/2024,12:38:10,24112,24105.7,400,24109.35,50,0,1230000
NIFTY-II.NFO,05/08/2024,12:38:11,24108.5,24107.1,125,24110,50,75,1230000
NIFTY-II.NFO,05/08/2024,12:38:13,24107.1,24105.75,325,24110,50,200,1230000
NIFTY-II.NFO,05/08/2024,12:38:15,24107.2,24107.15,275,24111.95,50,50,1230000
NIFTY-II.NFO,05/08/2024,12:38:16,24108,24108.3,275,24112,200,50,1230000
NIFTY-II.NFO,05/08/2024,12:38:18,24109.7,24109.7,275,24114.95,175,275,1230000
NIFTY-II.NFO,05/08/2024,12:38:19,24109.7,24107.3,275,24113.65,250,0,1230000
NIFTY-II.NFO,05/08/2024,12:38:21,24114.95,24111,275,24114.95,25,100,1230000
NIFTY-II.NFO,05/08/2024,12:38:23,24117.05,24112.5,125,24117.4,150,75,1230000
NIFTY-II.NFO,05/08/2024,12:38:24,24117.8,24113.4,300,24118.55,150,25,1230000
NIFTY-II.NFO,05/08/2024,12:38:26,24117.8,24114.45,125,24118.9,150,0,1230000
NIFTY-II.NFO,05/08/2024,12:38:27,24120,24117.15,275,24122.5,150,100,1230000
NIFTY-II.NFO,05/08/2024,12:38:29,24120,24116.4,325,24120.35,25,0,1230000
NIFTY-II.NFO,05/08/2024,12:38:31,24120.35,24116.95,275,24120.35,25,50,1230000
NIFTY-II.NFO,05/08/2024,12:38:32,24122.6,24117.1,275,24122.3,175,100,1230000
NIFTY-II.NFO,05/08/2024,12:38:34,24122.6,24118.05,200,24121.95,25,0,1230000
NIFTY-II.NFO,05/08/2024,12:38:36,24122.6,24114.75,200,24119.9,150,0,1230000
NIFTY-II.NFO,05/08/2024,12:38:37,24119.6,24115.15,200,24118.95,25,50,1230000
NIFTY-II.NFO,05/08/2024,12:38:39,24122.5,24117.05,250,24122.6,25,300,1230000
NIFTY-II.NFO,05/08/2024,12:38:41,24122.5,24114.2,200,24119.85,25,0,1230000
NIFTY-II.NFO,05/08/2024,12:38:42,24122.5,24116,300,24119.95,25,0,1230000
NIFTY-II.NFO,05/08/2024,12:38:44,24121.55,24113.45,275,24118.95,25,50,1230000
NIFTY-II.NFO,05/08/2024,12:38:46,24121.55,24110.8,300,24116.9,125,0,1230000
NIFTY-II.NFO,05/08/2024,12:38:47,24121.55,24111,200,24116.95,100,0,1230000
NIFTY-II.NFO,05/08/2024,12:38:49,24116.9,24111.35,275,24116.85,125,25,1230000
NIFTY-II.NFO,05/08/2024,12:38:51,24114.9,24108.35,200,24113.95,150,25,1230000
NIFTY-II.NFO,05/08/2024,12:38:52,24113.95,24109.55,275,24113.9,50,25,1230000
NIFTY-II.NFO,05/08/2024,12:38:54,24113.95,24109.05,275,24113.9,50,0,1230000
NIFTY-II.NFO,05/08/2024,12:38:56,24108.85,24108.75,175,24113.1,50,350,1230000
NIFTY-II.NFO,05/08/2024,12:38:57,24113.5,24111.05,175,24113.9,50,100,1230000
NIFTY-II.NFO,05/08/2024,12:38:59,24113.5,24108.8,175,24113.95,200,0,1230000
NIFTY-II.NFO,05/08/2024,12:39:01,24110.7,24110.9,175,24114.95,25,75,1230000
NIFTY-II.NFO,05/08/2024,12:39:02,24115,24114.1,150,24118.85,200,25,1230000
NIFTY-II.NFO,05/08/2024,12:39:04,24118.6,24115.2,150,24119.95,25,75,1230000
NIFTY-II.NFO,05/08/2024,12:39:06,24118.6,24118.65,50,24121.55,25,0,1230000
NIFTY-II.NFO,05/08/2024,12:39:07,24116,24117.25,50,24121.8,50,175,1230000
NIFTY-II.NFO,05/08/2024,12:39:09,24116,24117.75,50,24122.6,275,0,1230000
NIFTY-II.NFO,05/08/2024,12:39:11,24116,24117.4,50,24122.6,200,0,1230000
NIFTY-II.NFO,05/08/2024,12:39:12,24116,24115.85,50,24120.1,200,0,1230000
NIFTY-II.NFO,05/08/2024,12:39:14,24116,24114.9,175,24119.95,200,0,1230000
NIFTY-II.NFO,05/08/2024,12:39:16,24110,24110,25,24111.1,200,25,1230000
NIFTY-II.NFO,05/08/2024,12:39:17,24108.85,24107,50,24109.8,275,575,1230000
NIFTY-II.NFO,05/08/2024,12:39:19,24107,24105.5,50,24108.55,225,50,1230000
NIFTY-II.NFO,05/08/2024,12:39:21,24107,24105.5,50,24110.15,275,0,1230000
NIFTY-II.NFO,05/08/2024,12:39:22,24107,24105.9,25,24108.85,25,0,1230000
NIFTY-II.NFO,05/08/2024,12:39:24,24105.5,24105,50,24108.8,200,50,1230000
NIFTY-II.NFO,05/08/2024,12:39:26,24105,24104.55,25,24107.6,200,50,1230000
NIFTY-II.NFO,05/08/2024,12:39:27,24101.4,24101,225,24103.95,25,150,1230000
NIFTY-II.NFO,05/08/2024,12:39:29,24101,24100.6,125,24103.75,25,225,1230000
NIFTY-II.NFO,05/08/2024,12:39:31,24104.2,24100.6,50,24104.7,200,125,1230000
NIFTY-II.NFO,05/08/2024,12:39:32,24100.6,24100.1,25,24102.75,25,50,1230000
NIFTY-II.NFO,05/08/2024,12:39:34,24103.5,24100,1525,24103.3,200,150,1230000
NIFTY-II.NFO,05/08/2024,12:39:36,24100.4,24100,1500,24104.95,275,75,1230000
NIFTY-II.NFO,05/08/2024,12:39:37,24104.4,24100.05,50,24103.55,25,100,1230000
NIFTY-II.NFO,05/08/2024,12:39:39,24104.4,24100.05,50,24102.75,25,0,1230000
NIFTY-II.NFO,05/08/2024,12:39:41,24100.05,24100,1475,24104,200,100,1230000
NIFTY-II.NFO,05/08/2024,12:39:42,24104.4,24101,75,24104.4,100,100,1230000
NIFTY-II.NFO,05/08/2024,12:39:44,24106.95,24101.8,150,24107.35,275,125,1230000
NIFTY-II.NFO,05/08/2024,12:39:46,24102.25,24102.55,50,24104.4,25,25,1230000
NIFTY-II.NFO,05/08/2024,12:39:47,24104.4,24100.15,50,24104.85,25,25,1230000
NIFTY-II.NFO,05/08/2024,12:39:49,24101.8,24100.65,25,24104.5,25,50,1230000
NIFTY-II.NFO,05/08/2024,12:39:51,24106.95,24103.1,50,24107.95,25,150,1230000
NIFTY-II.NFO,05/08/2024,12:39:52,24107.95,24102.7,25,24106.9,25,50,1230000
NIFTY-II.NFO,05/08/2024,12:39:54,24107.95,24103.2,50,24108.45,25,0,1230000
NIFTY-II.NFO,05/08/2024,12:39:56,24108.45,24103.3,300,24108.85,25,25,1230000
NIFTY-II.NFO,05/08/2024,12:39:57,24108.1,24106.95,100,24112,25,125,1230000
NIFTY-II.NFO,05/08/2024,12:39:59,24110.1,24110.3,75,24117.3,200,75,1230000
NIFTY-II.NFO,05/08/2024,12:40:01,24110.1,24110.1,125,24116.15,200,0,1230000
NIFTY-II.NFO,05/08/2024,12:40:02,24110.1,24110.9,125,24116.35,200,0,1230000
NIFTY-II.NFO,05/08/2024,12:40:04,24115,24108.4,125,24113.6,25,150,1230000
NIFTY-II.NFO,05/08/2024,12:40:06,24107.45,24108.95,25,24114.05,200,125,1230000
NIFTY-II.NFO,05/08/2024,12:40:07,24107.45,24108.75,125,24115.25,200,0,1230000
NIFTY-II.NFO,05/08/2024,12:40:09,24108.85,24111.6,100,24116.8,50,25,1231325
NIFTY-II.NFO,05/08/2024,12:40:11,24115.5,24114.75,25,24119.95,200,100,1231325
NIFTY-II.NFO,05/08/2024,12:40:12,24113.7,24114.35,125,24119.95,225,25,1231325
NIFTY-II.NFO,05/08/2024,12:40:14,24119.95,24116.9,25,24120,25,25,1231325
NIFTY-II.NFO,05/08/2024,12:40:16,24117.6,24118.35,100,24120,25,75,1231325
NIFTY-II.NFO,05/08/2024,12:40:17,24120,24118.45,125,24122.65,25,25,1231325
NIFTY-II.NFO,05/08/2024,12:40:19,24119.2,24118.85,50,24122.65,25,25,1231325
NIFTY-II.NFO,05/08/2024,12:40:21,24119.2,24119.9,50,24122.65,25,0,1231325
NIFTY-II.NFO,05/08/2024,12:40:22,24120.6,24120.6,25,24125.9,25,100,1231325
NIFTY-II.NFO,05/08/2024,12:40:24,24120.6,24123.35,125,24127,25,0,1231325
NIFTY-II.NFO,05/08/2024,12:40:26,24127,24120.55,125,24126.65,275,25,1231325
NIFTY-II.NFO,05/08/2024,12:40:27,24124.3,24119.2,275,24124.3,25,225,1231325
NIFTY-II.NFO,05/08/2024,12:40:29,24119.3,24121.2,175,24125.9,25,25,1231325
NIFTY-II.NFO,05/08/2024,12:40:31,24125.95,24121.1,175,24125.95,200,25,1231325
NIFTY-II.NFO,05/08/2024,12:40:32,24124.9,24119.05,275,24124.7,275,25,1231325
NIFTY-II.NFO,05/08/2024,12:40:34,24118.3,24117.2,325,24123,325,25,1231325
NIFTY-II.NFO,05/08/2024,12:40:36,24122.7,24116.8,25,24122.35,200,125,1231325
NIFTY-II.NFO,05/08/2024,12:40:37,24115,24115.2,275,24120.65,275,75,1231325
NIFTY-II.NFO,05/08/2024,12:40:39,24120.65,24114.5,200,24119.4,225,25,1231325
NIFTY-II.NFO,05/08/2024,12:40:41,24120.65,24113.85,275,24119.5,300,0,1231325
NIFTY-II.NFO,05/08/2024,12:40:42,24120.25,24113.7,325,24119.95,100,250,1231325
NIFTY-II.NFO,05/08/2024,12:40:44,24119.25,24113.7,275,24119.65,125,50,1231325
NIFTY-II.NFO,05/08/2024,12:40:45,24119.25,24116.25,25,24121.55,75,0,1231325
NIFTY-II.NFO,05/08/2024,12:40:47,24119.25,24118.55,325,24123.45,25,0,1231325
NIFTY-II.NFO,05/08/2024,12:40:49,24119.25,24118.85,200,24124.65,25,0,1231325
NIFTY-II.NFO,05/08/2024,12:40:50,24124.65,24123.05,200,24125,25,75,1231325
NIFTY-II.NFO,05/08/2024,12:40:52,24127.7,24123.05,200,24127.05,25,100,1231325
NIFTY-II.NFO,05/08/2024,12:40:54,24125.6,24123,25,24125.6,25,25,1231325
NIFTY-II.NFO,05/08/2024,12:40:55,24125.6,24123.15,275,24127.05,25,25,1231325
NIFTY-II.NFO,05/08/2024,12:40:57,24122.25,24122.5,200,24125,50,100,1231325
NIFTY-II.NFO,05/08/2024,12:40:59,24125,24121.75,325,24126.4,75,50,1231325
NIFTY-II.NFO,05/08/2024,12:41:00,24127.1,24122.75,200,24127.95,25,100,1231325
NIFTY-II.NFO,05/08/2024,12:41:02,24127.1,24121.85,325,24126.95,25,0,1231325
NIFTY-II.NFO,05/08/2024,12:41:04,24126.45,24121.55,325,24126.75,300,50,1231325
NIFTY-II.NFO,05/08/2024,12:41:05,24126.45,24123.2,200,24128.95,25,0,1231325
NIFTY-II.NFO,05/08/2024,12:41:07,24129.35,24123.55,200,24129.2,25,50,1231325
NIFTY-II.NFO,05/08/2024,12:41:09,24129.35,24123.9,250,24129.2,25,0,1231325
NIFTY-II.NFO,05/08/2024,12:41:10,24129.5,24127.85,200,24130,25,25,1231325
NIFTY-II.NFO,05/08/2024,12:41:12,24129.5,24126.9,200,24129.95,25,0,1231325
NIFTY-II.NFO,05/08/2024,12:41:14,24125,24122.95,200,24128.3,25,25,1231325
NIFTY-II.NFO,05/08/2024,12:41:15,24125,24122.4,200,24127.25,25,0,1231325
NIFTY-II.NFO,05/08/2024,12:41:17,24125.1,24125.05,200,24129.95,50,25,1231325
NIFTY-II.NFO,05/08/2024,12:41:19,24127,24127.15,200,24130,25,25,1231325
NIFTY-II.NFO,05/08/2024,12:41:20,24127,24127.95,25,24130,25,0,1231325
NIFTY-II.NFO,05/08/2024,12:41:22,24127.1,24127.3,225,24130,25,50,1231325
NIFTY-II.NFO,05/08/2024,12:41:24,24130,24129.5,200,24133.1,25,25,1231325
NIFTY-II.NFO,05/08/2024,12:41:25,24134.9,24129.5,200,24133.85,25,75,1231325
NIFTY-II.NFO,05/08/2024,12:41:27,24134.9,24129.5,275,24134.05,25,0,1231325
NIFTY-II.NFO,05/08/2024,12:41:29,24135,24131.65,275,24134.95,25,100,1231325
NIFTY-II.NFO,05/08/2024,12:41:30,24135,24130.6,275,24134.95,25,0,1231325
NIFTY-II.NFO,05/08/2024,12:41:32,24135,24131.15,200,24134.95,25,0,1231325
NIFTY-II.NFO,05/08/2024,12:41:33,24135,24131.35,275,24135,75,50,1231325
NIFTY-II.NFO,05/08/2024,12:41:35,24135,24131.55,275,24135,75,0,1231325
NIFTY-II.NFO,05/08/2024,12:41:37,24135,24131.15,275,24135,75,0,1231325
NIFTY-II.NFO,05/08/2024,12:41:38,24131.7,24130.7,275,24135,75,25,1231325
NIFTY-II.NFO,05/08/2024,12:41:40,24134.95,24129.65,325,24134.95,100,25,1231325
NIFTY-II.NFO,05/08/2024,12:41:42,24134.95,24129.45,50,24133.6,150,0,1231325
NIFTY-II.NFO,05/08/2024,12:41:43,24129.45,24129.45,25,24131.7,25,25,1231325
NIFTY-II.NFO,05/08/2024,12:41:45,24129.45,24129.45,25,24131.7,25,0,1231325
NIFTY-II.NFO,05/08/2024,12:41:47,24129.45,24129.45,25,24131.65,75,0,1231325
NIFTY-II.NFO,05/08/2024,12:41:48,24129.45,24126.3,275,24131.7,25,25,1231325
NIFTY-II.NFO,05/08/2024,12:41:50,24129.45,24126.7,200,24131.65,75,0,1231325
NIFTY-II.NFO,05/08/2024,12:41:51,24129.45,24125.8,200,24130.65,75,0,1231325
NIFTY-II.NFO,05/08/2024,12:41:53,24129.45,24125,25,24129.4,125,0,1231325
NIFTY-II.NFO,05/08/2024,12:41:55,24125.05,24125.9,275,24128,25,25,1231325
NIFTY-II.NFO,05/08/2024,12:41:56,24128,24129,200,24133.4,25,25,1231325
NIFTY-II.NFO,05/08/2024,12:41:58,24129,24129.2,200,24133.6,150,50,1231325
NIFTY-II.NFO,05/08/2024,12:42:00,24129.2,24127.95,200,24133.2,175,25,1231325
NIFTY-II.NFO,05/08/2024,12:42:01,24127.15,24125.05,200,24129.95,200,25,1231325
NIFTY-II.NFO,05/08/2024,12:42:03,24127.15,24125.2,275,24130.65,275,0,1231325
NIFTY-II.NFO,05/08/2024,12:42:05,24125.4,24128.2,175,24133.65,50,25,1231325
NIFTY-II.NFO,05/08/2024,12:42:06,24125.4,24127.2,175,24132.45,200,0,1231325
NIFTY-II.NFO,05/08/2024,12:42:08,24127.15,24126.6,175,24131.85,275,50,1231325
NIFTY-II.NFO,05/08/2024,12:42:10,24127.15,24125.05,175,24130.8,200,0,1231325
NIFTY-II.NFO,05/08/2024,12:42:12,24127.15,24125.2,175,24130.9,200,0,1231325
NIFTY-II.NFO,05/08/2024,12:42:13,24130.45,24125.6,200,24129.85,50,25,1231325
NIFTY-II.NFO,05/08/2024,12:42:15,24130.45,24126,200,24131.55,275,0,1231325
NIFTY-II.NFO,05/08/2024,12:42:17,24130.45,24126.5,200,24131.25,200,0,1231325
NIFTY-II.NFO,05/08/2024,12:42:18,24130.45,24126.7,200,24130.85,25,0,1231325
NIFTY-II.NFO,05/08/2024,12:42:20,24130.45,24126.95,25,24131.45,200,0,1231325
NIFTY-II.NFO,05/08/2024,12:42:22,24130.45,24126.4,200,24130.95,250,0,1231325
NIFTY-II.NFO,05/08/2024,12:42:23,24128.05,24128.05,175,24132.95,225,25,1231325
NIFTY-II.NFO,05/08/2024,12:42:25,24128.05,24130.8,175,24134.95,25,0,1231325
NIFTY-II.NFO,05/08/2024,12:42:27,24135,24139.4,250,24140,25,100,1231325
NIFTY-II.NFO,05/08/2024,12:42:28,24140.3,24137.5,75,24143.4,275,50,1231325
NIFTY-II.NFO,05/08/2024,12:42:30,24140.3,24135.9,225,24140.85,200,0,1231325
NIFTY-II.NFO,05/08/2024,12:42:32,24137.4,24137.1,50,24142.6,225,25,1231325
NIFTY-II.NFO,05/08/2024,12:42:33,24137.4,24137.35,200,24142.8,200,0,1231325
NIFTY-II.NFO,05/08/2024,12:42:35,24143.4,24137.55,200,24143.3,175,100,1231325
NIFTY-II.NFO,05/08/2024,12:42:37,24143.3,24138.75,125,24144.15,150,25,1231325
NIFTY-II.NFO,05/08/2024,12:42:38,24143.15,24137.3,275,24143.25,125,25,1231325
NIFTY-II.NFO,05/08/2024,12:42:40,24143.15,24134.6,275,24139.9,125,0,1231325
NIFTY-II.NFO,05/08/2024,12:42:41,24139.65,24134.1,275,24139.85,25,150,1231325
NIFTY-II.NFO,05/08/2024,12:42:43,24134.95,24134.85,275,24140.65,50,25,1231325
NIFTY-II.NFO,05/08/2024,12:42:45,24134.95,24136.25,275,24141.95,50,0,1231325
NIFTY-II.NFO,05/08/2024,12:42:46,24134.95,24138,200,24143.95,50,0,1231325
NIFTY-II.NFO,05/08/2024,12:42:48,24134.95,24138.95,275,24144.85,125,0,1231325
NIFTY-II.NFO,05/08/2024,12:42:50,24140.5,24140.55,275,24145,325,25,1231325
NIFTY-II.NFO,05/08/2024,12:42:51,24140.5,24139.25,200,24140,100,0,1231325
NIFTY-II.NFO,05/08/2024,12:42:53,24140.5,24136.95,200,24140,100,0,1231325
NIFTY-II.NFO,05/08/2024,12:42:55,24140,24137.85,200,24140,50,50,1231325
NIFTY-II.NFO,05/08/2024,12:42:58,24140,24137.9,275,24140,25,25,1231325
NIFTY-II.NFO,05/08/2024,12:43:00,24139.45,24139.05,325,24144.95,175,50,1231325
NIFTY-II.NFO,05/08/2024,12:43:01,24139.45,24139.9,200,24144.95,175,0,1231325
NIFTY-II.NFO,05/08/2024,12:43:03,24139.9,24136.25,200,24141.95,125,25,1231325
NIFTY-II.NFO,05/08/2024,12:43:05,24134.95,24133.75,200,24139.6,175,50,1231325
NIFTY-II.NFO,05/08/2024,12:43:06,24134.95,24130.65,275,24137.4,125,0,1231325
NIFTY-II.NFO,05/08/2024,12:43:08,24137.45,24130.5,275,24135.7,50,25,1231325
NIFTY-II.NFO,05/08/2024,12:43:10,24130.45,24129,75,24130,25,25,1231325
NIFTY-II.NFO,05/08/2024,12:43:11,24129,24125.45,200,24129.95,50,75,1231375
NIFTY-II.NFO,05/08/2024,12:43:13,24129,24125.15,300,24129.95,50,0,1231375
NIFTY-II.NFO,05/08/2024,12:43:15,24128.35,24125,50,24127.2,125,250,1231375
NIFTY-II.NFO,05/08/2024,12:43:16,24125,24125,25,24126.7,125,25,1231375
NIFTY-II.NFO,05/08/2024,12:43:18,24125,24125,25,24125.3,125,0,1231375
NIFTY-II.NFO,05/08/2024,12:43:19,24125.1,24120,100,24125.8,25,150,1231375
NIFTY-II.NFO,05/08/2024,12:43:21,24123.8,24119.25,450,24124.15,50,50,1231375
NIFTY-II.NFO,05/08/2024,12:43:23,24123.8,24119.25,450,24123.85,25,0,1231375
NIFTY-II.NFO,05/08/2024,12:43:24,24122.3,24119.25,275,24122.3,25,325,1231375
NIFTY-II.NFO,05/08/2024,12:43:26,24119.25,24115.75,275,24121.8,25,375,1231375
NIFTY-II.NFO,05/08/2024,12:43:28,24117.25,24117.1,275,24122.45,75,75,1231375
NIFTY-II.NFO,05/08/2024,12:43:29,24119.15,24117.6,250,24123.8,75,25,1231375
NIFTY-II.NFO,05/08/2024,12:43:31,24119.15,24115.75,275,24121.8,75,0,1231375
NIFTY-II.NFO,05/08/2024,12:43:33,24117.4,24115.7,25,24121.35,100,25,1231375
NIFTY-II.NFO,05/08/2024,12:43:34,24121.45,24116.45,250,24122.35,50,50,1231375
NIFTY-II.NFO,05/08/2024,12:43:36,24121.45,24115.05,200,24120.1,50,0,1231375
NIFTY-II.NFO,05/08/2024,12:43:38,24118.95,24116.45,275,24120.95,25,25,1231375
NIFTY-II.NFO,05/08/2024,12:43:39,24116.05,24116.1,200,24120.5,25,50,1231375
NIFTY-II.NFO,05/08/2024,12:43:41,24116.05,24117.15,200,24120.75,25,0,1231375
NIFTY-II.NFO,05/08/2024,12:43:43,24116.05,24120.1,200,24120.75,25,0,1231375
NIFTY-II.NFO,05/08/2024,12:43:44,24118.75,24116.5,200,24120.75,25,25,1231375
NIFTY-II.NFO,05/08/2024,12:43:46,24113.45,24113.95,200,24119.25,50,25,1231375
NIFTY-II.NFO,05/08/2024,12:43:48,24115,24115,150,24119.35,50,125,1231375
NIFTY-II.NFO,05/08/2024,12:43:49,24115,24115,125,24119.75,50,25,1231375
NIFTY-II.NFO,05/08/2024,12:43:51,24116.05,24116.2,175,24120.15,25,25,1231375
NIFTY-II.NFO,05/08/2024,12:43:53,24121.4,24118.1,175,24123.1,25,100,1231375
NIFTY-II.NFO,05/08/2024,12:43:54,24117.75,24117.75,125,24122.95,200,50,1231375
NIFTY-II.NFO,05/08/2024,12:43:56,24117.75,24117.65,100,24122.65,225,0,1231375
NIFTY-II.NFO,05/08/2024,12:43:58,24120.45,24120.45,100,24125.95,200,25,1231375
NIFTY-II.NFO,05/08/2024,12:43:59,24124.85,24119.6,25,24125.45,200,50,1231375
NIFTY-II.NFO,05/08/2024,12:44:01,24124.85,24121.6,100,24126.6,25,0,1231375
NIFTY-II.NFO,05/08/2024,12:44:03,24119.8,24119.75,25,24124.8,200,25,1231375
NIFTY-II.NFO,05/08/2024,12:44:04,24119.75,24121.6,150,24127.35,225,25,1231375
NIFTY-II.NFO,05/08/2024,12:44:06,24121.6,24119.5,125,24124.95,200,25,1231375
NIFTY-II.NFO,05/08/2024,12:44:08,24119.55,24119.15,125,24124.95,200,50,1231375
NIFTY-II.NFO,05/08/2024,12:44:09,24117.9,24117.25,50,24122.85,200,25,1231375
NIFTY-II.NFO,05/08/2024,12:44:11,24117.9,24120.25,50,24127.25,250,0,1231375
NIFTY-II.NFO,05/08/2024,12:44:13,24117.9,24122.5,125,24127.75,225,0,1231375
NIFTY-II.NFO,05/08/2024,12:44:14,24128.75,24123.6,25,24128.25,200,25,1231375
NIFTY-II.NFO,05/08/2024,12:44:16,24121.5,24122.4,125,24127.75,200,25,1231375
NIFTY-II.NFO,05/08/2024,12:44:18,24123.7,24123.75,275,24129.2,200,300,1231375
NIFTY-II.NFO,05/08/2024,12:44:19,24123.7,24130.3,275,24134.95,200,0,1231375
NIFTY-II.NFO,05/08/2024,12:44:21,24133.15,24128.2,275,24133.65,175,25,1231375
NIFTY-II.NFO,05/08/2024,12:44:22,24126.55,24127.05,200,24132.15,200,25,1231375
NIFTY-II.NFO,05/08/2024,12:44:24,24126.55,24127,275,24132,200,0,1231375
NIFTY-II.NFO,05/08/2024,12:44:26,24123.3,24123.25,125,24128.65,250,75,1231375
NIFTY-II.NFO,05/08/2024,12:44:28,24124,24123.55,100,24129.45,25,25,1231375
NIFTY-II.NFO,05/08/2024,12:44:29,24124,24122.85,100,24128.9,200,0,1231375
NIFTY-II.NFO,05/08/2024,12:44:31,24124,24121,175,24127.5,200,0,1231375
NIFTY-II.NFO,05/08/2024,12:44:33,24119.25,24118.25,75,24124.2,50,25,1231375
NIFTY-II.NFO,05/08/2024,12:44:34,24118.25,24118.25,125,24123.45,25,25,1231375
NIFTY-II.NFO,05/08/2024,12:44:36,24118.25,24117.2,50,24122.9,200,0,1231375
NIFTY-II.NFO,05/08/2024,12:44:38,24123.05,24118.25,125,24123.8,250,75,1231375
NIFTY-II.NFO,05/08/2024,12:44:39,24118.25,24117.25,25,24122.6,200,25,1231375
NIFTY-II.NFO,05/08/2024,12:44:41,24118.25,24116,25,24120.9,25,0,1231375
NIFTY-II.NFO,05/08/2024,12:44:43,24118.25,24116.8,100,24120.9,25,0,1231375
NIFTY-II.NFO,05/08/2024,12:44:44,24118.25,24115.65,100,24121.4,75,0,1231375
NIFTY-II.NFO,05/08/2024,12:44:46,24118.25,24117.05,25,24123.7,200,0,1231375
NIFTY-II.NFO,05/08/2024,12:44:48,24122.05,24115.4,100,24121.9,200,25,1231375
NIFTY-II.NFO,05/08/2024,12:44:49,24118,24113.05,125,24119.6,125,525,1231375
NIFTY-II.NFO,05/08/2024,12:44:51,24118,24112.55,125,24118.45,25,0,1231375
NIFTY-II.NFO,05/08/2024,12:44:53,24118,24112,25,24116.55,50,0,1231375
NIFTY-II.NFO,05/08/2024,12:44:54,24118,24112,25,24116.7,125,0,1231375
NIFTY-II.NFO,05/08/2024,12:44:56,24118,24112,25,24117,125,0,1231375
NIFTY-II.NFO,05/08/2024,12:44:58,24112,24111,125,24117,125,25,1231375
NIFTY-II.NFO,05/08/2024,12:44:59,24112,24111.55,125,24117.65,125,0,1231375
NIFTY-II.NFO,05/08/2024,12:45:01,24118.25,24113.25,125,24118.25,25,50,1231375
NIFTY-II.NFO,05/08/2024,12:45:03,24118.25,24112.1,125,24118.25,100,0,1231375
NIFTY-II.NFO,05/08/2024,12:45:04,24118.25,24112,50,24118.1,125,0,1231375
NIFTY-II.NFO,05/08/2024,12:45:06,24118.25,24112.1,75,24118.2,125,0,1231375
NIFTY-II.NFO,05/08/2024,12:45:07,24118.25,24111.6,100,24117.9,125,0,1231375
NIFTY-II.NFO,05/08/2024,12:45:09,24112,24112.1,100,24117.9,125,25,1231375
NIFTY-II.NFO,05/08/2024,12:45:11,24114.35,24114.8,275,24118.25,25,100,1231375
NIFTY-II.NFO,05/08/2024,12:45:12,24118.25,24116.6,200,24120,25,25,1231375
NIFTY-II.NFO,05/08/2024,12:45:14,24121.5,24117.55,50,24122.3,25,125,1231375
NIFTY-II.NFO,05/08/2024,12:45:16,24118.25,24117.45,350,24122,25,25,1231375
NIFTY-II.NFO,05/08/2024,12:45:17,24118.25,24114.75,50,24120.55,325,0,1231375
NIFTY-II.NFO,05/08/2024,12:45:19,24118.25,24120,100,24122.25,300,0,1231375
NIFTY-II.NFO,05/08/2024,12:45:21,24120,24115.8,325,24121.15,200,100,1231375
NIFTY-II.NFO,05/08/2024,12:45:22,24116.7,24115.4,250,24121.05,275,25,1231375
NIFTY-II.NFO,05/08/2024,12:45:24,24116.7,24118.75,125,24124.3,200,0,1231375
NIFTY-II.NFO,05/08/2024,12:45:26,24119.4,24119.5,125,24124.8,200,25,1231375
NIFTY-II.NFO,05/08/2024,12:45:27,24121.15,24120.1,125,24125.3,200,50,1231375
NIFTY-II.NFO,05/08/2024,12:45:29,24125.3,24120.8,50,24125.35,25,50,1231375
NIFTY-II.NFO,05/08/2024,12:45:31,24121.4,24121.3,450,24125.35,25,25,1231375
NIFTY-II.NFO,05/08/2024,12:45:32,24121.4,24123.75,250,24128.6,200,0,1231375
NIFTY-II.NFO,05/08/2024,12:45:34,24123.8,24124.3,50,24128.6,200,25,1231375
NIFTY-II.NFO,05/08/2024,12:45:36,24122.9,24123,200,24128.5,300,25,1231375
NIFTY-II.NFO,05/08/2024,12:45:37,24121.65,24121.65,50,24126.95,300,25,1231375
NIFTY-II.NFO,05/08/2024,12:45:39,24121.15,24120.25,75,24125.95,275,25,1231375
NIFTY-II.NFO,05/08/2024,12:45:41,24121.15,24119.4,100,24124.7,250,0,1231375
NIFTY-II.NFO,05/08/2024,12:45:42,24126.2,24120.7,25,24126.2,200,75,1231375
NIFTY-II.NFO,05/08/2024,12:45:44,24121.45,24120.65,125,24125,100,25,1231375
NIFTY-II.NFO,05/08/2024,12:45:46,24121.85,24121.6,200,24125,100,25,1231375
NIFTY-II.NFO,05/08/2024,12:45:47,24121.85,24121.85,75,24125,100,25,1231375
NIFTY-II.NFO,05/08/2024,12:45:49,24125,24121.85,75,24124.15,50,25,1231375
NIFTY-II.NFO,05/08/2024,12:45:51,24121.85,24121.85,25,24123.8,275,50,1231375
NIFTY-II.NFO,05/08/2024,12:45:52,24120.25,24120.1,200,24125.65,200,150,1231375
NIFTY-II.NFO,05/08/2024,12:45:54,24120.25,24120.45,125,24125.5,200,0,1231375
NIFTY-II.NFO,05/08/2024,12:45:56,24118.7,24119.05,125,24123.7,25,150,1231375
NIFTY-II.NFO,05/08/2024,12:45:57,24122.3,24122.3,225,24127.95,50,75,1231375
NIFTY-II.NFO,05/08/2024,12:45:59,24122.2,24122.95,50,24128.95,200,25,1231375
NIFTY-II.NFO,05/08/2024,12:46:01,24123.4,24123.05,125,24127.4,25,75,1231375
NIFTY-II.NFO,05/08/2024,12:46:02,24124.4,24124.4,50,24129.35,25,50,1231375
NIFTY-II.NFO,05/08/2024,12:46:04,24123.85,24123.8,75,24129.15,250,25,1231375
NIFTY-II.NFO,05/08/2024,12:46:06,24122.4,24122.75,125,24128.25,275,25,1231375
NIFTY-II.NFO,05/08/2024,12:46:07,24122.9,24122.3,125,24128.15,325,25,1231375
NIFTY-II.NFO,05/08/2024,12:46:09,24122.9,24122.4,75,24128.4,275,0,1231375
NIFTY-II.NFO,05/08/2024,12:46:11,24122,24119.35,125,24125.3,275,25,1230775
NIFTY-II.NFO,05/08/2024,12:46:12,24119.7,24119.35,125,24125.4,275,50,1230775
NIFTY-II.NFO,05/08/2024,12:46:14,24122.85,24118.25,500,24122.9,100,25,1230775
NIFTY-II.NFO,05/08/2024,12:46:16,24118.25,24118.25,475,24121.2,125,25,1230775
NIFTY-II.NFO,05/08/2024,12:46:17,24118.25,24118.25,475,24122.25,275,0,1230775
NIFTY-II.NFO,05/08/2024,12:46:19,24118.25,24118.25,475,24120.8,275,0,1230775
NIFTY-II.NFO,05/08/2024,12:46:20,24118.25,24118.25,450,24119.7,125,25,1230775
NIFTY-II.NFO,05/08/2024,12:46:22,24118.25,24118.25,400,24121.1,325,100,1230775
NIFTY-II.NFO,05/08/2024,12:46:24,24118.25,24118.25,350,24121.3,275,150,1230775
NIFTY-II.NFO,05/08/2024,12:46:25,24118.25,24118.25,300,24120.8,275,50,1230775
NIFTY-II.NFO,05/08/2024,12:46:27,24121.25,24118.25,250,24121.15,275,75,1230775
NIFTY-II.NFO,05/08/2024,12:46:29,24118.25,24118.25,175,24121.1,200,75,1230775
NIFTY-II.NFO,05/08/2024,12:46:30,24118.25,24118.25,125,24119.65,275,50,1230775
NIFTY-II.NFO,05/08/2024,12:46:32,24118.25,24118.25,25,24118.6,250,100,1230775
NIFTY-II.NFO,05/08/2024,12:46:34,24115,24112.35,25,24117.5,100,50,1230775
NIFTY-II.NFO,05/08/2024,12:46:35,24111,24111,25,24115.45,275,150,1230775
NIFTY-II.NFO,05/08/2024,12:46:37,24111,24110.15,100,24114.65,275,25,1230775
NIFTY-II.NFO,05/08/2024,12:46:38,24111,24110.15,100,24114.6,125,0,1230775
NIFTY-II.NFO,05/08/2024,12:46:40,24110.1,24110.05,175,24115.35,25,25,1230775
NIFTY-II.NFO,05/08/2024,12:46:42,24110,24110,75,24113.5,75,25,1230775
NIFTY-II.NFO,05/08/2024,12:46:44,24110,24110,50,24111,100,25,1230775
NIFTY-II.NFO,05/08/2024,12:46:45,24110,24106.9,100,24110,150,50,1230775
NIFTY-II.NFO,05/08/2024,12:46:47,24110,24108.05,175,24111,100,150,1230775
NIFTY-II.NFO,05/08/2024,12:46:49,24111,24112,50,24118.2,275,100,1230775
NIFTY-II.NFO,05/08/2024,12:46:50,24110.15,24110.15,75,24115.85,200,25,1230775
NIFTY-II.NFO,05/08/2024,12:46:52,24110.4,24110.75,25,24116.6,200,50,1230775
NIFTY-II.NFO,05/08/2024,12:46:53,24110.4,24110,25,24115.1,200,0,1230775
NIFTY-II.NFO,05/08/2024,12:46:55,24111.5,24111.45,125,24117.4,275,25,1230775
NIFTY-II.NFO,05/08/2024,12:46:57,24111.5,24110.05,50,24115.8,200,0,1230775
NIFTY-II.NFO,05/08/2024,12:46:58,24110.6,24111.85,125,24117.7,275,50,1230775
NIFTY-II.NFO,05/08/2024,12:47:00,24111.25,24110.8,125,24117.7,275,50,1230775
NIFTY-II.NFO,05/08/2024,12:47:02,24111.25,24115.8,100,24117.6,200,0,1230775
NIFTY-II.NFO,05/08/2024,12:47:03,24115.8,24111.55,50,24117.95,275,100,1230775
NIFTY-II.NFO,05/08/2024,12:47:05,24113.15,24110.65,125,24117.25,250,25,1230775
NIFTY-II.NFO,05/08/2024,12:47:07,24110.7,24112.4,150,24118.2,275,25,1230775
NIFTY-II.NFO,05/08/2024,12:47:08,24118.2,24114.05,50,24118.2,25,50,1230775
NIFTY-II.NFO,05/08/2024,12:47:10,24112.9,24111.6,150,24117.45,275,25,1230775
NIFTY-II.NFO,05/08/2024,12:47:12,24111.6,24112.3,350,24118.2,275,25,1230775
NIFTY-II.NFO,05/08/2024,12:47:13,24112.35,24111.55,150,24117.9,325,25,1230775
NIFTY-II.NFO,05/08/2024,12:47:15,24111.55,24113.75,250,24118.25,50,25,1230775
NIFTY-II.NFO,05/08/2024,12:47:17,24113.95,24115.3,175,24118.25,50,50,1230775
NIFTY-II.NFO,05/08/2024,12:47:18,24115.75,24115.85,75,24118.25,50,50,1230775
NIFTY-II.NFO,05/08/2024,12:47:20,24118.25,24118.5,175,24122.4,25,75,1230775
NIFTY-II.NFO,05/08/2024,12:47:22,24118.4,24118.25,100,24122.05,300,25,1230775
NIFTY-II.NFO,05/08/2024,12:47:23,24118.25,24118.25,75,24121.95,225,25,1230775
NIFTY-II.NFO,05/08/2024,12:47:25,24118.25,24118.25,50,24121.8,275,25,1230775
NIFTY-II.NFO,05/08/2024,12:47:27,24118.25,24118.25,50,24121.75,275,0,1230775
NIFTY-II.NFO,05/08/2024,12:47:30,24118.25,24118.35,425,24122.9,25,0,1230775
NIFTY-II.NFO,05/08/2024,12:47:32,24119.85,24122.15,275,24122.9,25,25,1230775
NIFTY-II.NFO,05/08/2024,12:47:33,24122.8,24122.35,125,24125,25,50,1230775
NIFTY-II.NFO,05/08/2024,12:47:35,24122.6,24122.4,175,24125,25,25,1230775
NIFTY-II.NFO,05/08/2024,12:47:37,24125.05,24125.6,25,24129.3,200,100,1230775
NIFTY-II.NFO,05/08/2024,12:47:38,24125.05,24123.2,175,24128.3,200,0,1230775
NIFTY-II.NFO,05/08/2024,12:47:40,24123.2,24123.9,125,24129.5,200,25,1230775
NIFTY-II.NFO,05/08/2024,12:47:42,24123.6,24124,25,24129.4,275,25,1230775
NIFTY-II.NFO,05/08/2024,12:47:43,24124,24122.85,75,24128.5,275,25,1230775
NIFTY-II.NFO,05/08/2024,12:47:45,24125.05,24123.45,300,24129.55,275,50,1230775
NIFTY-II.NFO,05/08/2024,12:47:47,24123.6,24123.6,75,24128.7,275,25,1230775
NIFTY-II.NFO,05/08/2024,12:47:48,24128.7,24124.2,325,24129.2,200,25,1230775
NIFTY-II.NFO,05/08/2024,12:47:50,24123.6,24119.75,325,24125.45,200,150,1230775
NIFTY-II.NFO,05/08/2024,12:47:52,24120.1,24118.65,50,24124.45,200,25,1230775
NIFTY-II.NFO,05/08/2024,12:47:53,24120.1,24119.1,100,24124,350,0,1230775
NIFTY-II.NFO,05/08/2024,12:47:55,24126.25,24121.65,250,24126.25,325,25,1230775
NIFTY-II.NFO,05/08/2024,12:47:57,24124.45,24124.45,75,24128.95,200,25,1230775
NIFTY-II.NFO,05/08/2024,12:47:58,24124.45,24124.45,100,24129.2,275,25,1230775
NIFTY-II.NFO,05/08/2024,12:48:00,24129.6,24124.45,75,24129.45,200,75,1230775
NIFTY-II.NFO,05/08/2024,12:48:02,24124,24124,125,24128.2,200,50,1230775
NIFTY-II.NFO,05/08/2024,12:48:03,24124,24124,50,24125.9,25,25,1230775
NIFTY-II.NFO,05/08/2024,12:48:05,24123.6,24123.6,175,24126.95,275,75,1230775
NIFTY-II.NFO,05/08/2024,12:48:07,24123.65,24123.65,300,24128.7,200,50,1230775
NIFTY-II.NFO,05/08/2024,12:48:08,24123.95,24124.15,150,24128.3,25,100,1230775
NIFTY-II.NFO,05/08/2024,12:48:10,24126.15,24126.25,150,24130,325,25,1230775
NIFTY-II.NFO,05/08/2024,12:48:12,24126.15,24123.75,275,24129.7,275,0,1230775
NIFTY-II.NFO,05/08/2024,12:48:13,24123.6,24123.6,125,24126.25,25,50,1230775
NIFTY-II.NFO,05/08/2024,12:48:15,24123.6,24123.6,50,24127.2,275,75,1230775
NIFTY-II.NFO,05/08/2024,12:48:16,24123.6,24123.6,75,24128.45,275,25,1230775
NIFTY-II.NFO,05/08/2024,12:48:18,24125.15,24125.45,225,24130,350,50,1230775
NIFTY-II.NFO,05/08/2024,12:48:20,24127.15,24127.7,250,24130,350,25,1230775
NIFTY-II.NFO,05/08/2024,12:48:21,24127.15,24126.5,125,24130,350,0,1230775
NIFTY-II.NFO,05/08/2024,12:48:23,24126.5,24126.7,250,24130,350,25,1230775
NIFTY-II.NFO,05/08/2024,12:48:25,24128.4,24127.7,225,24130,325,25,1230775
NIFTY-II.NFO,05/08/2024,12:48:26,24127.4,24128.2,125,24130,325,25,1230775
NIFTY-II.NFO,05/08/2024,12:48:28,24130,24130,25,24133.3,25,375,1230775
NIFTY-II.NFO,05/08/2024,12:48:30,24130.8,24131,250,24135,100,25,1230775
NIFTY-II.NFO,05/08/2024,12:48:31,24135,24134.05,150,24135,75,50,1230775
NIFTY-II.NFO,05/08/2024,12:48:33,24135,24133.45,250,24138.05,200,100,1230775
NIFTY-II.NFO,05/08/2024,12:48:35,24135,24136.55,325,24140.55,50,0,1230775
NIFTY-II.NFO,05/08/2024,12:48:36,24136.5,24136.45,250,24140.8,200,25,1230775
NIFTY-II.NFO,05/08/2024,12:48:38,24135,24134.05,250,24138.35,200,50,1230775
NIFTY-II.NFO,05/08/2024,12:48:40,24134.85,24134.95,125,24139.6,200,25,1230775
NIFTY-II.NFO,05/08/2024,12:48:41,24135.45,24134.8,250,24137.6,25,75,1230775
NIFTY-II.NFO,05/08/2024,12:48:43,24134.3,24134.3,250,24139.75,200,50,1230775
NIFTY-II.NFO,05/08/2024,12:48:45,24136.45,24134.95,250,24140.35,275,100,1230775
NIFTY-II.NFO,05/08/2024,12:48:46,24133.55,24134.5,75,24139.2,200,50,1230775
NIFTY-II.NFO,05/08/2024,12:48:48,24135.2,24136.45,200,24139.2,25,25,1230775
NIFTY-II.NFO,05/08/2024,12:48:49,24135.2,24140.5,50,24144.5,50,0,1230775
NIFTY-II.NFO,05/08/2024,12:48:51,24135.2,24141.65,200,24145,25,0,1230775
NIFTY-II.NFO,05/08/2024,12:48:53,24142.1,24142.4,50,24145,25,25,1230775
NIFTY-II.NFO,05/08/2024,12:48:54,24146,24140.35,275,24145.85,275,150,1230775
NIFTY-II.NFO,05/08/2024,12:48:56,24140.35,24139.4,175,24144.6,200,25,1230775
NIFTY-II.NFO,05/08/2024,12:48:58,24144.6,24139.25,25,24145.2,200,25,1230775
NIFTY-II.NFO,05/08/2024,12:49:00,24139.3,24138.3,225,24144.1,275,25,1230775
NIFTY-II.NFO,05/08/2024,12:49:01,24138.95,24139,175,24144.5,275,25,1230775
NIFTY-II.NFO,05/08/2024,12:49:03,24138.95,24137.8,175,24142.7,125,0,1230775
NIFTY-II.NFO,05/08/2024,12:49:05,24138.95,24138.25,125,24143.1,50,0,1230775
NIFTY-II.NFO,05/08/2024,12:49:06,24138.95,24138.25,175,24144.05,200,0,1230775
NIFTY-II.NFO,05/08/2024,12:49:08,24141.45,24135.85,175,24141.45,125,50,1230775
NIFTY-II.NFO,05/08/2024,12:49:10,24135.2,24133.95,375,24140.6,125,25,1230775
NIFTY-II.NFO,05/08/2024,12:49:11,24135.2,24131.1,75,24137.3,50,0,1230775
NIFTY-II.NFO,05/08/2024,12:49:13,24132.3,24131.65,250,24138.05,200,25,1228975
NIFTY-II.NFO,05/08/2024,12:49:15,24132.3,24133.2,250,24138.85,125,0,1228975
NIFTY-II.NFO,05/08/2024,12:49:16,24137.3,24137.3,50,24138.2,50,50,1228975
NIFTY-II.NFO,05/08/2024,12:49:18,24133.3,24131.95,250,24138.2,325,100,1228975
NIFTY-II.NFO,05/08/2024,12:49:19,24133,24132.55,125,24138.55,275,50,1228975
NIFTY-II.NFO,05/08/2024,12:49:21,24133.9,24133.95,150,24140,50,25,1228975
NIFTY-II.NFO,05/08/2024,12:49:23,24133.9,24134.2,175,24139.7,125,0,1228975
NIFTY-II.NFO,05/08/2024,12:49:24,24132.3,24131.25,50,24137.3,125,25,1228975
NIFTY-II.NFO,05/08/2024,12:49:26,24132.3,24131.5,275,24137.55,275,0,1228975
NIFTY-II.NFO,05/08/2024,12:49:28,24132.3,24130,250,24134.75,125,0,1228975
NIFTY-II.NFO,05/08/2024,12:49:29,24132.3,24130,250,24134.85,275,0,1228975
NIFTY-II.NFO,05/08/2024,12:49:31,24130,24130,225,24134.9,50,25,1228975
NIFTY-II.NFO,05/08/2024,12:49:33,24130,24130,125,24134.8,50,100,1228975
NIFTY-II.NFO,05/08/2024,12:49:34,24130,24133.05,25,24135.1,25,0,1228975
NIFTY-II.NFO,05/08/2024,12:49:38,24135.1,24135.2,50,24139.9,50,50,1228975
NIFTY-II.NFO,05/08/2024,12:49:39,24135.1,24135.35,100,24139.9,225,0,1228975
NIFTY-II.NFO,05/08/2024,12:49:41,24135.1,24133.05,75,24137.7,275,0,1228975
NIFTY-II.NFO,05/08/2024,12:49:43,24135.1,24130,175,24134.95,200,0,1228975
NIFTY-II.NFO,05/08/2024,12:49:44,24135.1,24132,75,24136.5,25,0,1228975
NIFTY-II.NFO,05/08/2024,12:49:46,24136.5,24134.15,75,24136.5,25,50,1228975
NIFTY-II.NFO,05/08/2024,12:49:48,24136.5,24135.05,75,24136.45,50,0,1228975
NIFTY-II.NFO,05/08/2024,12:49:49,24136.5,24134.65,75,24136.45,25,0,1228975
NIFTY-II.NFO,05/08/2024,12:49:51,24136.5,24133.15,75,24136.45,25,0,1228975
NIFTY-II.NFO,05/08/2024,12:49:53,24136.5,24133.45,75,24136.45,25,0,1228975
NIFTY-II.NFO,05/08/2024,12:49:54,24133.15,24133.35,175,24136.45,25,25,1228975
NIFTY-II.NFO,05/08/2024,12:49:56,24133.1,24132.45,250,24136.4,25,25,1228975
NIFTY-II.NFO,05/08/2024,12:49:58,24133.1,24131.6,325,24136.4,25,0,1228975
NIFTY-II.NFO,05/08/2024,12:49:59,24133.1,24132.2,150,24136.4,25,0,1228975
NIFTY-II.NFO,05/08/2024,12:50:01,24132.6,24132.65,250,24136.35,25,25,1228975
NIFTY-II.NFO,05/08/2024,12:50:03,24134.55,24134.35,200,24136.3,25,25,1228975
NIFTY-II.NFO,05/08/2024,12:50:04,24134.55,24134.6,325,24136.35,25,0,1228975
NIFTY-II.NFO,05/08/2024,12:50:06,24133.4,24133.15,125,24135,25,25,1228975
NIFTY-II.NFO,05/08/2024,12:50:08,24133.55,24134.55,25,24135,25,75,1228975
NIFTY-II.NFO,05/08/2024,12:50:09,24133.55,24134.55,25,24135,25,0,1228975
NIFTY-II.NFO,05/08/2024,12:50:11,24134.6,24134.6,75,24135,25,25,1228975
NIFTY-II.NFO,05/08/2024,12:50:13,24131.4,24131,25,24136,125,225,1228975
NIFTY-II.NFO,05/08/2024,12:50:14,24135.95,24132.7,50,24138.35,275,50,1228975
NIFTY-II.NFO,05/08/2024,12:50:16,24132.7,24131.05,25,24135.5,125,25,1228975
NIFTY-II.NFO,05/08/2024,12:50:18,24131.05,24134.6,25,24135.85,200,25,1228975
NIFTY-II.NFO,05/08/2024,12:50:19,24134.6,24131,25,24133.3,275,25,1228975
NIFTY-II.NFO,05/08/2024,12:50:21,24134.6,24131,25,24134.3,325,0,1228975
NIFTY-II.NFO,05/08/2024,12:50:23,24134.6,24131,25,24134,275,0,1228975
NIFTY-II.NFO,05/08/2024,12:50:24,24134.6,24131,25,24133.45,325,0,1228975
NIFTY-II.NFO,05/08/2024,12:50:26,24132.65,24130,250,24132.5,125,75,1228975
NIFTY-II.NFO,05/08/2024,12:50:28,24132.65,24130,250,24133.55,275,0,1228975
NIFTY-II.NFO,05/08/2024,12:50:29,24132.65,24130,275,24131.75,275,0,1228975
NIFTY-II.NFO,05/08/2024,12:50:31,24130,24130,250,24132.65,25,25,1228975
NIFTY-II.NFO,05/08/2024,12:50:33,24130,24130,250,24132.6,200,0,1228975
NIFTY-II.NFO,05/08/2024,12:50:34,24132.65,24131.75,25,24136.8,275,25,1228975
NIFTY-II.NFO,05/08/2024,12:50:36,24132.65,24131.4,125,24137.6,200,0,1228975
NIFTY-II.NFO,05/08/2024,12:50:38,24138.35,24133.65,25,24138.85,275,25,1228975
NIFTY-II.NFO,05/08/2024,12:50:39,24138.35,24133.35,100,24139.3,275,0,1228975
NIFTY-II.NFO,05/08/2024,12:50:41,24133.4,24133.05,200,24138,225,100,1228975
NIFTY-II.NFO,05/08/2024,12:50:43,24139.95,24135.75,50,24139.3,25,50,1228975
NIFTY-II.NFO,05/08/2024,12:50:44,24140,24135.75,50,24140.95,325,50,1228975
NIFTY-II.NFO,05/08/2024,12:50:46,24140,24134.7,50,24140.35,275,0,1228975
NIFTY-II.NFO,05/08/2024,12:50:48,24140.85,24134.75,150,24140.55,50,100,1228975
NIFTY-II.NFO,05/08/2024,12:50:49,24140.85,24134.3,150,24140,200,0,1228975
NIFTY-II.NFO,05/08/2024,12:50:51,24140.85,24133.95,150,24139.4,250,0,1228975
NIFTY-II.NFO,05/08/2024,12:50:53,24139.3,24139.3,50,24139.4,200,50,1228975
NIFTY-II.NFO,05/08/2024,12:50:54,24139.4,24139.3,50,24139.4,175,75,1228975
NIFTY-II.NFO,05/08/2024,12:50:56,24139.4,24139.3,50,24139.8,175,0,1228975
NIFTY-II.NFO,05/08/2024,12:50:58,24139.4,24139.3,50,24140.1,175,0,1228975
NIFTY-II.NFO,05/08/2024,12:50:59,24139.4,24139.3,50,24140.8,175,0,1228975
NIFTY-II.NFO,05/08/2024,12:51:01,24139.3,24139.3,25,24139.35,175,25,1228975
NIFTY-II.NFO,05/08/2024,12:51:02,24138.65,24131.75,250,24136.55,250,50,1228975
NIFTY-II.NFO,05/08/2024,12:51:04,24138.65,24131.75,250,24134.8,250,0,1228975
NIFTY-II.NFO,05/08/2024,12:51:06,24133.1,24130,250,24132.35,250,25,1228975
NIFTY-II.NFO,05/08/2024,12:51:07,24132.85,24130,250,24132.5,25,100,1228975
NIFTY-II.NFO,05/08/2024,12:51:09,24132.85,24130,250,24131.4,150,0,1228975
NIFTY-II.NFO,05/08/2024,12:51:11,24132.85,24130,250,24132.2,125,0,1228975
NIFTY-II.NFO,05/08/2024,12:51:13,24132.85,24130,250,24131.3,150,0,1228975
NIFTY-II.NFO,05/08/2024,12:51:14,24130,24125,250,24128.75,150,250,1228975
NIFTY-II.NFO,05/08/2024,12:51:16,24130,24125,250,24129.15,150,0,1228975
NIFTY-II.NFO,05/08/2024,12:51:18,24130,24125,250,24127.65,125,0,1228975
NIFTY-II.NFO,05/08/2024,12:51:19,24130,24125,250,24126.8,75,0,1228975
NIFTY-II.NFO,05/08/2024,12:51:21,24130,24125.05,200,24129.55,125,0,1228975
NIFTY-II.NFO,05/08/2024,12:51:23,24128,24125,250,24127,25,100,1228975
NIFTY-II.NFO,05/08/2024,12:51:24,24128,24125.05,200,24129.8,200,0,1228975
NIFTY-II.NFO,05/08/2024,12:51:26,24128,24125,250,24126.8,25,0,1228975
NIFTY-II.NFO,05/08/2024,12:51:28,24128,24125,250,24125.7,25,0,1228975
NIFTY-II.NFO,05/08/2024,12:51:29,24125,24125,175,24126.7,50,75,1228975
NIFTY-II.NFO,05/08/2024,12:51:31,24125,24123.6,25,24127.05,125,200,1228975
NIFTY-II.NFO,05/08/2024,12:51:33,24125,24123.75,200,24129.6,125,0,1228975
NIFTY-II.NFO,05/08/2024,12:51:34,24125,24123.6,25,24125.85,50,25,1228975
NIFTY-II.NFO,05/08/2024,12:51:36,24123.6,24120,50,24124.15,100,25,1228975
NIFTY-II.NFO,05/08/2024,12:51:38,24123.6,24120.05,200,24124.2,50,0,1228975
NIFTY-II.NFO,05/08/2024,12:51:39,24124.85,24120.05,200,24124.5,75,50,1228975
NIFTY-II.NFO,05/08/2024,12:51:41,24120.05,24120.05,275,24124.75,25,125,1228975
NIFTY-II.NFO,05/08/2024,12:51:43,24123.9,24120,50,24124.4,50,100,1228975
NIFTY-II.NFO,05/08/2024,12:51:44,24123.9,24120,50,24124.2,25,0,1228975
NIFTY-II.NFO,05/08/2024,12:51:46,24120,24117.15,200,24119.6,25,50,1228975
NIFTY-II.NFO,05/08/2024,12:51:48,24116.15,24114.4,200,24117.4,25,25,1228975
NIFTY-II.NFO,05/08/2024,12:51:49,24116.15,24116.1,275,24121.85,150,0,1228975
NIFTY-II.NFO,05/08/2024,12:51:51,24117.4,24115.6,275,24120.3,25,50,1228975
NIFTY-II.NFO,05/08/2024,12:51:53,24117.4,24117.1,275,24122.1,25,0,1228975
NIFTY-II.NFO,05/08/2024,12:51:54,24117.4,24118.85,275,24124.05,50,0,1228975
NIFTY-II.NFO,05/08/2024,12:51:56,24117.4,24117.55,275,24123.25,125,0,1228975
NIFTY-II.NFO,05/08/2024,12:51:58,24117.4,24118.6,275,24124.25,50,0,1228975
NIFTY-II.NFO,05/08/2024,12:51:59,24117.4,24119.15,275,24123.95,75,0,1228975
NIFTY-II.NFO,05/08/2024,12:52:01,24121.25,24120.3,275,24125.3,25,150,1228975
NIFTY-II.NFO,05/08/2024,12:52:03,24120.3,24120.2,200,24124.95,25,50,1228975
NIFTY-II.NFO,05/08/2024,12:52:04,24120.3,24121.6,50,24125.2,275,0,1228975
NIFTY-II.NFO,05/08/2024,12:52:06,24120.3,24119.85,200,24125.25,275,0,1228975
NIFTY-II.NFO,05/08/2024,12:52:07,24120.3,24120.3,25,24121.65,25,0,1228975
NIFTY-II.NFO,05/08/2024,12:52:09,24120.3,24116.9,50,24122.95,275,25,1228975
NIFTY-II.NFO,05/08/2024,12:52:11,24120.3,24115.9,275,24122.05,275,0,1228975
NIFTY-II.NFO,05/08/2024,12:52:12,24120.3,24117.3,50,24120.5,25,0,1228975
NIFTY-II.NFO,05/08/2024,12:52:14,24120.3,24120,25,24122.7,200,0,1228975
NIFTY-II.NFO,05/08/2024,12:52:16,24120.3,24120,25,24122.25,275,0,1228975
NIFTY-II.NFO,05/08/2024,12:52:17,24120,24119.45,275,24125.2,275,25,1228525
NIFTY-II.NFO,05/08/2024,12:52:19,24120,24117.5,125,24123.65,275,0,1228525
NIFTY-II.NFO,05/08/2024,12:52:21,24120,24118.25,200,24123.9,200,0,1228525
NIFTY-II.NFO,05/08/2024,12:52:22,24120,24119.05,200,24124.9,275,0,1228525
NIFTY-II.NFO,05/08/2024,12:52:24,24120,24121,275,24126.2,200,0,1228525
NIFTY-II.NFO,05/08/2024,12:52:26,24120,24124.1,200,24129,225,0,1228525
NIFTY-II.NFO,05/08/2024,12:52:27,24120,24126.15,200,24129.3,25,0,1228525
NIFTY-II.NFO,05/08/2024,12:52:29,24120,24126.25,200,24130,150,0,1228525
NIFTY-II.NFO,05/08/2024,12:52:31,24120,24125.1,200,24129.95,275,0,1228525
NIFTY-II.NFO,05/08/2024,12:52:32,24120,24124.15,200,24129.95,250,0,1228525
NIFTY-II.NFO,05/08/2024,12:52:34,24120,24124.95,200,24128.55,25,0,1228525
NIFTY-II.NFO,05/08/2024,12:52:36,24120,24122.85,200,24126.55,25,0,1228525
NIFTY-II.NFO,05/08/2024,12:52:37,24120,24124.95,300,24128.55,25,0,1228525
NIFTY-II.NFO,05/08/2024,12:52:39,24120,24124,200,24128.1,25,0,1228525
NIFTY-II.NFO,05/08/2024,12:52:41,24126.3,24126,200,24129.3,25,50,1228525
NIFTY-II.NFO,05/08/2024,12:52:42,24126.3,24126.25,200,24130,150,0,1228525
NIFTY-II.NFO,05/08/2024,12:52:44,24126.3,24124.8,200,24128.4,25,0,1228525
NIFTY-II.NFO,05/08/2024,12:52:46,24126.3,24128.65,250,24130,125,0,1228525
NIFTY-II.NFO,05/08/2024,12:52:47,24130,24129.2,200,24130,75,125,1228525
NIFTY-II.NFO,05/08/2024,12:52:49,24130,24129.8,200,24133.3,25,75,1228525
NIFTY-II.NFO,05/08/2024,12:52:51,24130,24132.95,200,24137.3,25,0,1228525
NIFTY-II.NFO,05/08/2024,12:52:52,24130,24135.1,250,24139.3,25,0,1228525
NIFTY-II.NFO,05/08/2024,12:52:54,24130,24135.4,200,24139.3,25,0,1228525
NIFTY-II.NFO,05/08/2024,12:52:56,24130,24135.8,200,24141.15,275,0,1228525
NIFTY-II.NFO,05/08/2024,12:52:57,24130,24133.85,200,24139.25,275,0,1228525
NIFTY-II.NFO,05/08/2024,12:52:59,24138.4,24132.9,200,24138.4,500,25,1228525
NIFTY-II.NFO,05/08/2024,12:53:01,24138.4,24132.3,275,24137.9,250,0,1228525
NIFTY-II.NFO,05/08/2024,12:53:02,24138.4,24131.5,200,24136.1,25,0,1228525
NIFTY-II.NFO,05/08/2024,12:53:04,24136.85,24130.35,275,24135.7,50,100,1228525
NIFTY-II.NFO,05/08/2024,12:53:05,24134.7,24130.05,200,24135,225,25,1228525
NIFTY-II.NFO,05/08/2024,12:53:07,24129.9,24129.6,125,24135.15,275,300,1228525
NIFTY-II.NFO,05/08/2024,12:53:09,24133.7,24126.8,75,24131.85,275,75,1228525
NIFTY-II.NFO,05/08/2024,12:53:10,24133,24127.3,250,24130.3,25,475,1228525
NIFTY-II.NFO,05/08/2024,12:53:12,24126.35,24126.95,250,24132.55,25,50,1228525
NIFTY-II.NFO,05/08/2024,12:53:14,24126.35,24126.35,275,24131.35,200,0,1228525
NIFTY-II.NFO,05/08/2024,12:53:15,24126.35,24127.05,200,24131.9,175,0,1228525
NIFTY-II.NFO,05/08/2024,12:53:17,24126.35,24127.35,275,24132.3,25,0,1228525
NIFTY-II.NFO,05/08/2024,12:53:19,24126.35,24127.55,250,24133.15,175,0,1228525
NIFTY-II.NFO,05/08/2024,12:53:20,24134.7,24130.7,200,24134.7,25,25,1228525
NIFTY-II.NFO,05/08/2024,12:53:22,24134.7,24129.05,275,24134.65,250,0,1228525
NIFTY-II.NFO,05/08/2024,12:53:24,24134.7,24129,200,24134.65,175,0,1228525
NIFTY-II.NFO,05/08/2024,12:53:25,24135.85,24130.4,200,24135.8,150,75,1228525
NIFTY-II.NFO,05/08/2024,12:53:27,24135.85,24130.35,325,24135.9,225,0,1228525
NIFTY-II.NFO,05/08/2024,12:53:29,24135.85,24130.9,275,24136,175,0,1228525
NIFTY-II.NFO,05/08/2024,12:53:30,24135.85,24132.05,200,24137.5,225,0,1228525
NIFTY-II.NFO,05/08/2024,12:53:32,24135.85,24132,200,24137.5,150,0,1228525
NIFTY-II.NFO,05/08/2024,12:53:34,24135.85,24132.35,275,24135,50,25,1228525
NIFTY-II.NFO,05/08/2024,12:53:35,24135.85,24132.75,200,24135,50,0,1228525
NIFTY-II.NFO,05/08/2024,12:53:37,24135.85,24131.9,200,24135,50,0,1228525
NIFTY-II.NFO,05/08/2024,12:53:39,24136.9,24131.15,200,24135.7,25,100,1228525
NIFTY-II.NFO,05/08/2024,12:53:40,24136.9,24130.5,200,24135.6,100,0,1228525
NIFTY-II.NFO,05/08/2024,12:53:42,24136.9,24128.95,275,24134.8,175,0,1228525
NIFTY-II.NFO,05/08/2024,12:53:44,24136.9,24129.05,200,24134.1,175,0,1228525
NIFTY-II.NFO,05/08/2024,12:53:45,24129.1,24127.1,275,24133,200,25,1228525
NIFTY-II.NFO,05/08/2024,12:53:47,24129.1,24127.85,275,24133.6,200,0,1228525
NIFTY-II.NFO,05/08/2024,12:53:49,24129.1,24129.55,200,24134.9,125,0,1228525
NIFTY-II.NFO,05/08/2024,12:53:50,24129.1,24131,325,24136.75,200,0,1228525
NIFTY-II.NFO,05/08/2024,12:53:52,24129.1,24130.2,200,24136,200,0,1228525
NIFTY-II.NFO,05/08/2024,12:53:54,24129.1,24130.1,275,24135.1,25,0,1228525
NIFTY-II.NFO,05/08/2024,12:53:55,24129.1,24130,25,24134.3,125,0,1228525
NIFTY-II.NFO,05/08/2024,12:53:57,24129.1,24130,25,24133.05,125,0,1228525
NIFTY-II.NFO,05/08/2024,12:53:59,24129.1,24130,25,24134.3,175,0,1228525
NIFTY-II.NFO,05/08/2024,12:54:00,24129.1,24130,25,24131.65,125,0,1228525
NIFTY-II.NFO,05/08/2024,12:54:02,24130,24125.8,275,24130.95,125,25,1228525
NIFTY-II.NFO,05/08/2024,12:54:04,24124.85,24124.5,150,24128.55,25,125,1228525
NIFTY-II.NFO,05/08/2024,12:54:05,24124.85,24122.25,225,24128,50,0,1228525
NIFTY-II.NFO,05/08/2024,12:54:07,24123.15,24121.9,200,24127.45,50,25,1228525
NIFTY-II.NFO,05/08/2024,12:54:09,24123.15,24122,225,24127.3,50,0,1228525
NIFTY-II.NFO,05/08/2024,12:54:10,24123.15,24122.3,125,24127.75,50,0,1228525
NIFTY-II.NFO,05/08/2024,12:54:12,24123.15,24122.4,200,24128.1,50,0,1228525
NIFTY-II.NFO,05/08/2024,12:54:14,24123.15,24124.9,225,24129.85,50,0,1228525
NIFTY-II.NFO,05/08/2024,12:54:15,24125.85,24125.35,100,24130.05,25,25,1228525
NIFTY-II.NFO,05/08/2024,12:54:17,24125.85,24128.5,100,24133.95,200,0,1228525
NIFTY-II.NFO,05/08/2024,12:54:19,24125.85,24129.55,175,24135.2,325,0,1228525
NIFTY-II.NFO,05/08/2024,12:54:20,24130,24131.1,225,24136.85,275,200,1228525
NIFTY-II.NFO,05/08/2024,12:54:22,24132.7,24132.05,150,24137.95,275,25,1228525
NIFTY-II.NFO,05/08/2024,12:54:23,24132.7,24131.8,75,24137,275,0,1228525
NIFTY-II.NFO,05/08/2024,12:54:25,24132.7,24132.6,150,24137.95,200,0,1228525
NIFTY-II.NFO,05/08/2024,12:54:27,24132.7,24131.8,150,24137.75,200,0,1228525
NIFTY-II.NFO,05/08/2024,12:54:30,24130.9,24130.9,50,24135.65,200,25,1228525
NIFTY-II.NFO,05/08/2024,12:54:32,24130.9,24131.85,125,24137.95,325,0,1228525
NIFTY-II.NFO,05/08/2024,12:54:33,24131.6,24131.6,100,24137.3,200,25,1228525
NIFTY-II.NFO,05/08/2024,12:54:35,24131.6,24130.9,25,24136,225,0,1228525
NIFTY-II.NFO,05/08/2024,12:54:37,24131.6,24135.5,25,24136.8,225,0,1228525
NIFTY-II.NFO,05/08/2024,12:54:38,24131.05,24131.05,225,24136.65,275,275,1228525
NIFTY-II.NFO,05/08/2024,12:54:40,24131.05,24131.45,150,24137.1,275,0,1228525
NIFTY-II.NFO,05/08/2024,12:54:42,24131.05,24129.75,225,24135.95,325,0,1228525
NIFTY-II.NFO,05/08/2024,12:54:43,24131.05,24128,225,24133.35,125,0,1228525
NIFTY-II.NFO,05/08/2024,12:54:45,24131.05,24130,25,24131.9,200,0,1228525
NIFTY-II.NFO,05/08/2024,12:54:47,24130,24126.25,225,24132.05,200,25,1228525
NIFTY-II.NFO,05/08/2024,12:54:48,24130,24125.45,225,24131.4,125,0,1228525
NIFTY-II.NFO,05/08/2024,12:54:50,24130,24128.9,250,24134.55,250,0,1228525
NIFTY-II.NFO,05/08/2024,12:54:52,24130,24129.75,225,24135.15,200,0,1228525
NIFTY-II.NFO,05/08/2024,12:54:53,24130,24132.55,225,24137.6,50,0,1228525
NIFTY-II.NFO,05/08/2024,12:54:55,24130,24130.8,225,24136.2,200,0,1228525
NIFTY-II.NFO,05/08/2024,12:54:57,24130,24128.5,225,24134.65,200,0,1228525
NIFTY-II.NFO,05/08/2024,12:54:58,24130,24127.9,150,24133.7,200,0,1228525
NIFTY-II.NFO,05/08/2024,12:55:00,24130,24128.65,225,24134.4,325,0,1228525
NIFTY-II.NFO,05/08/2024,12:55:02,24130,24127.4,225,24133.35,200,0,1228525
NIFTY-II.NFO,05/08/2024,12:55:03,24130,24127.1,225,24132.2,50,0,1228525
NIFTY-II.NFO,05/08/2024,12:55:05,24130,24124.9,225,24130.5,25,0,1228525
NIFTY-II.NFO,05/08/2024,12:55:07,24130,24124.4,225,24130.7,275,0,1228525
NIFTY-II.NFO,05/08/2024,12:55:08,24130,24125.4,225,24131.2,325,0,1228525
NIFTY-II.NFO,05/08/2024,12:55:10,24130,24125.5,225,24131.2,200,0,1228525
NIFTY-II.NFO,05/08/2024,12:55:12,24130,24125,25,24129.5,200,0,1228525
NIFTY-II.NFO,05/08/2024,12:55:13,24130,24125,25,24128.55,50,0,1228525
NIFTY-II.NFO,05/08/2024,12:55:15,24130,24125,25,24128.6,275,0,1228525
NIFTY-II.NFO,05/08/2024,12:55:17,24130,24125,25,24126.55,50,0,1228525
NIFTY-II.NFO,05/08/2024,12:55:18,24130,24125,25,24126.45,225,0,1228525
NIFTY-II.NFO,05/08/2024,12:55:20,24127.1,24125,25,24127.1,200,50,1229450
NIFTY-II.NFO,05/08/2024,12:55:22,24127.9,24124.05,225,24129.65,200,50,1229450
NIFTY-II.NFO,05/08/2024,12:55:23,24127.9,24128,200,24132.15,25,0,1229450
NIFTY-II.NFO,05/08/2024,12:55:25,24127.9,24125.85,275,24131.75,325,0,1229450
NIFTY-II.NFO,05/08/2024,12:55:27,24127.9,24126,300,24131.3,250,0,1229450
NIFTY-II.NFO,05/08/2024,12:55:28,24127.9,24125.2,200,24130.15,225,0,1229450
NIFTY-II.NFO,05/08/2024,12:55:30,24127.9,24125.4,275,24131.45,325,0,1229450
NIFTY-II.NFO,05/08/2024,12:55:32,24127.9,24125.75,275,24131.35,275,0,1229450
NIFTY-II.NFO,05/08/2024,12:55:33,24131.35,24125.85,275,24131.75,250,25,1229450
NIFTY-II.NFO,05/08/2024,12:55:35,24132.7,24127.5,100,24132.5,75,100,1229450
NIFTY-II.NFO,05/08/2024,12:55:37,24132.7,24127.1,275,24132.5,75,0,1229450
NIFTY-II.NFO,05/08/2024,12:55:38,24132.7,24127.35,275,24132.5,75,0,1229450
NIFTY-II.NFO,05/08/2024,12:55:40,24132.7,24126.4,325,24132,150,0,1229450
NIFTY-II.NFO,05/08/2024,12:55:42,24132.7,24127.15,300,24131.85,25,0,1229450
NIFTY-II.NFO,05/08/2024,12:55:43,24132.7,24127.45,200,24132.1,25,0,1229450
NIFTY-II.NFO,05/08/2024,12:55:45,24132.7,24127.45,275,24132.3,75,0,1229450
NIFTY-II.NFO,05/08/2024,12:55:47,24132,24126.65,275,24132,50,25,1229450
NIFTY-II.NFO,05/08/2024,12:55:48,24131.85,24126.65,275,24132.25,150,25,1229450
NIFTY-II.NFO,05/08/2024,12:55:50,24131.85,24125.45,200,24130.5,125,0,1229450
NIFTY-II.NFO,05/08/2024,12:55:52,24131.85,24125.55,275,24130.95,75,0,1229450
NIFTY-II.NFO,05/08/2024,12:55:53,24130.75,24125.4,25,24130.2,125,100,1229450
NIFTY-II.NFO,05/08/2024,12:55:55,24130.75,24124,25,24128.45,125,0,1229450
NIFTY-II.NFO,05/08/2024,12:55:57,24130.75,24124,25,24128.95,125,0,1229450
NIFTY-II.NFO,05/08/2024,12:55:58,24128.95,24124.05,200,24128.95,125,25,1229450
NIFTY-II.NFO,05/08/2024,12:56:00,24128.95,24124.55,275,24129.4,25,0,1229450
NIFTY-II.NFO,05/08/2024,12:56:02,24128.95,24124.05,200,24129.95,150,0,1229450
NIFTY-II.NFO,05/08/2024,12:56:03,24128.95,24124.05,200,24128.95,50,0,1229450
NIFTY-II.NFO,05/08/2024,12:56:05,24128.95,24124.05,275,24129.95,150,0,1229450
NIFTY-II.NFO,05/08/2024,12:56:07,24128.95,24124.05,200,24129.45,125,0,1229450
NIFTY-II.NFO,05/08/2024,12:56:08,24128.95,24124.05,200,24128.95,125,0,1229450
NIFTY-II.NFO,05/08/2024,12:56:10,24128.95,24124.05,275,24129.85,150,0,1229450
NIFTY-II.NFO,05/08/2024,12:56:12,24128.95,24124.05,200,24129.75,50,0,1229450
NIFTY-II.NFO,05/08/2024,12:56:13,24128.95,24124.05,200,24129.6,25,0,1229450
NIFTY-II.NFO,05/08/2024,12:56:15,24128.95,24124,25,24126.9,125,0,1229450
NIFTY-II.NFO,05/08/2024,12:56:17,24124,24120.9,25,24124.65,50,25,1229450
NIFTY-II.NFO,05/08/2024,12:56:18,24124,24120.9,25,24123.9,150,0,1229450
NIFTY-II.NFO,05/08/2024,12:56:20,24124,24120.9,25,24124.25,25,0,1229450
NIFTY-II.NFO,05/08/2024,12:56:21,24124,24120.9,25,24123.55,25,0,1229450
NIFTY-II.NFO,05/08/2024,12:56:23,24120.9,24120,125,24123.45,125,25,1229450
NIFTY-II.NFO,05/08/2024,12:56:25,24117,24115.3,300,24120.3,25,150,1229450
NIFTY-II.NFO,05/08/2024,12:56:26,24117,24115.6,200,24120.3,25,0,1229450
NIFTY-II.NFO,05/08/2024,12:56:28,24117,24115,25,24120.6,25,0,1229450
NIFTY-II.NFO,05/08/2024,12:56:30,24117,24116.3,200,24120.75,25,0,1229450
NIFTY-II.NFO,05/08/2024,12:56:31,24117,24118.1,50,24120.3,25,0,1229450
NIFTY-II.NFO,05/08/2024,12:56:33,24117,24117.7,200,24122,25,50,1229450
NIFTY-II.NFO,05/08/2024,12:56:35,24117,24116.4,50,24121.85,50,0,1229450
NIFTY-II.NFO,05/08/2024,12:56:36,24117,24115,25,24119.65,25,0,1229450
NIFTY-II.NFO,05/08/2024,12:56:38,24117,24115,25,24118.1,25,0,1229450
NIFTY-II.NFO,05/08/2024,12:56:41,24117,24115.4,200,24118.1,25,0,1229450
NIFTY-II.NFO,05/08/2024,12:56:43,24117,24115.05,200,24118.1,25,0,1229450
NIFTY-II.NFO,05/08/2024,12:56:45,24117,24115.9,25,24118.1,25,0,1229450
NIFTY-II.NFO,05/08/2024,12:56:46,24119.95,24115.35,50,24119.8,25,50,1229450
NIFTY-II.NFO,05/08/2024,12:56:48,24119.95,24116.1,200,24120.3,25,0,1229450
NIFTY-II.NFO,05/08/2024,12:56:49,24119.95,24117,50,24120.3,25,0,1229450
NIFTY-II.NFO,05/08/2024,12:56:51,24119.95,24117.05,50,24119.55,25,0,1229450
NIFTY-II.NFO,05/08/2024,12:56:53,24117.05,24117,50,24119.55,25,25,1229450
NIFTY-II.NFO,05/08/2024,12:56:54,24117,24117,25,24120.05,25,75,1229450
NIFTY-II.NFO,05/08/2024,12:56:56,24120,24115.65,200,24120.3,25,50,1229450
NIFTY-II.NFO,05/08/2024,12:56:58,24115.75,24117.6,275,24122,25,25,1229450
NIFTY-II.NFO,05/08/2024,12:56:59,24115.75,24116.25,200,24118.6,25,0,1229450
NIFTY-II.NFO,05/08/2024,12:57:01,24115.75,24115.8,50,24119.45,25,0,1229450
NIFTY-II.NFO,05/08/2024,12:57:03,24115.75,24115,75,24119.4,25,75,1229450
NIFTY-II.NFO,05/08/2024,12:57:04,24115.75,24115.5,50,24119.95,50,0,1229450
NIFTY-II.NFO,05/08/2024,12:57:06,24115.75,24115,75,24116.65,25,0,1229450
NIFTY-II.NFO,05/08/2024,12:57:07,24115.75,24115.05,50,24119.35,25,0,1229450
NIFTY-II.NFO,05/08/2024,12:57:09,24115.75,24115.4,50,24119.7,25,0,1229450
NIFTY-II.NFO,05/08/2024,12:57:11,24110,24110,150,24111.25,25,275,1229450
NIFTY-II.NFO,05/08/2024,12:57:12,24110.05,24110,50,24110.05,25,150,1229450
NIFTY-II.NFO,05/08/2024,12:57:14,24105.05,24104.75,25,24108.4,275,75,1229450
NIFTY-II.NFO,05/08/2024,12:57:16,24099.05,24097.05,250,24102.75,25,2975,1229450
NIFTY-II.NFO,05/08/2024,12:57:17,24099.05,24099.85,325,24106.45,25,0,1229450
NIFTY-II.NFO,05/08/2024,12:57:19,24103.65,24103.65,200,24108.15,25,175,1229450
NIFTY-II.NFO,05/08/2024,12:57:21,24100.7,24097,25,24100.15,200,25,1229450
NIFTY-II.NFO,05/08/2024,12:57:22,24100.7,24097.05,250,24102.2,25,0,1229450
NIFTY-II.NFO,05/08/2024,12:57:24,24097.75,24098.4,150,24103.3,25,175,1229450
NIFTY-II.NFO,05/08/2024,12:57:26,24097,24095,175,24100.2,200,100,1229450
NIFTY-II.NFO,05/08/2024,12:57:27,24095.1,24095.3,75,24101.1,200,25,1229450
NIFTY-II.NFO,05/08/2024,12:57:29,24096.35,24095,200,24099.85,25,25,1229450
NIFTY-II.NFO,05/08/2024,12:57:31,24096.05,24095.4,100,24100.3,25,25,1229450
NIFTY-II.NFO,05/08/2024,12:57:32,24096.45,24096.85,25,24100.3,25,50,1229450
NIFTY-II.NFO,05/08/2024,12:57:34,24093.25,24092.75,100,24098,75,250,1229450
NIFTY-II.NFO,05/08/2024,12:57:36,24092.9,24090,350,24093.65,125,125,1229450
NIFTY-II.NFO,05/08/2024,12:57:37,24095.2,24090.35,200,24095.2,50,25,1229450
NIFTY-II.NFO,05/08/2024,12:57:39,24095.2,24091.2,125,24096.05,75,0,1229450
NIFTY-II.NFO,05/08/2024,12:57:41,24093,24092.05,75,24096.95,25,275,1229450
NIFTY-II.NFO,05/08/2024,12:57:42,24093,24091.65,75,24096.95,50,0,1229450
NIFTY-II.NFO,05/08/2024,12:57:44,24096.65,24092.55,75,24097,25,25,1229450
NIFTY-II.NFO,05/08/2024,12:57:45,24096.65,24090.5,125,24094.75,150,0,1229450
NIFTY-II.NFO,05/08/2024,12:57:47,24091.35,24091.65,50,24096.25,25,100,1229450
NIFTY-II.NFO,05/08/2024,12:57:49,24096.7,24091.15,375,24096.7,25,125,1229450
NIFTY-II.NFO,05/08/2024,12:57:50,24091.15,24091,100,24096.7,75,175,1229450
NIFTY-II.NFO,05/08/2024,12:57:52,24091.15,24092.45,75,24096.6,50,0,1229450
NIFTY-II.NFO,05/08/2024,12:57:54,24090,24090,225,24094.05,25,100,1229450
NIFTY-II.NFO,05/08/2024,12:57:56,24091.15,24090,225,24092.3,75,75,1229450
NIFTY-II.NFO,05/08/2024,12:57:57,24090,24090,150,24093.45,50,75,1229450
NIFTY-II.NFO,05/08/2024,12:57:59,24090,24090.05,25,24094.75,50,0,1229450
NIFTY-II.NFO,05/08/2024,12:58:01,24090.05,24090,150,24094.05,50,25,1229450
NIFTY-II.NFO,05/08/2024,12:58:02,24090,24090,100,24094.95,50,50,1229450
NIFTY-II.NFO,05/08/2024,12:58:04,24091.05,24091.7,100,24096.3,25,25,1229450
NIFTY-II.NFO,05/08/2024,12:58:06,24091.05,24090.2,150,24094.95,25,0,1229450
NIFTY-II.NFO,05/08/2024,12:58:07,24095,24095.85,225,24099.9,25,50,1229450
NIFTY-II.NFO,05/08/2024,12:58:09,24100,24101.05,125,24105.3,25,25,1229450
NIFTY-II.NFO,05/08/2024,12:58:11,24104.8,24101.35,25,24104.8,200,50,1229450
NIFTY-II.NFO,05/08/2024,12:58:12,24101.35,24100.65,50,24105.4,225,25,1231675
NIFTY-II.NFO,05/08/2024,12:58:14,24105.35,24101.55,250,24106.55,25,250,1231675
NIFTY-II.NFO,05/08/2024,12:58:16,24100.3,24100.3,100,24103.3,25,150,1231675
NIFTY-II.NFO,05/08/2024,12:58:17,24100.3,24100.75,150,24106.9,275,0,1231675
NIFTY-II.NFO,05/08/2024,12:58:19,24100.3,24100.7,150,24106.2,200,0,1231675
NIFTY-II.NFO,05/08/2024,12:58:20,24100.3,24100.5,125,24105.5,200,0,1231675
NIFTY-II.NFO,05/08/2024,12:58:22,24100.3,24102.75,75,24107.4,200,0,1231675
NIFTY-II.NFO,05/08/2024,12:58:24,24100.3,24102.9,175,24108.5,200,0,1231675
NIFTY-II.NFO,05/08/2024,12:58:25,24100.3,24102.85,175,24108,200,0,1231675
NIFTY-II.NFO,05/08/2024,12:58:27,24100.3,24102.8,75,24106.2,225,0,1231675
NIFTY-II.NFO,05/08/2024,12:58:29,24106.5,24102.9,150,24109.25,250,25,1231675
NIFTY-II.NFO,05/08/2024,12:58:30,24106.5,24100.9,225,24106.2,325,0,1231675
NIFTY-II.NFO,05/08/2024,12:58:32,24106.5,24100.55,75,24105.05,250,0,1231675
NIFTY-II.NFO,05/08/2024,12:58:34,24100.55,24100.3,100,24104.2,325,75,1231675
NIFTY-II.NFO,05/08/2024,12:58:35,24100.3,24100.3,50,24101.6,200,50,1231675
NIFTY-II.NFO,05/08/2024,12:58:37,24100.1,24100,1000,24100.15,150,75,1231675
NIFTY-II.NFO,05/08/2024,12:58:39,24100,24100,925,24102.1,275,75,1231675
NIFTY-II.NFO,05/08/2024,12:58:40,24102.45,24100,925,24100.3,75,1000,1231675
NIFTY-II.NFO,05/08/2024,12:58:42,24100,24100,700,24100.4,75,250,1231675
NIFTY-II.NFO,05/08/2024,12:58:44,24100,24100,675,24100.05,50,25,1231675
NIFTY-II.NFO,05/08/2024,12:58:45,24100.1,24100,650,24100.65,50,125,1231675
NIFTY-II.NFO,05/08/2024,12:58:47,24100,24100,675,24103.3,25,25,1231675
NIFTY-II.NFO,05/08/2024,12:58:49,24100,24100.1,50,24103.3,25,0,1231675
NIFTY-II.NFO,05/08/2024,12:58:50,24103.05,24103,275,24105.5,25,25,1231675
NIFTY-II.NFO,05/08/2024,12:58:52,24103.05,24100.85,275,24105.45,25,0,1231675
NIFTY-II.NFO,05/08/2024,12:58:54,24103.05,24100.9,200,24105.85,25,0,1231675
NIFTY-II.NFO,05/08/2024,12:58:55,24104.25,24100.05,275,24104.5,50,50,1231675
NIFTY-II.NFO,05/08/2024,12:58:57,24104.25,24100.05,200,24104.8,50,0,1231675
NIFTY-II.NFO,05/08/2024,12:58:59,24104.25,24100.05,275,24104.25,75,0,1231675
NIFTY-II.NFO,05/08/2024,12:59:00,24104.25,24100.05,200,24104.15,25,0,1231675
NIFTY-II.NFO,05/08/2024,12:59:02,24104.25,24100.05,275,24104.1,50,0,1231675
NIFTY-II.NFO,05/08/2024,12:59:04,24104.25,24100.05,200,24103.95,50,0,1231675
NIFTY-II.NFO,05/08/2024,12:59:05,24104.25,24100,825,24102,50,0,1231675
NIFTY-II.NFO,05/08/2024,12:59:07,24104.25,24100,825,24101.75,50,0,1231675
NIFTY-II.NFO,05/08/2024,12:59:09,24094.2,24092.65,200,24097.9,25,900,1231675
NIFTY-II.NFO,05/08/2024,12:59:10,24099.45,24096,200,24101.65,50,75,1231675
NIFTY-II.NFO,05/08/2024,12:59:12,24099.45,24095.7,275,24101,50,0,1231675
NIFTY-II.NFO,05/08/2024,12:59:14,24099.45,24096.7,200,24101.6,25,0,1231675
NIFTY-II.NFO,05/08/2024,12:59:15,24096.2,24095.55,25,24099.7,150,75,1231675
NIFTY-II.NFO,05/08/2024,12:59:17,24096.2,24095.6,200,24099.55,50,0,1231675
NIFTY-II.NFO,05/08/2024,12:59:19,24096.2,24096.2,25,24098.7,200,0,1231675
NIFTY-II.NFO,05/08/2024,12:59:20,24092.45,24092.45,275,24098.25,50,75,1231675
NIFTY-II.NFO,05/08/2024,12:59:22,24092.45,24094.55,200,24099.8,50,25,1231675
NIFTY-II.NFO,05/08/2024,12:59:24,24095.05,24095.05,225,24098.6,50,50,1231675
NIFTY-II.NFO,05/08/2024,12:59:25,24095.05,24095,1000,24096.2,25,25,1231675
NIFTY-II.NFO,05/08/2024,12:59:27,24095.05,24095,1000,24096.2,25,0,1231675
NIFTY-II.NFO,05/08/2024,12:59:29,24095,24095,975,24096.2,25,150,1231675
NIFTY-II.NFO,05/08/2024,12:59:30,24095,24095,975,24096.2,25,0,1231675
NIFTY-II.NFO,05/08/2024,12:59:32,24095,24095,825,24096.2,25,150,1231675
NIFTY-II.NFO,05/08/2024,12:59:34,24095,24095,750,24096.2,25,75,1231675
NIFTY-II.NFO,05/08/2024,12:59:35,24095,24095,650,24098.4,25,125,1231675
NIFTY-II.NFO,05/08/2024,12:59:37,24095,24095,550,24095.05,25,100,1231675
NIFTY-II.NFO,05/08/2024,12:59:39,24095,24095,525,24095.05,25,50,1231675
NIFTY-II.NFO,05/08/2024,12:59:40,24095,24095,500,24095.05,25,25,1231675
NIFTY-II.NFO,05/08/2024,12:59:42,24095,24095,375,24095.55,25,125,1231675
NIFTY-II.NFO,05/08/2024,12:59:44,24095.55,24096.2,100,24099.65,50,25,1231675
NIFTY-II.NFO,05/08/2024,12:59:45,24096.2,24095,475,24099.65,50,25,1231675
NIFTY-II.NFO,05/08/2024,12:59:47,24095,24095.05,50,24099.8,25,25,1231675
NIFTY-II.NFO,05/08/2024,12:59:49,24095,24095.2,50,24099.85,25,0,1231675
NIFTY-II.NFO,05/08/2024,12:59:50,24095,24095,375,24099.75,200,0,1231675
NIFTY-II.NFO,05/08/2024,12:59:52,24095,24095,450,24099.55,50,0,1231675
NIFTY-II.NFO,05/08/2024,12:59:54,24095,24095.9,325,24099,200,0,1231675
NIFTY-II.NFO,05/08/2024,12:59:55,24095,24095.5,325,24099,200,0,1231675
NIFTY-II.NFO,05/08/2024,12:59:57,24099,24096.6,325,24099,300,25,1231675
NIFTY-II.NFO,05/08/2024,12:59:59,24099,24099.1,450,24100,100,300,1231675
NIFTY-II.NFO,05/08/2024,13:00:00,24100,24096.65,75,24101.9,200,100,1231675
NIFTY-II.NFO,05/08/2024,13:00:02,24100,24096.6,125,24101.6,200,0,1231675
NIFTY-II.NFO,05/08/2024,13:00:04,24100,24099,50,24102.7,200,0,1231675
NIFTY-II.NFO,05/08/2024,13:00:05,24100,24099,50,24099.85,25,0,1231675
NIFTY-II.NFO,05/08/2024,13:00:07,24096,24096,925,24096.85,25,250,1231675
NIFTY-II.NFO,05/08/2024,13:00:09,24096,24096,750,24098.05,25,175,1231675
NIFTY-II.NFO,05/08/2024,13:00:10,24096,24096,675,24098.1,25,75,1231675
NIFTY-II.NFO,05/08/2024,13:00:12,24096,24096.05,25,24096.6,25,50,1231675
NIFTY-II.NFO,05/08/2024,13:00:14,24096.6,24098.9,150,24100,175,25,1231675
NIFTY-II.NFO,05/08/2024,13:00:15,24096.6,24099.8,250,24100,200,0,1231675
NIFTY-II.NFO,05/08/2024,13:00:17,24100,24100.25,25,24101,25,200,1231675
NIFTY-II.NFO,05/08/2024,13:00:19,24100.05,24099.65,250,24100,50,125,1231675
NIFTY-II.NFO,05/08/2024,13:00:20,24100,24100.35,300,24101,25,50,1231675
NIFTY-II.NFO,05/08/2024,13:00:22,24101,24100,50,24104.25,25,25,1231675
NIFTY-II.NFO,05/08/2024,13:00:24,24101,24100.7,375,24102,125,0,1231675
NIFTY-II.NFO,05/08/2024,13:00:25,24100.95,24099.05,125,24102,100,75,1231675
NIFTY-II.NFO,05/08/2024,13:00:27,24098.95,24096.6,150,24101.95,200,100,1231675
NIFTY-II.NFO,05/08/2024,13:00:29,24103.95,24098.15,325,24103.95,175,975,1231675
NIFTY-II.NFO,05/08/2024,13:00:30,24103.95,24098.5,125,24103.85,200,0,1231675
NIFTY-II.NFO,05/08/2024,13:00:32,24103.95,24100,25,24102.65,175,0,1231675
NIFTY-II.NFO,05/08/2024,13:00:34,24103.95,24100,25,24102.85,175,0,1231675
NIFTY-II.NFO,05/08/2024,13:00:35,24103.95,24100,25,24103.95,175,0,1231675
NIFTY-II.NFO,05/08/2024,13:00:37,24103.95,24100,50,24104.2,175,0,1231675
NIFTY-II.NFO,05/08/2024,13:00:39,24103.95,24100,50,24103.55,225,0,1231675
NIFTY-II.NFO,05/08/2024,13:00:40,24100.7,24098.15,200,24100.7,25,75,1231675
NIFTY-II.NFO,05/08/2024,13:00:42,24100.7,24099.2,200,24103.35,25,0,1231675
NIFTY-II.NFO,05/08/2024,13:00:44,24100.7,24099.1,275,24103.85,175,0,1231675
NIFTY-II.NFO,05/08/2024,13:00:45,24100.7,24102.2,200,24104.25,25,0,1231675
NIFTY-II.NFO,05/08/2024,13:00:47,24104.25,24104.25,250,24106.55,25,100,1231675
NIFTY-II.NFO,05/08/2024,13:00:49,24106.6,24106.5,275,24111.25,200,250,1231675
NIFTY-II.NFO,05/08/2024,13:00:50,24107.85,24105.95,325,24110.15,25,300,1231675
NIFTY-II.NFO,05/08/2024,13:00:52,24110.5,24104.5,250,24108.95,200,900,1231675
NIFTY-II.NFO,05/08/2024,13:00:54,24110.5,24104.25,250,24108.05,200,0,1231675
NIFTY-II.NFO,05/08/2024,13:00:55,24104.25,24104.25,225,24104.95,25,25,1231675
NIFTY-II.NFO,05/08/2024,13:00:57,24105.9,24104.25,225,24106.1,25,25,1231675
NIFTY-II.NFO,05/08/2024,13:00:59,24104.25,24104.25,200,24106,25,25,1231675
NIFTY-II.NFO,05/08/2024,13:01:00,24104.25,24104.25,200,24105.9,25,0,1231675
NIFTY-II.NFO,05/08/2024,13:01:02,24104.95,24104.95,250,24105.9,25,25,1231675
NIFTY-II.NFO,05/08/2024,13:01:04,24104.95,24104.25,200,24105.9,25,0,1231675
NIFTY-II.NFO,05/08/2024,13:01:05,24105.9,24104.25,200,24106,25,25,1231675
NIFTY-II.NFO,05/08/2024,13:01:07,24104.25,24104.25,175,24106,25,25,1231675
NIFTY-II.NFO,05/08/2024,13:01:09,24104.25,24099.4,200,24104.25,25,175,1231675
NIFTY-II.NFO,05/08/2024,13:01:10,24097.45,24097.5,200,24103.45,200,275,1234975
NIFTY-II.NFO,05/08/2024,13:01:12,24101.25,24097.75,75,24102.5,50,100,1234975
NIFTY-II.NFO,05/08/2024,13:01:14,24101.25,24096.9,150,24102.6,200,0,1234975
NIFTY-II.NFO,05/08/2024,13:01:15,24101.25,24096.1,25,24098.35,25,0,1234975
NIFTY-II.NFO,05/08/2024,13:01:17,24101.25,24096.1,25,24099.9,50,0,1234975
NIFTY-II.NFO,05/08/2024,13:01:19,24101.25,24096.1,25,24098.15,50,0,1234975
NIFTY-II.NFO,05/08/2024,13:01:20,24097.55,24096,475,24097.5,25,200,1234975
NIFTY-II.NFO,05/08/2024,13:01:22,24097.55,24096,475,24097.75,50,0,1234975
NIFTY-II.NFO,05/08/2024,13:01:24,24096.05,24096,525,24097.95,50,75,1234975
NIFTY-II.NFO,05/08/2024,13:01:25,24096,24096,500,24098.05,75,25,1234975
NIFTY-II.NFO,05/08/2024,13:01:27,24096,24096,475,24098.05,75,25,1234975
NIFTY-II.NFO,05/08/2024,13:01:29,24096,24096,450,24098.05,50,25,1234975
NIFTY-II.NFO,05/08/2024,13:01:30,24096,24096,475,24099.05,25,0,1234975
NIFTY-II.NFO,05/08/2024,13:01:32,24096,24096.3,125,24101.8,50,0,1234975
NIFTY-II.NFO,05/08/2024,13:01:34,24096,24096,525,24099.75,50,0,1234975
NIFTY-II.NFO,05/08/2024,13:01:35,24096,24096,450,24099.65,50,75,1234975
NIFTY-II.NFO,05/08/2024,13:01:37,24096,24096,425,24098.2,25,50,1234975
NIFTY-II.NFO,05/08/2024,13:01:39,24096,24096,450,24098.2,25,0,1234975
NIFTY-II.NFO,05/08/2024,13:01:40,24096,24096,500,24101.5,75,25,1234975
NIFTY-II.NFO,05/08/2024,13:01:42,24096,24096,500,24101.6,75,0,1234975
NIFTY-II.NFO,05/08/2024,13:01:44,24096,24096,375,24100.15,25,150,1234975
NIFTY-II.NFO,05/08/2024,13:01:45,24100.1,24096,375,24100.05,25,25,1234975
NIFTY-II.NFO,05/08/2024,13:01:47,24100.1,24096,375,24098.45,25,0,1234975
NIFTY-II.NFO,05/08/2024,13:01:49,24100.1,24096,375,24098.55,25,0,1234975
NIFTY-II.NFO,05/08/2024,13:01:50,24098.3,24096,375,24098.05,25,25,1234975
NIFTY-II.NFO,05/08/2024,13:01:52,24098.3,24096,375,24098.15,25,0,1234975
NIFTY-II.NFO,05/08/2024,13:01:53,24098.15,24096,375,24098.5,25,25,1234975
NIFTY-II.NFO,05/08/2024,13:01:55,24096,24096,350,24098.05,25,25,1234975
NIFTY-II.NFO,05/08/2024,13:01:57,24096,24096,350,24097.9,25,0,1234975
NIFTY-II.NFO,05/08/2024,13:01:58,24096,24096,325,24096.5,25,25,1234975
NIFTY-II.NFO,05/08/2024,13:02:00,24096,24096,325,24097.7,50,25,1234975
NIFTY-II.NFO,05/08/2024,13:02:02,24096,24096,100,24098.15,25,225,1234975
NIFTY-II.NFO,05/08/2024,13:02:03,24096,24096,100,24096.95,25,0,1234975
NIFTY-II.NFO,05/08/2024,13:02:05,24092,24092,850,24095.9,25,725,1234975
NIFTY-II.NFO,05/08/2024,13:02:07,24092,24092,850,24095.75,25,0,1234975
NIFTY-II.NFO,05/08/2024,13:02:08,24095.95,24092,825,24095.55,25,175,1234975
NIFTY-II.NFO,05/08/2024,13:02:10,24095.95,24092,825,24096,200,0,1234975
NIFTY-II.NFO,05/08/2024,13:02:12,24096,24093.1,125,24096,150,50,1234975
NIFTY-II.NFO,05/08/2024,13:02:13,24092,24092,850,24096,150,100,1234975
NIFTY-II.NFO,05/08/2024,13:02:15,24092,24092.3,50,24096,150,0,1234975
NIFTY-II.NFO,05/08/2024,13:02:17,24096,24094.35,125,24096,125,25,1234975
NIFTY-II.NFO,05/08/2024,13:02:18,24093.75,24092.3,100,24096,50,775,1234975
NIFTY-II.NFO,05/08/2024,13:02:20,24093.75,24093.15,125,24096,50,0,1234975
NIFTY-II.NFO,05/08/2024,13:02:22,24093.75,24092.6,100,24096,50,0,1234975
NIFTY-II.NFO,05/08/2024,13:02:23,24093.05,24093.1,100,24096,50,175,1234975
NIFTY-II.NFO,05/08/2024,13:02:25,24099,24096,50,24099.1,25,1050,1234975
NIFTY-II.NFO,05/08/2024,13:02:27,24096,24096,25,24098.15,50,25,1234975
NIFTY-II.NFO,05/08/2024,13:02:28,24096,24096,25,24098,75,0,1234975
NIFTY-II.NFO,05/08/2024,13:02:30,24096,24092.3,25,24096,100,25,1234975
NIFTY-II.NFO,05/08/2024,13:02:32,24092.3,24092,725,24094.95,125,25,1234975
NIFTY-II.NFO,05/08/2024,13:02:33,24092,24092,700,24094.05,50,50,1234975
NIFTY-II.NFO,05/08/2024,13:02:35,24092,24092,700,24092.3,25,0,1234975
NIFTY-II.NFO,05/08/2024,13:02:37,24091.05,24090,1225,24092.1,75,750,1234975
NIFTY-II.NFO,05/08/2024,13:02:38,24092.3,24092.25,475,24095.15,25,25,1234975
NIFTY-II.NFO,05/08/2024,13:02:40,24092.3,24090,1575,24094.7,50,0,1234975
NIFTY-II.NFO,05/08/2024,13:02:42,24092.3,24090.8,325,24094.75,25,0,1234975
NIFTY-II.NFO,05/08/2024,13:02:43,24092.3,24092,250,24093.9,50,0,1234975
NIFTY-II.NFO,05/08/2024,13:02:45,24092,24092,200,24093.55,25,50,1234975
NIFTY-II.NFO,05/08/2024,13:02:47,24092,24092,200,24093.85,25,50,1234975
NIFTY-II.NFO,05/08/2024,13:02:48,24092,24092,175,24095.1,25,25,1234975
NIFTY-II.NFO,05/08/2024,13:02:50,24090,24090,775,24093.9,25,650,1234975
NIFTY-II.NFO,05/08/2024,13:02:52,24090,24093.25,325,24095.15,25,0,1234975
NIFTY-II.NFO,05/08/2024,13:02:53,24093.25,24092.75,275,24096,50,50,1234975
NIFTY-II.NFO,05/08/2024,13:02:55,24092.25,24091.3,125,24094.9,25,25,1234975
NIFTY-II.NFO,05/08/2024,13:02:57,24090.7,24090.7,125,24094.9,25,200,1234975
NIFTY-II.NFO,05/08/2024,13:02:58,24091.2,24090.45,125,24094.9,25,25,1234975
NIFTY-II.NFO,05/08/2024,13:03:00,24094.35,24090.05,25,24094.35,200,25,1234975
NIFTY-II.NFO,05/08/2024,13:03:02,24094.35,24093.2,25,24096,25,0,1234975
NIFTY-II.NFO,05/08/2024,13:03:03,24096,24095.8,100,24098,625,25,1234975
NIFTY-II.NFO,05/08/2024,13:03:05,24096,24096.75,150,24098,625,0,1234975
NIFTY-II.NFO,05/08/2024,13:03:07,24098.35,24096.55,150,24099.3,25,675,1234975
NIFTY-II.NFO,05/08/2024,13:03:08,24100,24100.55,125,24104,50,100,1234975
NIFTY-II.NFO,05/08/2024,13:03:10,24100.5,24099.3,25,24103.95,200,200,1234975
NIFTY-II.NFO,05/08/2024,13:03:12,24100.5,24099.3,25,24103.6,200,0,1234975
NIFTY-II.NFO,05/08/2024,13:03:13,24100.5,24099.3,25,24101.15,25,0,1234975
NIFTY-II.NFO,05/08/2024,13:03:15,24100.5,24099.3,25,24102,200,0,1234975
NIFTY-II.NFO,05/08/2024,13:03:17,24099.3,24094.9,100,24100.15,200,25,1234975
NIFTY-II.NFO,05/08/2024,13:03:18,24099.3,24095.1,125,24100.05,200,0,1234975
NIFTY-II.NFO,05/08/2024,13:03:20,24099.3,24098.3,300,24102.15,25,0,1234975
NIFTY-II.NFO,05/08/2024,13:03:22,24099.3,24097.2,25,24102.05,25,0,1234975
NIFTY-II.NFO,05/08/2024,13:03:23,24099.3,24097.15,200,24102,200,0,1234975
NIFTY-II.NFO,05/08/2024,13:03:25,24099.3,24096.85,100,24101.75,200,0,1234975
NIFTY-II.NFO,05/08/2024,13:03:27,24101.75,24096,75,24100.45,200,75,1234975
NIFTY-II.NFO,05/08/2024,13:03:28,24095.25,24094.9,25,24098.8,200,200,1234975
NIFTY-II.NFO,05/08/2024,13:03:30,24095.25,24095.4,75,24100.05,25,0,1234975
NIFTY-II.NFO,05/08/2024,13:03:32,24095.25,24095.9,75,24100.05,25,0,1234975
NIFTY-II.NFO,05/08/2024,13:03:33,24095.25,24097.05,25,24100.05,25,0,1234975
NIFTY-II.NFO,05/08/2024,13:03:35,24095.25,24096.3,175,24099.95,25,0,1234975
NIFTY-II.NFO,05/08/2024,13:03:37,24099.95,24098.25,75,24100,25,25,1234975
NIFTY-II.NFO,05/08/2024,13:03:38,24099.95,24098.15,75,24099.95,150,0,1234975
NIFTY-II.NFO,05/08/2024,13:03:40,24099.95,24097.35,75,24099.95,150,0,1234975
NIFTY-II.NFO,05/08/2024,13:03:42,24101.85,24100.55,100,24101.9,25,500,1234975
NIFTY-II.NFO,05/08/2024,13:03:43,24101.85,24098.25,375,24102.9,200,0,1234975
NIFTY-II.NFO,05/08/2024,13:03:45,24101.85,24098.6,75,24102.95,25,0,1234975
NIFTY-II.NFO,05/08/2024,13:03:47,24103.5,24097.95,75,24102.95,350,25,1234975
NIFTY-II.NFO,05/08/2024,13:03:48,24098.7,24098.5,50,24102.95,250,200,1234975
NIFTY-II.NFO,05/08/2024,13:03:50,24098.7,24099.85,50,24103,50,0,1234975
NIFTY-II.NFO,05/08/2024,13:03:52,24100.05,24099.6,50,24102.95,50,25,1234975
NIFTY-II.NFO,05/08/2024,13:03:53,24100.05,24100.25,250,24103,50,0,1234975
NIFTY-II.NFO,05/08/2024,13:03:55,24100.05,24098.05,75,24102.8,200,0,1234975
NIFTY-II.NFO,05/08/2024,13:03:57,24100.05,24099.25,250,24101.95,50,0,1234975
NIFTY-II.NFO,05/08/2024,13:03:58,24105.3,24099.3,250,24103,25,900,1234975
NIFTY-II.NFO,05/08/2024,13:04:00,24105.3,24099.3,250,24102.25,50,0,1234975
NIFTY-II.NFO,05/08/2024,13:04:02,24105.3,24099.35,250,24102.25,50,0,1234975
NIFTY-II.NFO,05/08/2024,13:04:03,24104.95,24101,275,24104.95,50,25,1234975
NIFTY-II.NFO,05/08/2024,13:04:05,24104.95,24101.25,250,24105,50,0,1234975
NIFTY-II.NFO,05/08/2024,13:04:07,24109,24103,25,24107,25,1525,1234975
NIFTY-II.NFO,05/08/2024,13:04:08,24103,24102.05,125,24107.9,250,25,1234975
NIFTY-II.NFO,05/08/2024,13:04:10,24102.45,24102.3,125,24106.9,50,150,1234975
NIFTY-II.NFO,05/08/2024,13:04:12,24103.2,24103.2,125,24107.9,50,25,1236325
NIFTY-II.NFO,05/08/2024,13:04:13,24105.3,24103.65,125,24108,50,50,1236325
NIFTY-II.NFO,05/08/2024,13:04:15,24105.3,24106.1,325,24109.8,50,0,1236325
NIFTY-II.NFO,05/08/2024,13:04:17,24105.3,24112.8,50,24114.5,50,0,1236325
NIFTY-II.NFO,05/08/2024,13:04:18,24116,24115.6,25,24118.4,50,300,1236325
NIFTY-II.NFO,05/08/2024,13:04:20,24116,24112.75,50,24117.25,50,0,1236325
NIFTY-II.NFO,05/08/2024,13:04:21,24116,24111.45,275,24116,50,0,1236325
NIFTY-II.NFO,05/08/2024,13:04:23,24116,24111.85,50,24116,50,0,1236325
NIFTY-II.NFO,05/08/2024,13:04:25,24118.5,24112.15,50,24116,50,100,1236325
NIFTY-II.NFO,05/08/2024,13:04:26,24110.95,24111.05,50,24114.15,100,1100,1236325
NIFTY-II.NFO,05/08/2024,13:04:28,24115.6,24111.65,200,24114.9,50,50,1236325
NIFTY-II.NFO,05/08/2024,13:04:30,24115.6,24110.65,200,24114.65,50,0,1236325
NIFTY-II.NFO,05/08/2024,13:04:31,24114.9,24110.65,250,24115,50,25,1236325
NIFTY-II.NFO,05/08/2024,13:04:33,24116,24112.6,200,24115,25,50,1236325
NIFTY-II.NFO,05/08/2024,13:04:35,24115,24113.3,200,24116.1,50,25,1236325
NIFTY-II.NFO,05/08/2024,13:04:36,24114.65,24118.7,525,24120,225,50,1236325
NIFTY-II.NFO,05/08/2024,13:04:38,24119.2,24119.3,225,24120,200,225,1236325
NIFTY-II.NFO,05/08/2024,13:04:40,24120,24124.8,150,24128.1,50,200,1236325
NIFTY-II.NFO,05/08/2024,13:04:41,24127.45,24126.35,125,24127.5,50,50,1236325
NIFTY-II.NFO,05/08/2024,13:04:43,24135.85,24131.15,225,24133,50,175,1236325
NIFTY-II.NFO,05/08/2024,13:04:45,24135.85,24128.45,175,24132.05,50,0,1236325
NIFTY-II.NFO,05/08/2024,13:04:47,24127.3,24125.3,225,24130.8,200,50,1236325
NIFTY-II.NFO,05/08/2024,13:04:48,24127.3,24128.5,275,24131.95,50,0,1236325
NIFTY-II.NFO,05/08/2024,13:04:50,24127.3,24128.25,150,24131.95,50,0,1236325
NIFTY-II.NFO,05/08/2024,13:04:52,24131.7,24127.15,200,24131.9,50,375,1236325
NIFTY-II.NFO,05/08/2024,13:04:53,24132.8,24126.05,200,24130.9,25,25,1236325
NIFTY-II.NFO,05/08/2024,13:04:55,24132.8,24123.3,275,24129.4,25,0,1236325
NIFTY-II.NFO,05/08/2024,13:04:57,24121.45,24120.75,325,24126.75,50,50,1236325
NIFTY-II.NFO,05/08/2024,13:04:58,24126.75,24120.75,275,24126.4,100,25,1236325
NIFTY-II.NFO,05/08/2024,13:05:00,24129.95,24120.65,275,24126.95,75,300,1236325
NIFTY-II.NFO,05/08/2024,13:05:02,24122.15,24127.4,200,24131.8,50,75,1236325
NIFTY-II.NFO,05/08/2024,13:05:03,24125.35,24125.35,200,24131,50,275,1236325
NIFTY-II.NFO,05/08/2024,13:05:05,24125.35,24127.25,200,24130,50,0,1236325
NIFTY-II.NFO,05/08/2024,13:05:07,24130.9,24125.25,325,24130.95,75,100,1236325
NIFTY-II.NFO,05/08/2024,13:05:08,24121.85,24121.35,200,24126.95,75,75,1236325
NIFTY-II.NFO,05/08/2024,13:05:10,24121.85,24121.45,325,24126.95,25,0,1236325
NIFTY-II.NFO,05/08/2024,13:05:12,24125,24123.25,275,24127.95,25,25,1236325
NIFTY-II.NFO,05/08/2024,13:05:13,24125,24126.45,200,24130.95,50,0,1236325
NIFTY-II.NFO,05/08/2024,13:05:15,24125,24123.6,325,24128.45,50,0,1236325
NIFTY-II.NFO,05/08/2024,13:05:17,24125,24123.8,200,24128.9,25,0,1236325
NIFTY-II.NFO,05/08/2024,13:05:18,24130.9,24125,200,24128,50,500,1236325
NIFTY-II.NFO,05/08/2024,13:05:20,24130.9,24125.7,275,24132.4,50,0,1236325
NIFTY-II.NFO,05/08/2024,13:05:22,24130.9,24126.05,200,24129.75,50,0,1236325
NIFTY-II.NFO,05/08/2024,13:05:23,24130.9,24123.45,250,24129.9,25,0,1236325
NIFTY-II.NFO,05/08/2024,13:05:25,24129.95,24126.85,200,24131.85,50,25,1236325
NIFTY-II.NFO,05/08/2024,13:05:27,24130.95,24125.8,25,24129.55,50,100,1236325
NIFTY-II.NFO,05/08/2024,13:05:28,24130.95,24127.6,275,24131.95,50,0,1236325
NIFTY-II.NFO,05/08/2024,13:05:30,24132.8,24131,50,24134.9,25,25,1236325
NIFTY-II.NFO,05/08/2024,13:05:32,24132.8,24130.85,275,24135,300,0,1236325
NIFTY-II.NFO,05/08/2024,13:05:33,24135,24130.75,275,24135,275,25,1236325
NIFTY-II.NFO,05/08/2024,13:05:35,24135,24135.8,50,24138.75,25,275,1236325
NIFTY-II.NFO,05/08/2024,13:05:36,24140,24135.45,200,24140.05,50,75,1236325
NIFTY-II.NFO,05/08/2024,13:05:38,24140,24135.9,50,24140.2,50,0,1236325
NIFTY-II.NFO,05/08/2024,13:05:40,24140,24136.25,125,24141.6,25,0,1236325
NIFTY-II.NFO,05/08/2024,13:05:41,24140,24137.6,200,24140.1,25,0,1236325
NIFTY-II.NFO,05/08/2024,13:05:43,24140,24137.3,325,24140.1,25,0,1236325
NIFTY-II.NFO,05/08/2024,13:05:45,24140.1,24138.05,200,24142.8,25,25,1236325
NIFTY-II.NFO,05/08/2024,13:05:46,24143,24138.4,200,24144,100,100,1236325
NIFTY-II.NFO,05/08/2024,13:05:48,24143.75,24138.45,200,24143.75,25,50,1236325
NIFTY-II.NFO,05/08/2024,13:05:50,24143.75,24137.25,50,24142.1,50,0,1236325
NIFTY-II.NFO,05/08/2024,13:05:51,24143.75,24137.05,50,24141,50,0,1236325
NIFTY-II.NFO,05/08/2024,13:05:53,24143.75,24135.3,50,24140.25,50,0,1236325
NIFTY-II.NFO,05/08/2024,13:05:55,24140.25,24135.6,275,24140.95,50,500,1236325
NIFTY-II.NFO,05/08/2024,13:05:56,24140.25,24137.1,200,24142.9,50,0,1236325
NIFTY-II.NFO,05/08/2024,13:05:58,24140.25,24138.3,50,24143,50,0,1236325
NIFTY-II.NFO,05/08/2024,13:06:00,24138.4,24138.4,275,24143.2,25,25,1236325
NIFTY-II.NFO,05/08/2024,13:06:01,24138.4,24137.95,25,24141.05,25,0,1236325
NIFTY-II.NFO,05/08/2024,13:06:03,24140.25,24139.35,50,24143.95,25,200,1236325
NIFTY-II.NFO,05/08/2024,13:06:05,24139.35,24138.55,50,24143.05,25,25,1236325
NIFTY-II.NFO,05/08/2024,13:06:06,24137.45,24140.35,225,24144,150,500,1236325
NIFTY-II.NFO,05/08/2024,13:06:08,24137.45,24138,225,24141.35,50,0,1236325
NIFTY-II.NFO,05/08/2024,13:06:10,24137.45,24140.05,25,24142.95,50,0,1236325
NIFTY-II.NFO,05/08/2024,13:06:11,24142.95,24141.1,175,24144,100,25,1236325
NIFTY-II.NFO,05/08/2024,13:06:13,24144,24143.3,50,24145,150,100,1236325
NIFTY-II.NFO,05/08/2024,13:06:15,24145.1,24145.05,25,24149.55,200,175,1236325
NIFTY-II.NFO,05/08/2024,13:06:16,24145.1,24146.05,25,24149.85,200,0,1236325
NIFTY-II.NFO,05/08/2024,13:06:18,24149.9,24146.35,50,24149.9,50,75,1236325
NIFTY-II.NFO,05/08/2024,13:06:20,24144.5,24144.4,150,24149.45,200,25,1236325
NIFTY-II.NFO,05/08/2024,13:06:21,24144.5,24145.2,225,24149.9,50,0,1236325
NIFTY-II.NFO,05/08/2024,13:06:23,24150,24145.1,50,24149.95,275,1025,1236325
NIFTY-II.NFO,05/08/2024,13:06:25,24144.5,24146.05,25,24149.9,25,50,1236325
NIFTY-II.NFO,05/08/2024,13:06:26,24150,24148.6,125,24150,75,100,1236325
NIFTY-II.NFO,05/08/2024,13:06:28,24150,24148.1,125,24150,50,25,1236325
NIFTY-II.NFO,05/08/2024,13:06:30,24151.05,24146.1,50,24150.85,50,100,1236325
NIFTY-II.NFO,05/08/2024,13:06:31,24152.55,24150.1,50,24153.95,200,75,1236325
NIFTY-II.NFO,05/08/2024,13:06:33,24153.45,24153.4,50,24155,75,25,1236325
NIFTY-II.NFO,05/08/2024,13:06:35,24155,24150.2,50,24154.95,200,75,1236325
NIFTY-II.NFO,05/08/2024,13:06:36,24155,24152.1,50,24155,25,0,1236325
NIFTY-II.NFO,05/08/2024,13:06:38,24155,24150.7,50,24155,25,0,1236325
NIFTY-II.NFO,05/08/2024,13:06:40,24155.9,24157.9,50,24162.9,275,150,1236325
NIFTY-II.NFO,05/08/2024,13:06:41,24155.9,24158.1,50,24161.2,50,0,1236325
NIFTY-II.NFO,05/08/2024,13:06:43,24155.65,24155.05,50,24158.95,200,25,1236325
NIFTY-II.NFO,05/08/2024,13:06:45,24155.65,24155.45,50,24160.55,275,0,1236325
NIFTY-II.NFO,05/08/2024,13:06:46,24160.9,24155.9,50,24159.95,175,225,1236325
NIFTY-II.NFO,05/08/2024,13:06:48,24160.9,24155.45,50,24158.7,175,0,1236325
NIFTY-II.NFO,05/08/2024,13:06:50,24160.9,24155.5,50,24159.55,250,0,1236325
NIFTY-II.NFO,05/08/2024,13:06:51,24160.9,24155.4,50,24159.95,250,0,1236325
NIFTY-II.NFO,05/08/2024,13:06:53,24160,24156.5,50,24160,575,25,1236325
NIFTY-II.NFO,05/08/2024,13:06:55,24155.25,24155.65,200,24160,550,50,1236325
NIFTY-II.NFO,05/08/2024,13:06:57,24160,24156.6,200,24160,450,100,1236325
NIFTY-II.NFO,05/08/2024,13:06:58,24160,24156.85,50,24160,450,0,1236325
NIFTY-II.NFO,05/08/2024,13:07:00,24157.05,24156.2,275,24160,450,25,1236325
NIFTY-II.NFO,05/08/2024,13:07:02,24156.8,24157.65,200,24160,450,25,1236325
NIFTY-II.NFO,05/08/2024,13:07:03,24156.75,24155.1,50,24159.85,275,500,1236325
NIFTY-II.NFO,05/08/2024,13:07:05,24156.75,24155,50,24158.6,200,0,1236325
NIFTY-II.NFO,05/08/2024,13:07:07,24155,24152.45,50,24157,75,50,1236325
NIFTY-II.NFO,05/08/2024,13:07:08,24155,24152.55,50,24157,200,0,1236325
NIFTY-II.NFO,05/08/2024,13:07:10,24152.4,24152.55,50,24157.05,100,50,1236325
NIFTY-II.NFO,05/08/2024,13:07:12,24152.4,24152.5,50,24157.05,100,0,1236325
NIFTY-II.NFO,05/08/2024,13:07:13,24157.05,24154.6,200,24159.7,50,100,1236575
NIFTY-II.NFO,05/08/2024,13:07:15,24157.05,24155.05,50,24160,1075,0,1236575
NIFTY-II.NFO,05/08/2024,13:07:17,24157.05,24154.3,50,24158.85,75,0,1236575
NIFTY-II.NFO,05/08/2024,13:07:18,24157.05,24153.25,175,24157.95,200,0,1236575
NIFTY-II.NFO,05/08/2024,13:07:20,24157.05,24154,250,24158.5,200,0,1236575
NIFTY-II.NFO,05/08/2024,13:07:21,24157.05,24152,25,24155.55,50,0,1236575
NIFTY-II.NFO,05/08/2024,13:07:23,24157.05,24152,25,24157.1,275,0,1236575
NIFTY-II.NFO,05/08/2024,13:07:25,24157.8,24152.3,25,24157.75,200,75,1236575
NIFTY-II.NFO,05/08/2024,13:07:26,24155.5,24152,25,24156.2,200,25,1236575
NIFTY-II.NFO,05/08/2024,13:07:28,24156.25,24152.3,25,24156.45,50,50,1236575
NIFTY-II.NFO,05/08/2024,13:07:30,24156.45,24154.05,75,24159.25,275,50,1236575
NIFTY-II.NFO,05/08/2024,13:07:31,24156.45,24153.25,25,24158.35,275,0,1236575
NIFTY-II.NFO,05/08/2024,13:07:33,24152.9,24153.3,125,24158.25,200,25,1236575
NIFTY-II.NFO,05/08/2024,13:07:35,24152.9,24152,25,24154.7,275,0,1236575
NIFTY-II.NFO,05/08/2024,13:07:36,24150,24150,75,24152.9,275,75,1236575
NIFTY-II.NFO,05/08/2024,13:07:38,24150,24150,100,24153.65,325,0,1236575
NIFTY-II.NFO,05/08/2024,13:07:40,24150,24150,100,24152.35,275,0,1236575
NIFTY-II.NFO,05/08/2024,13:07:41,24150,24150,100,24150.65,200,0,1236575
NIFTY-II.NFO,05/08/2024,13:07:43,24151.15,24150,100,24152.05,200,25,1236575
NIFTY-II.NFO,05/08/2024,13:07:45,24150,24150,75,24150.6,200,25,1236575
NIFTY-II.NFO,05/08/2024,13:07:46,24150.4,24145.5,50,24150.4,275,100,1236575
NIFTY-II.NFO,05/08/2024,13:07:48,24150.4,24150,25,24151.9,200,0,1236575
NIFTY-II.NFO,05/08/2024,13:07:50,24150.4,24150.2,250,24155.35,275,0,1236575
NIFTY-II.NFO,05/08/2024,13:07:51,24150.4,24150,25,24155,475,0,1236575
NIFTY-II.NFO,05/08/2024,13:07:53,24150.4,24153,125,24157,50,0,1236575
NIFTY-II.NFO,05/08/2024,13:07:55,24150.4,24153.1,50,24156.95,200,0,1236575
NIFTY-II.NFO,05/08/2024,13:07:56,24150.4,24152.55,50,24156.95,200,0,1236575
NIFTY-II.NFO,05/08/2024,13:07:58,24153.15,24153.05,25,24157,25,250,1236575
NIFTY-II.NFO,05/08/2024,13:08:00,24157,24153.2,50,24159.35,275,25,1236575
NIFTY-II.NFO,05/08/2024,13:08:01,24151.05,24151,400,24156.2,275,25,1236575
NIFTY-II.NFO,05/08/2024,13:08:03,24151.05,24150,75,24155.2,325,0,1236575
NIFTY-II.NFO,05/08/2024,13:08:05,24151.05,24150,75,24153.35,75,0,1236575
NIFTY-II.NFO,05/08/2024,13:08:06,24151.15,24150,75,24150.9,275,25,1236575
NIFTY-II.NFO,05/08/2024,13:08:08,24150,24144.15,25,24147.3,50,75,1236575
NIFTY-II.NFO,05/08/2024,13:08:10,24150,24143.8,25,24149.05,275,0,1236575
NIFTY-II.NFO,05/08/2024,13:08:11,24150,24143.75,50,24148.1,275,0,1236575
NIFTY-II.NFO,05/08/2024,13:08:13,24143.75,24143.75,25,24145.7,50,75,1236575
NIFTY-II.NFO,05/08/2024,13:08:15,24143.75,24141.8,125,24146.65,50,25,1236575
NIFTY-II.NFO,05/08/2024,13:08:16,24142.25,24142.25,550,24146.95,275,150,1236575
NIFTY-II.NFO,05/08/2024,13:08:18,24142,24141.3,200,24145.9,175,200,1236575
NIFTY-II.NFO,05/08/2024,13:08:20,24141.3,24140.8,200,24145.85,275,25,1236575
NIFTY-II.NFO,05/08/2024,13:08:21,24141.3,24141.25,675,24146.6,275,0,1236575
NIFTY-II.NFO,05/08/2024,13:08:23,24141.3,24141.25,200,24146.1,275,0,1236575
NIFTY-II.NFO,05/08/2024,13:08:25,24141.35,24141.55,175,24146.75,275,25,1236575
NIFTY-II.NFO,05/08/2024,13:08:26,24141.35,24141.15,175,24146,200,0,1236575
NIFTY-II.NFO,05/08/2024,13:08:28,24143,24143,125,24146.1,275,50,1236575
NIFTY-II.NFO,05/08/2024,13:08:30,24143,24143,125,24146.5,200,0,1236575
NIFTY-II.NFO,05/08/2024,13:08:31,24144.2,24144.35,125,24147.2,25,50,1236575
NIFTY-II.NFO,05/08/2024,13:08:33,24144.2,24143.95,125,24147.2,25,0,1236575
NIFTY-II.NFO,05/08/2024,13:08:35,24151.15,24146,200,24151.75,650,50,1236575
NIFTY-II.NFO,05/08/2024,13:08:36,24151.15,24145.1,200,24150.55,275,0,1236575
NIFTY-II.NFO,05/08/2024,13:08:38,24146,24145.8,25,24150.35,275,25,1236575
NIFTY-II.NFO,05/08/2024,13:08:40,24146,24143.15,200,24148.85,200,0,1236575
NIFTY-II.NFO,05/08/2024,13:08:41,24146,24143.25,150,24147.75,275,0,1236575
NIFTY-II.NFO,05/08/2024,13:08:43,24143.2,24143.2,25,24145.3,200,50,1236575
NIFTY-II.NFO,05/08/2024,13:08:45,24143,24143,75,24143.55,200,125,1236575
NIFTY-II.NFO,05/08/2024,13:08:46,24143,24139.05,150,24142.7,50,75,1236575
NIFTY-II.NFO,05/08/2024,13:08:48,24143,24139,25,24142.65,50,0,1236575
NIFTY-II.NFO,05/08/2024,13:08:50,24143,24139.05,150,24143.35,50,0,1236575
NIFTY-II.NFO,05/08/2024,13:08:51,24143,24139.05,150,24143.1,50,0,1236575
NIFTY-II.NFO,05/08/2024,13:08:53,24143,24139.05,150,24143.35,175,0,1236575
NIFTY-II.NFO,05/08/2024,13:08:55,24142.7,24139,25,24142.45,200,75,1236575
NIFTY-II.NFO,05/08/2024,13:08:56,24142.7,24139,25,24140.5,50,0,1236575
NIFTY-II.NFO,05/08/2024,13:08:58,24139,24135.8,125,24140.4,50,50,1236575
NIFTY-II.NFO,05/08/2024,13:09:00,24139,24135.4,125,24139.95,200,0,1236575
NIFTY-II.NFO,05/08/2024,13:09:01,24138.85,24135.1,175,24139.45,200,50,1236575
NIFTY-II.NFO,05/08/2024,13:09:03,24138.85,24134.6,175,24139.45,150,0,1236575
NIFTY-II.NFO,05/08/2024,13:09:05,24138.85,24137.75,175,24142.4,200,0,1236575
NIFTY-II.NFO,05/08/2024,13:09:06,24137.6,24137.45,50,24142.2,200,25,1236575
NIFTY-II.NFO,05/08/2024,13:09:08,24142.5,24137.15,200,24141.9,200,25,1236575
NIFTY-II.NFO,05/08/2024,13:09:10,24137.45,24138.4,175,24143.25,275,25,1236575
NIFTY-II.NFO,05/08/2024,13:09:12,24137.45,24140.5,50,24145.8,275,0,1236575
NIFTY-II.NFO,05/08/2024,13:09:13,24141.45,24139,125,24143.7,200,50,1236575
NIFTY-II.NFO,05/08/2024,13:09:15,24141.45,24138.55,125,24143.1,275,0,1236575
NIFTY-II.NFO,05/08/2024,13:09:17,24141.45,24138.05,125,24142.75,275,0,1236575
NIFTY-II.NFO,05/08/2024,13:09:18,24141.45,24136.6,125,24141.35,200,0,1236575
NIFTY-II.NFO,05/08/2024,13:09:20,24141.45,24138.35,25,24142.2,200,0,1236575
NIFTY-II.NFO,05/08/2024,13:09:21,24141.45,24138.4,50,24143.1,200,0,1236575
NIFTY-II.NFO,05/08/2024,13:09:23,24141.45,24139.15,50,24143.6,275,0,1236575
NIFTY-II.NFO,05/08/2024,13:09:25,24141.45,24138.75,175,24143.85,275,0,1236575
NIFTY-II.NFO,05/08/2024,13:09:26,24141.45,24138.4,125,24143.3,275,0,1236575
NIFTY-II.NFO,05/08/2024,13:09:28,24141.45,24139.6,125,24144.25,200,0,1236575
NIFTY-II.NFO,05/08/2024,13:09:30,24141.45,24138.95,125,24144.25,275,0,1236575
NIFTY-II.NFO,05/08/2024,13:09:31,24144.8,24139.85,125,24144.9,400,25,1236575
NIFTY-II.NFO,05/08/2024,13:09:33,24141.95,24144.95,75,24149.9,400,50,1236575
NIFTY-II.NFO,05/08/2024,13:09:35,24149.9,24144.65,225,24149.6,275,100,1236575
NIFTY-II.NFO,05/08/2024,13:09:36,24149.9,24148.45,250,24150,125,0,1236575
NIFTY-II.NFO,05/08/2024,13:09:38,24149.9,24149.1,50,24150,125,0,1236575
NIFTY-II.NFO,05/08/2024,13:09:40,24149.9,24147.3,225,24150,125,0,1236575
NIFTY-II.NFO,05/08/2024,13:09:41,24149.9,24146.15,175,24150,125,0,1236575
NIFTY-II.NFO,05/08/2024,13:09:43,24150,24151.05,175,24154,100,125,1236575
NIFTY-II.NFO,05/08/2024,13:09:45,24150,24151.8,175,24154,100,0,1236575
NIFTY-II.NFO,05/08/2024,13:09:46,24150,24149.1,175,24151.4,50,0,1236575
NIFTY-II.NFO,05/08/2024,13:09:48,24150,24149,25,24152.45,125,0,1236575
NIFTY-II.NFO,05/08/2024,13:09:50,24150,24150.65,175,24154,100,0,1236575
NIFTY-II.NFO,05/08/2024,13:09:51,24150,24149.05,175,24153.95,275,0,1236575
NIFTY-II.NFO,05/08/2024,13:09:53,24150,24151.4,175,24154,100,0,1236575
NIFTY-II.NFO,05/08/2024,13:09:55,24150,24151.6,175,24154,100,0,1236575
NIFTY-II.NFO,05/08/2024,13:09:56,24150,24149.95,175,24154,100,0,1236575
NIFTY-II.NFO,05/08/2024,13:09:58,24150,24149.35,175,24154,100,0,1236575
NIFTY-II.NFO,05/08/2024,13:10:00,24150,24149,25,24152.45,125,0,1236575
NIFTY-II.NFO,05/08/2024,13:10:01,24150,24149,25,24150.25,525,25,1236575
NIFTY-II.NFO,05/08/2024,13:10:03,24149,24145,50,24149.75,450,25,1236575
NIFTY-II.NFO,05/08/2024,13:10:05,24149,24146.05,50,24150,25,0,1236575
NIFTY-II.NFO,05/08/2024,13:10:06,24149,24143.55,50,24147.8,200,0,1236575
NIFTY-II.NFO,05/08/2024,13:10:08,24142.4,24142.6,100,24147.3,200,125,1236575
NIFTY-II.NFO,05/08/2024,13:10:10,24147.1,24142.95,175,24148,200,25,1236575
NIFTY-II.NFO,05/08/2024,13:10:11,24147.1,24143.35,125,24147.85,200,0,1236575
NIFTY-II.NFO,05/08/2024,13:10:13,24147.1,24143.8,25,24148.1,200,0,1236575
NIFTY-II.NFO,05/08/2024,13:10:15,24147.1,24144.8,50,24149.75,200,0,1236575
NIFTY-II.NFO,05/08/2024,13:10:16,24145.35,24146.85,125,24152.8,250,125,1236625
NIFTY-II.NFO,05/08/2024,13:10:18,24145.35,24148,175,24152.8,200,0,1236625
NIFTY-II.NFO,05/08/2024,13:10:19,24153.85,24150.25,150,24154,100,150,1236625
NIFTY-II.NFO,05/08/2024,13:10:21,24153.85,24151.25,150,24154,100,0,1236625
NIFTY-II.NFO,05/08/2024,13:10:23,24153.85,24152.85,150,24154,100,0,1236625
NIFTY-II.NFO,05/08/2024,13:10:24,24155,24155.45,150,24158,50,125,1236625
NIFTY-II.NFO,05/08/2024,13:10:26,24159.95,24159.1,25,24159.95,25,75,1236625
NIFTY-II.NFO,05/08/2024,13:10:28,24160.9,24161.2,25,24164.95,275,1700,1236625
NIFTY-II.NFO,05/08/2024,13:10:29,24160.9,24162.95,25,24164.2,200,0,1236625
NIFTY-II.NFO,05/08/2024,13:10:31,24162.95,24158.2,150,24164.95,275,25,1236625
NIFTY-II.NFO,05/08/2024,13:10:33,24162.95,24159.1,50,24164.95,275,0,1236625
NIFTY-II.NFO,05/08/2024,13:10:34,24162.95,24157.8,50,24162.9,275,0,1236625
NIFTY-II.NFO,05/08/2024,13:10:36,24162.95,24159.65,50,24162.95,175,0,1236625
NIFTY-II.NFO,05/08/2024,13:10:38,24162.95,24158.25,150,24162.95,175,0,1236625
NIFTY-II.NFO,05/08/2024,13:10:39,24162.95,24158.15,150,24162.95,175,0,1236625
NIFTY-II.NFO,05/08/2024,13:10:41,24162.95,24158.25,150,24162.95,175,0,1236625
NIFTY-II.NFO,05/08/2024,13:10:43,24162.95,24157.95,175,24162.95,175,0,1236625
NIFTY-II.NFO,05/08/2024,13:10:44,24162.95,24159.7,25,24162.95,125,75,1236625
NIFTY-II.NFO,05/08/2024,13:10:46,24162.95,24159.2,150,24162.95,125,0,1236625
NIFTY-II.NFO,05/08/2024,13:10:48,24162.95,24161.6,50,24162.95,125,0,1236625
NIFTY-II.NFO,05/08/2024,13:10:49,24162.95,24160,150,24162.95,125,0,1236625
NIFTY-II.NFO,05/08/2024,13:10:51,24162.95,24162,150,24162.95,125,0,1236625
NIFTY-II.NFO,05/08/2024,13:10:53,24165,24166.3,150,24170,25,200,1236625
NIFTY-II.NFO,05/08/2024,13:10:54,24165,24165.65,150,24170,25,0,1236625
NIFTY-II.NFO,05/08/2024,13:10:56,24167.8,24167.85,150,24170,25,25,1236625
NIFTY-II.NFO,05/08/2024,13:10:58,24167.8,24167.8,150,24170,25,0,1236625
NIFTY-II.NFO,05/08/2024,13:10:59,24171,24168.4,150,24175,200,50,1236625
NIFTY-II.NFO,05/08/2024,13:11:01,24171,24165.4,175,24170.2,275,0,1236625
NIFTY-II.NFO,05/08/2024,13:11:03,24171,24165.1,200,24170.6,275,50,1236625
NIFTY-II.NFO,05/08/2024,13:11:04,24171,24162.7,200,24168.5,325,0,1236625
NIFTY-II.NFO,05/08/2024,13:11:06,24171,24162.75,200,24167.4,325,0,1236625
NIFTY-II.NFO,05/08/2024,13:11:08,24168.4,24161.75,250,24167.7,175,100,1236625
NIFTY-II.NFO,05/08/2024,13:11:09,24168.4,24162.8,200,24167.65,100,0,1236625
NIFTY-II.NFO,05/08/2024,13:11:11,24168.4,24161.85,175,24166.15,175,0,1236625
NIFTY-II.NFO,05/08/2024,13:11:13,24168.4,24162.65,200,24168.4,175,0,1236625
NIFTY-II.NFO,05/08/2024,13:11:14,24168.4,24168,25,24168.8,100,0,1236625
NIFTY-II.NFO,05/08/2024,13:11:16,24168.15,24162.7,125,24168.15,275,525,1236625
NIFTY-II.NFO,05/08/2024,13:11:18,24167,24161.2,200,24166.5,275,25,1236625
NIFTY-II.NFO,05/08/2024,13:11:19,24167,24161.95,150,24167.75,275,0,1236625
NIFTY-II.NFO,05/08/2024,13:11:21,24169.95,24164.95,50,24169.95,275,25,1236625
NIFTY-II.NFO,05/08/2024,13:11:22,24169.95,24164.45,175,24169.95,275,0,1236625
NIFTY-II.NFO,05/08/2024,13:11:24,24169.95,24167.25,175,24170,125,0,1236625
NIFTY-II.NFO,05/08/2024,13:11:26,24169.95,24168.45,175,24170,125,0,1236625
NIFTY-II.NFO,05/08/2024,13:11:27,24171,24172.6,175,24177.75,200,150,1236625
NIFTY-II.NFO,05/08/2024,13:11:29,24170.25,24170.2,50,24175.05,200,100,1236625
NIFTY-II.NFO,05/08/2024,13:11:31,24170.25,24169.95,25,24173.05,275,0,1236625
NIFTY-II.NFO,05/08/2024,13:11:33,24170.25,24169.95,25,24170.5,250,0,1236625
NIFTY-II.NFO,05/08/2024,13:11:34,24172.45,24169.95,25,24171,25,25,1236625
NIFTY-II.NFO,05/08/2024,13:11:36,24171,24171,25,24172.6,200,25,1236625
NIFTY-II.NFO,05/08/2024,13:11:38,24169.95,24165.7,50,24170.8,275,50,1236625
NIFTY-II.NFO,05/08/2024,13:11:39,24166.5,24166.8,175,24172.75,275,375,1236625
NIFTY-II.NFO,05/08/2024,13:11:41,24166.5,24162.6,50,24169.25,200,0,1236625
NIFTY-II.NFO,05/08/2024,13:11:43,24166.5,24162.35,50,24169.95,200,0,1236625
NIFTY-II.NFO,05/08/2024,13:11:44,24166.5,24168,50,24170.8,200,0,1236625
NIFTY-II.NFO,05/08/2024,13:11:46,24166.5,24168,50,24170.5,200,0,1236625
NIFTY-II.NFO,05/08/2024,13:11:48,24166.5,24168,50,24171.7,200,0,1236625
NIFTY-II.NFO,05/08/2024,13:11:49,24169.95,24168,50,24171.05,275,25,1236625
NIFTY-II.NFO,05/08/2024,13:11:51,24164,24161.2,50,24168.45,200,75,1236625
NIFTY-II.NFO,05/08/2024,13:11:53,24164,24161.15,50,24168.45,200,0,1236625
NIFTY-II.NFO,05/08/2024,13:11:54,24161.4,24160.45,225,24168.55,200,25,1236625
NIFTY-II.NFO,05/08/2024,13:11:56,24161.4,24160.2,75,24166.35,325,0,1236625
NIFTY-II.NFO,05/08/2024,13:11:58,24161.4,24160,50,24167.45,200,0,1236625
NIFTY-II.NFO,05/08/2024,13:11:59,24161.4,24160.7,50,24167.9,200,0,1236625
NIFTY-II.NFO,05/08/2024,13:12:01,24161.4,24160.2,50,24166,200,0,1236625
NIFTY-II.NFO,05/08/2024,13:12:03,24161.4,24159.45,50,24166.25,275,0,1236625
NIFTY-II.NFO,05/08/2024,13:12:04,24161.4,24162.35,50,24168.65,275,0,1236625
NIFTY-II.NFO,05/08/2024,13:12:06,24161.4,24160.5,50,24166.85,275,0,1236625
NIFTY-II.NFO,05/08/2024,13:12:08,24161.4,24158.5,50,24163.6,50,0,1236625
NIFTY-II.NFO,05/08/2024,13:12:09,24161.4,24160.65,200,24165,25,0,1236625
NIFTY-II.NFO,05/08/2024,13:12:11,24161.4,24159.45,200,24164.55,50,0,1236625
NIFTY-II.NFO,05/08/2024,13:12:13,24161.4,24160.2,175,24164.95,50,0,1236625
NIFTY-II.NFO,05/08/2024,13:12:14,24161.4,24161.05,375,24165,25,0,1236625
NIFTY-II.NFO,05/08/2024,13:12:16,24161.4,24161.6,175,24165,25,0,1236625
NIFTY-II.NFO,05/08/2024,13:12:18,24161.4,24160.95,50,24165,25,0,1236625
NIFTY-II.NFO,05/08/2024,13:12:19,24161.4,24160.5,50,24165,25,0,1236625
NIFTY-II.NFO,05/08/2024,13:12:21,24161.4,24162.8,175,24165,25,0,1236625
NIFTY-II.NFO,05/08/2024,13:12:22,24165,24164.55,50,24169.95,200,25,1236625
NIFTY-II.NFO,05/08/2024,13:12:24,24165,24162.55,50,24168.9,275,0,1236625
NIFTY-II.NFO,05/08/2024,13:12:26,24165,24160,25,24165.45,200,0,1236625
NIFTY-II.NFO,05/08/2024,13:12:27,24165,24160,25,24164.65,200,0,1236625
NIFTY-II.NFO,05/08/2024,13:12:29,24159.5,24159.8,50,24166.6,275,100,1236625
NIFTY-II.NFO,05/08/2024,13:12:31,24159.5,24162.1,50,24169.05,325,0,1236625
NIFTY-II.NFO,05/08/2024,13:12:32,24159.5,24162.5,50,24168.9,275,0,1236625
NIFTY-II.NFO,05/08/2024,13:12:34,24159.5,24162.85,200,24167.85,75,0,1236625
NIFTY-II.NFO,05/08/2024,13:12:36,24159.5,24163.5,50,24169.35,275,0,1236625
NIFTY-II.NFO,05/08/2024,13:12:37,24159.5,24161.6,200,24163.05,250,0,1236625
NIFTY-II.NFO,05/08/2024,13:12:39,24159.5,24160,100,24163.05,250,0,1236625
NIFTY-II.NFO,05/08/2024,13:12:41,24159.5,24161.25,200,24163.05,250,0,1236625
NIFTY-II.NFO,05/08/2024,13:12:42,24163,24160,100,24163,125,500,1236625
NIFTY-II.NFO,05/08/2024,13:12:44,24160,24159.85,200,24166,50,250,1236625
NIFTY-II.NFO,05/08/2024,13:12:46,24160,24160,200,24165.65,50,0,1236625
NIFTY-II.NFO,05/08/2024,13:12:47,24160,24158.05,200,24164.15,50,0,1236625
NIFTY-II.NFO,05/08/2024,13:12:49,24160,24158.5,200,24164.9,50,0,1236625
NIFTY-II.NFO,05/08/2024,13:12:51,24158.25,24160,25,24164.1,150,25,1236625
NIFTY-II.NFO,05/08/2024,13:12:52,24158.25,24160,25,24163.3,100,0,1236625
NIFTY-II.NFO,05/08/2024,13:12:54,24158.25,24160,25,24163.65,100,0,1236625
NIFTY-II.NFO,05/08/2024,13:12:56,24158.25,24161.55,200,24167.4,100,0,1236625
NIFTY-II.NFO,05/08/2024,13:12:57,24158.25,24162.35,50,24165.95,100,0,1236625
NIFTY-II.NFO,05/08/2024,13:12:59,24158.25,24162.6,50,24167.65,100,0,1236625
NIFTY-II.NFO,05/08/2024,13:13:01,24158.25,24163.5,50,24167.9,25,0,1236625
NIFTY-II.NFO,05/08/2024,13:13:02,24158.25,24161.75,200,24167.55,100,0,1236625
NIFTY-II.NFO,05/08/2024,13:13:04,24158.25,24162.35,200,24168.25,100,0,1236625
NIFTY-II.NFO,05/08/2024,13:13:06,24158.25,24162.85,200,24168.75,100,0,1236625
NIFTY-II.NFO,05/08/2024,13:13:07,24158.25,24163.65,200,24169.75,25,0,1236625
NIFTY-II.NFO,05/08/2024,13:13:09,24158.25,24164.45,50,24168.55,100,0,1236625
NIFTY-II.NFO,05/08/2024,13:13:11,24158.25,24164.55,200,24169.95,100,0,1236625
NIFTY-II.NFO,05/08/2024,13:13:12,24158.25,24163.45,200,24168.8,25,0,1236625
NIFTY-II.NFO,05/08/2024,13:13:14,24164.35,24164.35,200,24169.95,125,25,1236625
NIFTY-II.NFO,05/08/2024,13:13:16,24164.35,24165.2,50,24169.95,50,0,1236500
NIFTY-II.NFO,05/08/2024,13:13:17,24164.35,24165.95,200,24170,200,0,1236500
NIFTY-II.NFO,05/08/2024,13:13:19,24164.35,24168.8,200,24170,200,0,1236500
NIFTY-II.NFO,05/08/2024,13:13:21,24164.35,24168.45,50,24170,200,0,1236500
NIFTY-II.NFO,05/08/2024,13:13:22,24164.35,24169.15,250,24170,200,0,1236500
NIFTY-II.NFO,05/08/2024,13:13:24,24164.35,24169.15,200,24170,200,0,1236500
NIFTY-II.NFO,05/08/2024,13:13:27,24164.35,24165.2,200,24168,25,0,1236500
NIFTY-II.NFO,05/08/2024,13:13:29,24170,24169.25,200,24170,175,50,1236500
NIFTY-II.NFO,05/08/2024,13:13:31,24170,24169.95,200,24170,75,100,1236500
NIFTY-II.NFO,05/08/2024,13:13:32,24170.55,24171.75,200,24177.5,125,125,1236500
NIFTY-II.NFO,05/08/2024,13:13:34,24172.2,24170.8,200,24177.05,150,25,1236500
NIFTY-II.NFO,05/08/2024,13:13:36,24172.2,24170.05,200,24174.6,75,0,1236500
NIFTY-II.NFO,05/08/2024,13:13:37,24172.2,24172.2,25,24176.25,200,0,1236500
NIFTY-II.NFO,05/08/2024,13:13:39,24172.2,24172.2,25,24173.95,125,0,1236500
NIFTY-II.NFO,05/08/2024,13:13:41,24172.2,24172.2,25,24172.7,75,0,1236500
NIFTY-II.NFO,05/08/2024,13:13:42,24172.2,24172.2,25,24172.9,150,0,1236500
NIFTY-II.NFO,05/08/2024,13:13:44,24172.2,24170,25,24173.45,125,75,1236500
NIFTY-II.NFO,05/08/2024,13:13:46,24172.2,24170,25,24171.7,125,0,1236500
NIFTY-II.NFO,05/08/2024,13:13:47,24171.25,24167.2,375,24172.65,50,75,1236500
NIFTY-II.NFO,05/08/2024,13:13:49,24172.65,24168.9,200,24173.65,50,25,1236500
NIFTY-II.NFO,05/08/2024,13:13:51,24172.65,24170.05,200,24174.6,75,0,1236500
NIFTY-II.NFO,05/08/2024,13:13:52,24172.65,24170.45,175,24172.2,400,0,1236500
NIFTY-II.NFO,05/08/2024,13:13:54,24170.5,24170.9,200,24172.2,375,50,1236500
NIFTY-II.NFO,05/08/2024,13:13:56,24170.5,24170.5,200,24172.2,375,0,1236500
NIFTY-II.NFO,05/08/2024,13:13:57,24170.5,24170.8,200,24172.2,375,0,1236500
NIFTY-II.NFO,05/08/2024,13:13:59,24170.5,24170.9,200,24172.2,375,0,1236500
NIFTY-II.NFO,05/08/2024,13:14:01,24172.65,24177.65,200,24180,25,400,1236500
NIFTY-II.NFO,05/08/2024,13:14:02,24172.65,24175.5,200,24179.95,100,0,1236500
NIFTY-II.NFO,05/08/2024,13:14:04,24172.65,24175.25,50,24179.95,175,0,1236500
NIFTY-II.NFO,05/08/2024,13:14:06,24175.25,24172.25,200,24178.15,175,25,1236500
NIFTY-II.NFO,05/08/2024,13:14:07,24180,24174.4,200,24181.1,50,125,1236500
NIFTY-II.NFO,05/08/2024,13:14:09,24175.15,24177.8,200,24182,25,25,1236500
NIFTY-II.NFO,05/08/2024,13:14:11,24175.15,24179.65,200,24182,25,0,1236500
NIFTY-II.NFO,05/08/2024,13:14:12,24175.15,24179.55,250,24182,25,0,1236500
NIFTY-II.NFO,05/08/2024,13:14:14,24182,24181.7,200,24183.2,25,25,1236500
NIFTY-II.NFO,05/08/2024,13:14:16,24183.2,24183.8,200,24185,100,25,1236500
NIFTY-II.NFO,05/08/2024,13:14:17,24185,24185.3,200,24189,25,100,1236500
NIFTY-II.NFO,05/08/2024,13:14:19,24185,24186.05,25,24189,25,0,1236500
NIFTY-II.NFO,05/08/2024,13:14:21,24185.9,24186.05,25,24188.95,25,50,1236500
NIFTY-II.NFO,05/08/2024,13:14:22,24191.35,24188.05,25,24191.75,100,300,1236500
NIFTY-II.NFO,05/08/2024,13:14:24,24188.05,24187.05,25,24190.95,25,25,1236500
NIFTY-II.NFO,05/08/2024,13:14:26,24188.05,24187.1,250,24190,50,0,1236500
NIFTY-II.NFO,05/08/2024,13:14:27,24188.05,24185.55,200,24190,25,0,1236500
NIFTY-II.NFO,05/08/2024,13:14:29,24188.05,24187.35,275,24190,25,0,1236500
NIFTY-II.NFO,05/08/2024,13:14:31,24190.05,24190.05,225,24193,25,50,1236500
NIFTY-II.NFO,05/08/2024,13:14:32,24190.05,24189.2,50,24193,25,0,1236500
NIFTY-II.NFO,05/08/2024,13:14:34,24195,24192.3,125,24195,275,50,1236500
NIFTY-II.NFO,05/08/2024,13:14:36,24195,24191.5,200,24195,250,25,1236500
NIFTY-II.NFO,05/08/2024,13:14:37,24192.6,24192.45,275,24195,250,25,1236500
NIFTY-II.NFO,05/08/2024,13:14:39,24193.35,24192.85,275,24195,250,25,1236500
NIFTY-II.NFO,05/08/2024,13:14:41,24194,24193.7,200,24195,250,25,1236500
NIFTY-II.NFO,05/08/2024,13:14:42,24195,24194.85,225,24195,100,250,1236500
NIFTY-II.NFO,05/08/2024,13:14:44,24196,24196.55,200,24200,525,125,1236500
NIFTY-II.NFO,05/08/2024,13:14:46,24196.1,24197.1,200,24200,525,25,1236500
NIFTY-II.NFO,05/08/2024,13:14:47,24203.4,24196.05,25,24202.25,50,1125,1236500
NIFTY-II.NFO,05/08/2024,13:14:49,24203.4,24195.3,200,24200.75,50,0,1236500
NIFTY-II.NFO,05/08/2024,13:14:51,24203.4,24196.15,75,24201.45,125,0,1236500
NIFTY-II.NFO,05/08/2024,13:14:52,24203.4,24199.05,25,24203.1,75,0,1236500
NIFTY-II.NFO,05/08/2024,13:14:54,24196.6,24197.05,100,24202.55,100,175,1236500
NIFTY-II.NFO,05/08/2024,13:14:56,24196.6,24198.05,25,24204.1,75,0,1236500
NIFTY-II.NFO,05/08/2024,13:14:57,24196.6,24200.2,50,24204.95,25,0,1236500
NIFTY-II.NFO,05/08/2024,13:14:59,24200,24200.3,200,24205,50,150,1236500
NIFTY-II.NFO,05/08/2024,13:15:01,24205,24201.35,50,24205,25,25,1236500
NIFTY-II.NFO,05/08/2024,13:15:02,24205,24202.9,50,24205,25,0,1236500
NIFTY-II.NFO,05/08/2024,13:15:04,24205,24202.2,275,24205,25,0,1236500
NIFTY-II.NFO,05/08/2024,13:15:06,24204.2,24204.2,275,24205,25,50,1236500
NIFTY-II.NFO,05/08/2024,13:15:07,24208,24205.4,200,24208,25,75,1236500
NIFTY-II.NFO,05/08/2024,13:15:09,24205.85,24205.45,50,24208.95,125,50,1236500
NIFTY-II.NFO,05/08/2024,13:15:12,24207.4,24207.4,200,24208,25,50,1236500
NIFTY-II.NFO,05/08/2024,13:15:14,24210,24206.15,200,24210,950,100,1236500
NIFTY-II.NFO,05/08/2024,13:15:16,24210,24208.4,50,24210,950,0,1236500
NIFTY-II.NFO,05/08/2024,13:15:17,24210,24207.4,275,24210,950,0,1236500
NIFTY-II.NFO,05/08/2024,13:15:19,24210,24206.95,175,24210,850,100,1236500
NIFTY-II.NFO,05/08/2024,13:15:21,24207.2,24209.35,100,24210,825,525,1236500
NIFTY-II.NFO,05/08/2024,13:15:22,24211,24212.95,175,24215,50,850,1236500
NIFTY-II.NFO,05/08/2024,13:15:24,24213.25,24213.25,25,24215,50,250,1236500
NIFTY-II.NFO,05/08/2024,13:15:26,24212.95,24213.35,50,24215,50,125,1236500
NIFTY-II.NFO,05/08/2024,13:15:27,24215.1,24214.4,50,24215.35,25,75,1236500
NIFTY-II.NFO,05/08/2024,13:15:29,24216,24216.1,50,24218,50,50,1236500
NIFTY-II.NFO,05/08/2024,13:15:31,24220,24215.1,125,24220,450,75,1236500
NIFTY-II.NFO,05/08/2024,13:15:32,24220.35,24219.6,175,24222.3,50,550,1236500
NIFTY-II.NFO,05/08/2024,13:15:34,24217.1,24216.15,225,24222,275,50,1236500
NIFTY-II.NFO,05/08/2024,13:15:36,24217.1,24216.05,75,24221.85,200,0,1236500
NIFTY-II.NFO,05/08/2024,13:15:37,24217.1,24217.05,25,24221.2,275,0,1236500
NIFTY-II.NFO,05/08/2024,13:15:39,24217.1,24217.55,175,24222.3,50,0,1236500
NIFTY-II.NFO,05/08/2024,13:15:41,24223.3,24216.05,25,24220.25,275,125,1236500
NIFTY-II.NFO,05/08/2024,13:15:42,24223.3,24218.1,200,24223.3,200,125,1236500
NIFTY-II.NFO,05/08/2024,13:15:44,24219.05,24217,25,24220.05,275,125,1236500
NIFTY-II.NFO,05/08/2024,13:15:46,24220,24218.05,25,24221.25,150,25,1236500
NIFTY-II.NFO,05/08/2024,13:15:47,24218.05,24220.05,25,24223.35,25,75,1236500
NIFTY-II.NFO,05/08/2024,13:15:49,24221.05,24221.45,200,24224.95,150,100,1236500
NIFTY-II.NFO,05/08/2024,13:15:51,24225,24227.55,225,24230,100,450,1236500
NIFTY-II.NFO,05/08/2024,13:15:52,24232.15,24226.65,50,24232.9,125,525,1236500
NIFTY-II.NFO,05/08/2024,13:15:54,24227.1,24227.1,250,24233.3,25,50,1236500
NIFTY-II.NFO,05/08/2024,13:15:56,24225.7,24225.75,250,24226.65,100,50,1236500
NIFTY-II.NFO,05/08/2024,13:15:57,24226.65,24230.35,200,24233.35,25,100,1236500
NIFTY-II.NFO,05/08/2024,13:15:59,24230.3,24226.05,200,24231.95,100,250,1236500
NIFTY-II.NFO,05/08/2024,13:16:01,24230.2,24227.05,25,24232,25,100,1236500
NIFTY-II.NFO,05/08/2024,13:16:02,24230.4,24224.7,25,24227.75,50,100,1236500
NIFTY-II.NFO,05/08/2024,13:16:04,24224.7,24220,125,24222.85,50,50,1236500
NIFTY-II.NFO,05/08/2024,13:16:06,24218.25,24211,125,24214.1,175,250,1236500
NIFTY-II.NFO,05/08/2024,13:16:07,24216.4,24211.05,200,24216.45,50,25,1236500
NIFTY-II.NFO,05/08/2024,13:16:09,24220,24221.3,200,24225.3,75,50,1236500
NIFTY-II.NFO,05/08/2024,13:16:11,24220.75,24218.3,200,24222.25,75,100,1236500
NIFTY-II.NFO,05/08/2024,13:16:12,24220.75,24218.25,25,24219.2,100,0,1236500
NIFTY-II.NFO,05/08/2024,13:16:14,24216.9,24218.2,275,24220,125,525,1235150
NIFTY-II.NFO,05/08/2024,13:16:16,24220,24219.2,150,24223.2,200,150,1235150
NIFTY-II.NFO,05/08/2024,13:16:17,24220,24216.4,150,24218.25,25,0,1235150
NIFTY-II.NFO,05/08/2024,13:16:19,24220,24215.05,175,24216.9,25,0,1235150
NIFTY-II.NFO,05/08/2024,13:16:21,24214.6,24214.15,75,24216.8,75,125,1235150
NIFTY-II.NFO,05/08/2024,13:16:22,24214.6,24211.05,175,24214.95,100,0,1235150
NIFTY-II.NFO,05/08/2024,13:16:24,24211.05,24211.05,125,24215,50,75,1235150
NIFTY-II.NFO,05/08/2024,13:16:26,24211.2,24211.2,100,24215.6,50,25,1235150
NIFTY-II.NFO,05/08/2024,13:16:27,24211.2,24211,100,24213.2,100,0,1235150
NIFTY-II.NFO,05/08/2024,13:16:29,24210,24206.45,100,24210.45,50,450,1235150
NIFTY-II.NFO,05/08/2024,13:16:31,24206.95,24209.1,50,24214.55,200,50,1235150
NIFTY-II.NFO,05/08/2024,13:16:32,24209.1,24208.9,25,24213.65,250,25,1235150
NIFTY-II.NFO,05/08/2024,13:16:34,24209.1,24204.95,100,24209.8,50,0,1235150
NIFTY-II.NFO,05/08/2024,13:16:36,24209.1,24208.95,75,24215.3,200,0,1235150
NIFTY-II.NFO,05/08/2024,13:16:37,24209.1,24208.45,25,24213.55,125,0,1235150
NIFTY-II.NFO,05/08/2024,13:16:39,24210.55,24210.85,50,24215.25,50,500,1235150
NIFTY-II.NFO,05/08/2024,13:16:41,24210.55,24214.45,100,24216.9,75,0,1235150
NIFTY-II.NFO,05/08/2024,13:16:42,24214.45,24214.4,50,24216.9,75,50,1235150
NIFTY-II.NFO,05/08/2024,13:16:44,24214.8,24215.05,125,24216.9,75,25,1235150
NIFTY-II.NFO,05/08/2024,13:16:46,24214.8,24211,50,24215.5,50,0,1235150
NIFTY-II.NFO,05/08/2024,13:16:47,24214.8,24210.7,50,24215.4,125,0,1235150
NIFTY-II.NFO,05/08/2024,13:16:49,24214.15,24209.8,50,24214.15,50,75,1235150
NIFTY-II.NFO,05/08/2024,13:16:51,24216,24212.15,125,24216.9,75,25,1235150
NIFTY-II.NFO,05/08/2024,13:16:52,24216,24214.15,25,24215.55,200,0,1235150
NIFTY-II.NFO,05/08/2024,13:16:54,24210.3,24211.9,325,24216,25,50,1235150
NIFTY-II.NFO,05/08/2024,13:16:56,24210.3,24213.7,25,24216,25,0,1235150
NIFTY-II.NFO,05/08/2024,13:16:57,24210.3,24214.6,125,24216,25,0,1235150
NIFTY-II.NFO,05/08/2024,13:16:59,24216,24212.2,25,24216.65,275,50,1235150
NIFTY-II.NFO,05/08/2024,13:17:01,24212.2,24210.2,75,24214.8,50,25,1235150
NIFTY-II.NFO,05/08/2024,13:17:02,24212.2,24210.4,125,24215.2,150,0,1235150
NIFTY-II.NFO,05/08/2024,13:17:04,24206.3,24207.8,75,24212.7,50,500,1235150
NIFTY-II.NFO,05/08/2024,13:17:06,24206.3,24206.8,75,24210.3,25,0,1235150
NIFTY-II.NFO,05/08/2024,13:17:07,24206.3,24206,25,24208.2,75,50,1235150
NIFTY-II.NFO,05/08/2024,13:17:09,24206.3,24206,25,24208.15,125,0,1235150
NIFTY-II.NFO,05/08/2024,13:17:11,24206,24200.6,25,24205.8,200,25,1235150
NIFTY-II.NFO,05/08/2024,13:17:12,24199.9,24200.3,50,24201.9,25,600,1235150
NIFTY-II.NFO,05/08/2024,13:17:14,24200.3,24200.05,250,24201.9,25,25,1235150
NIFTY-II.NFO,05/08/2024,13:17:16,24201.9,24201.4,200,24205.9,50,25,1235150
NIFTY-II.NFO,05/08/2024,13:17:17,24204.35,24201.55,25,24204.75,275,25,1235150
NIFTY-II.NFO,05/08/2024,13:17:19,24200,24194.8,25,24198.65,50,125,1235150
NIFTY-II.NFO,05/08/2024,13:17:21,24195.75,24195.7,325,24201.85,275,25,1235150
NIFTY-II.NFO,05/08/2024,13:17:22,24200,24196.45,100,24202,125,25,1235150
NIFTY-II.NFO,05/08/2024,13:17:24,24200.55,24201,200,24205.75,200,100,1235150
NIFTY-II.NFO,05/08/2024,13:17:26,24200.15,24200.35,25,24204.85,250,25,1235150
NIFTY-II.NFO,05/08/2024,13:17:27,24201.75,24201,25,24203.35,200,25,1235150
NIFTY-II.NFO,05/08/2024,13:17:29,24196.8,24196.8,150,24202.85,200,200,1235150
NIFTY-II.NFO,05/08/2024,13:17:31,24203.85,24203,25,24204.1,200,100,1235150
NIFTY-II.NFO,05/08/2024,13:17:32,24203.85,24203,25,24206.85,200,0,1235150
NIFTY-II.NFO,05/08/2024,13:17:34,24203.85,24204.3,75,24208,25,0,1235150
NIFTY-II.NFO,05/08/2024,13:17:36,24208,24206.6,50,24210,25,25,1235150
NIFTY-II.NFO,05/08/2024,13:17:37,24206.9,24206.9,25,24210,25,50,1235150
NIFTY-II.NFO,05/08/2024,13:17:39,24210.3,24211.75,100,24215,25,50,1235150
NIFTY-II.NFO,05/08/2024,13:17:41,24211.75,24210.7,50,24215,25,25,1235150
NIFTY-II.NFO,05/08/2024,13:17:42,24211.75,24210.65,125,24215,25,0,1235150
NIFTY-II.NFO,05/08/2024,13:17:44,24211.75,24212.9,150,24215,25,0,1235150
NIFTY-II.NFO,05/08/2024,13:17:46,24211.75,24213.8,50,24215,25,0,1235150
NIFTY-II.NFO,05/08/2024,13:17:47,24211.75,24210,25,24214.15,125,0,1235150
NIFTY-II.NFO,05/08/2024,13:17:49,24211.75,24210,25,24211.8,200,0,1235150
NIFTY-II.NFO,05/08/2024,13:17:51,24205.25,24205.3,25,24210.1,50,50,1235150
NIFTY-II.NFO,05/08/2024,13:17:52,24205.1,24205.3,125,24210.4,200,50,1235150
NIFTY-II.NFO,05/08/2024,13:17:54,24205.1,24206.85,50,24210.45,125,0,1235150
NIFTY-II.NFO,05/08/2024,13:17:56,24209.5,24205.35,200,24210.6,200,425,1235150
NIFTY-II.NFO,05/08/2024,13:17:57,24209.5,24203.1,75,24208.2,125,0,1235150
NIFTY-II.NFO,05/08/2024,13:17:59,24210.65,24205.7,75,24210.4,200,150,1235150
NIFTY-II.NFO,05/08/2024,13:18:01,24205.2,24205.2,25,24210.55,200,50,1235150
NIFTY-II.NFO,05/08/2024,13:18:02,24210.15,24206.7,75,24212.1,275,50,1235150
NIFTY-II.NFO,05/08/2024,13:18:04,24210.15,24206.55,75,24211.55,200,0,1235150
NIFTY-II.NFO,05/08/2024,13:18:06,24209.75,24205,25,24209.15,200,25,1235150
NIFTY-II.NFO,05/08/2024,13:18:07,24209.75,24205,25,24208.05,325,0,1235150
NIFTY-II.NFO,05/08/2024,13:18:09,24209.75,24205,25,24208.7,200,0,1235150
NIFTY-II.NFO,05/08/2024,13:18:11,24205,24202.9,75,24207.65,200,25,1235150
NIFTY-II.NFO,05/08/2024,13:18:12,24205,24200.2,75,24204.75,200,0,1235150
NIFTY-II.NFO,05/08/2024,13:18:14,24205,24201.65,75,24206.75,325,0,1235150
NIFTY-II.NFO,05/08/2024,13:18:16,24205,24201.5,75,24205.65,125,0,1235150
NIFTY-II.NFO,05/08/2024,13:18:17,24205,24204.1,200,24209.75,100,0,1235150
NIFTY-II.NFO,05/08/2024,13:18:19,24205,24204.35,75,24209.25,200,25,1235150
NIFTY-II.NFO,05/08/2024,13:18:21,24205,24201.35,75,24205.5,50,0,1235150
NIFTY-II.NFO,05/08/2024,13:18:22,24205,24201.5,125,24205,275,0,1235150
NIFTY-II.NFO,05/08/2024,13:18:24,24205,24201.25,50,24205.05,25,0,1235150
NIFTY-II.NFO,05/08/2024,13:18:26,24205,24200.5,125,24203.9,200,0,1235150
NIFTY-II.NFO,05/08/2024,13:18:27,24205,24201.9,150,24205,25,0,1235150
NIFTY-II.NFO,05/08/2024,13:18:29,24205,24202.35,75,24205,325,25,1235150
NIFTY-II.NFO,05/08/2024,13:18:31,24205,24202.35,75,24205,325,0,1235150
NIFTY-II.NFO,05/08/2024,13:18:32,24205,24200.05,75,24204.1,125,0,1235150
NIFTY-II.NFO,05/08/2024,13:18:34,24205,24200.9,75,24205,325,0,1235150
NIFTY-II.NFO,05/08/2024,13:18:36,24200.9,24201.55,50,24205,325,25,1235150
NIFTY-II.NFO,05/08/2024,13:18:37,24200.9,24200.85,50,24205,400,0,1235150
NIFTY-II.NFO,05/08/2024,13:18:39,24202.7,24202.65,125,24205,325,50,1235150
NIFTY-II.NFO,05/08/2024,13:18:41,24201.7,24200.05,150,24204,125,50,1235150
NIFTY-II.NFO,05/08/2024,13:18:42,24201.7,24200.9,25,24204.45,200,0,1235150
NIFTY-II.NFO,05/08/2024,13:18:44,24199.9,24199.7,75,24202.7,50,250,1235150
NIFTY-II.NFO,05/08/2024,13:18:46,24199.7,24199.55,75,24202.7,50,25,1235150
NIFTY-II.NFO,05/08/2024,13:18:47,24199.7,24198.55,25,24200,525,0,1235150
NIFTY-II.NFO,05/08/2024,13:18:49,24200,24202.35,125,24202.7,50,525,1235150
NIFTY-II.NFO,05/08/2024,13:18:51,24201.85,24198.8,250,24202.7,50,50,1235150
NIFTY-II.NFO,05/08/2024,13:18:52,24201.85,24198.15,125,24202.45,50,0,1235150
NIFTY-II.NFO,05/08/2024,13:18:54,24201.85,24198.95,125,24201.85,50,0,1235150
NIFTY-II.NFO,05/08/2024,13:18:56,24198.2,24200.45,125,24201.85,50,25,1235150
NIFTY-II.NFO,05/08/2024,13:18:57,24202.7,24200.5,125,24202.7,25,75,1235150
NIFTY-II.NFO,05/08/2024,13:18:59,24200.7,24201.1,125,24202.7,25,25,1235150
NIFTY-II.NFO,05/08/2024,13:19:01,24200.7,24198.15,125,24202.6,200,0,1235150
NIFTY-II.NFO,05/08/2024,13:19:02,24201.5,24197.35,175,24201.75,50,25,1235150
NIFTY-II.NFO,05/08/2024,13:19:04,24201.5,24196.85,75,24200.65,50,0,1235150
NIFTY-II.NFO,05/08/2024,13:19:06,24197.95,24199.7,75,24200.7,25,50,1235150
NIFTY-II.NFO,05/08/2024,13:19:07,24201.6,24199,250,24201.85,100,50,1235150
NIFTY-II.NFO,05/08/2024,13:19:09,24201.6,24201,125,24201.85,100,0,1235150
NIFTY-II.NFO,05/08/2024,13:19:11,24201.85,24200.3,75,24201.85,25,75,1235150
NIFTY-II.NFO,05/08/2024,13:19:12,24201.85,24200.35,50,24201.85,25,0,1235150
NIFTY-II.NFO,05/08/2024,13:19:14,24201.85,24198.35,25,24201.85,25,0,1235150
NIFTY-II.NFO,05/08/2024,13:19:16,24201.85,24199.15,75,24201.85,25,0,1235150
NIFTY-II.NFO,05/08/2024,13:19:17,24201.85,24201.6,25,24201.85,25,0,1235150
NIFTY-II.NFO,05/08/2024,13:19:19,24201.6,24199.3,75,24201,250,25,1233300
NIFTY-II.NFO,05/08/2024,13:19:21,24201.6,24198.5,75,24201,250,0,1233300
NIFTY-II.NFO,05/08/2024,13:19:22,24201.1,24198.5,75,24201.3,50,500,1233300
NIFTY-II.NFO,05/08/2024,13:19:24,24201.1,24200,25,24201.6,25,0,1233300
NIFTY-II.NFO,05/08/2024,13:19:26,24201.85,24200.45,50,24202.7,25,50,1233300
NIFTY-II.NFO,05/08/2024,13:19:27,24201.85,24200.2,50,24202.7,25,0,1233300
NIFTY-II.NFO,05/08/2024,13:19:29,24200,24199.1,75,24201.15,125,25,1233300
NIFTY-II.NFO,05/08/2024,13:19:31,24200,24199.1,75,24201.35,200,0,1233300
NIFTY-II.NFO,05/08/2024,13:19:32,24200.95,24199.1,75,24200.65,200,25,1233300
NIFTY-II.NFO,05/08/2024,13:19:34,24199.1,24197,25,24200,225,75,1233300
NIFTY-II.NFO,05/08/2024,13:19:36,24199.1,24197,25,24199.4,50,0,1233300
NIFTY-II.NFO,05/08/2024,13:19:37,24195.05,24191.1,50,24194.5,50,175,1233300
NIFTY-II.NFO,05/08/2024,13:19:39,24195.05,24193.15,50,24195.5,250,0,1233300
NIFTY-II.NFO,05/08/2024,13:19:40,24195.05,24191.1,125,24194.8,200,0,1233300
NIFTY-II.NFO,05/08/2024,13:19:42,24189.75,24189.9,50,24193.5,50,25,1233300
NIFTY-II.NFO,05/08/2024,13:19:44,24189.75,24189.15,50,24192,200,0,1233300
NIFTY-II.NFO,05/08/2024,13:19:45,24189.75,24191.15,25,24192.3,75,0,1233300
NIFTY-II.NFO,05/08/2024,13:19:47,24191.15,24188.5,50,24192.35,125,25,1233300
NIFTY-II.NFO,05/08/2024,13:19:49,24191.15,24186.75,50,24189.9,25,0,1233300
NIFTY-II.NFO,05/08/2024,13:19:50,24190.95,24190.95,25,24193.5,50,25,1233300
NIFTY-II.NFO,05/08/2024,13:19:52,24190.95,24189.75,50,24192.85,275,0,1233300
NIFTY-II.NFO,05/08/2024,13:19:53,24191.15,24191.3,175,24195.3,50,300,1233300
NIFTY-II.NFO,05/08/2024,13:19:55,24191.65,24187.85,50,24192,200,25,1233300
NIFTY-II.NFO,05/08/2024,13:19:57,24185.85,24185.95,75,24189.2,125,25,1233300
NIFTY-II.NFO,05/08/2024,13:19:58,24185.85,24187.25,50,24190.85,50,0,1233300
NIFTY-II.NFO,05/08/2024,13:20:00,24185.85,24187.8,50,24191.3,50,0,1233300
NIFTY-II.NFO,05/08/2024,13:20:02,24185.85,24188.85,125,24192.3,125,0,1233300
NIFTY-II.NFO,05/08/2024,13:20:03,24185.85,24188.6,50,24191.65,200,0,1233300
NIFTY-II.NFO,05/08/2024,13:20:05,24188.6,24188.95,125,24192.15,125,25,1233300
NIFTY-II.NFO,05/08/2024,13:20:07,24188.6,24188.95,125,24192.6,150,0,1233300
NIFTY-II.NFO,05/08/2024,13:20:08,24188.6,24189.5,150,24194.15,50,0,1233300
NIFTY-II.NFO,05/08/2024,13:20:10,24188.6,24190.25,75,24193.85,300,0,1233300
NIFTY-II.NFO,05/08/2024,13:20:11,24194.5,24192,175,24196.05,25,50,1233300
NIFTY-II.NFO,05/08/2024,13:20:13,24194.5,24192.1,125,24195.65,200,0,1233300
NIFTY-II.NFO,05/08/2024,13:20:15,24192.25,24189.95,25,24194.3,225,50,1233300
NIFTY-II.NFO,05/08/2024,13:20:16,24189.95,24189.5,125,24193.9,125,25,1233300
NIFTY-II.NFO,05/08/2024,13:20:18,24189.95,24188.1,125,24192.75,25,0,1233300
NIFTY-II.NFO,05/08/2024,13:20:20,24189.95,24187.45,50,24191.55,225,0,1233300
NIFTY-II.NFO,05/08/2024,13:20:21,24189.95,24187.8,125,24191.95,125,0,1233300
NIFTY-II.NFO,05/08/2024,13:20:23,24189.95,24187.45,50,24190.25,25,0,1233300
NIFTY-II.NFO,05/08/2024,13:20:25,24189.95,24187.2,125,24190.45,25,0,1233300
NIFTY-II.NFO,05/08/2024,13:20:26,24188.75,24186.3,50,24189.05,225,25,1233300
NIFTY-II.NFO,05/08/2024,13:20:28,24188.75,24182.2,50,24183.55,225,0,1233300
NIFTY-II.NFO,05/08/2024,13:20:30,24188.75,24180,25,24183.25,25,0,1233300
NIFTY-II.NFO,05/08/2024,13:20:31,24185,24181.5,50,24185.1,100,50,1233300
NIFTY-II.NFO,05/08/2024,13:20:33,24185,24180.75,50,24184,225,0,1233300
NIFTY-II.NFO,05/08/2024,13:20:35,24183.95,24180.05,200,24183.65,25,475,1233300
NIFTY-II.NFO,05/08/2024,13:20:36,24183.95,24182.9,200,24187.45,25,0,1233300
NIFTY-II.NFO,05/08/2024,13:20:38,24183.95,24183.3,200,24187.7,25,0,1233300
NIFTY-II.NFO,05/08/2024,13:20:40,24183.95,24180,25,24185.1,150,25,1233300
NIFTY-II.NFO,05/08/2024,13:20:41,24183.95,24180,25,24181.6,200,0,1233300
NIFTY-II.NFO,05/08/2024,13:20:43,24180,24176.65,200,24183.1,75,25,1233300
NIFTY-II.NFO,05/08/2024,13:20:45,24180,24176.7,200,24181.6,75,0,1233300
NIFTY-II.NFO,05/08/2024,13:20:46,24180,24180,50,24181.7,75,0,1233300
NIFTY-II.NFO,05/08/2024,13:20:48,24180,24177.35,125,24182.7,75,50,1233300
NIFTY-II.NFO,05/08/2024,13:20:50,24180,24178.35,125,24182.75,75,0,1233300
NIFTY-II.NFO,05/08/2024,13:20:51,24178.3,24178.05,125,24183.4,250,100,1233300
NIFTY-II.NFO,05/08/2024,13:20:53,24178.05,24180.45,200,24183.95,25,100,1233300
NIFTY-II.NFO,05/08/2024,13:20:55,24180.55,24179.7,50,24183.9,200,100,1233300
NIFTY-II.NFO,05/08/2024,13:20:56,24179.5,24179,50,24183.95,25,200,1233300
NIFTY-II.NFO,05/08/2024,13:20:58,24179.5,24178.9,50,24183.95,25,0,1233300
NIFTY-II.NFO,05/08/2024,13:21:00,24181.7,24178.95,250,24183.95,25,125,1233300
NIFTY-II.NFO,05/08/2024,13:21:03,24187.95,24183.05,100,24188.7,275,75,1233300
NIFTY-II.NFO,05/08/2024,13:21:05,24187.95,24185.7,50,24189.9,75,0,1233300
NIFTY-II.NFO,05/08/2024,13:21:06,24187.95,24185.7,100,24190.6,75,0,1233300
NIFTY-II.NFO,05/08/2024,13:21:08,24187.95,24186.75,50,24190.95,275,0,1233300
NIFTY-II.NFO,05/08/2024,13:21:10,24187.95,24184.2,50,24188.7,200,0,1233300
NIFTY-II.NFO,05/08/2024,13:21:11,24187.95,24182.35,25,24187.7,200,0,1233300
NIFTY-II.NFO,05/08/2024,13:21:13,24187.95,24183.05,100,24189.55,50,0,1233300
NIFTY-II.NFO,05/08/2024,13:21:14,24187.95,24186.15,50,24190.7,200,0,1233300
NIFTY-II.NFO,05/08/2024,13:21:16,24187.95,24184.65,75,24189.8,200,0,1233300
NIFTY-II.NFO,05/08/2024,13:21:18,24187.95,24188.75,25,24193.2,75,0,1233300
NIFTY-II.NFO,05/08/2024,13:21:19,24187.95,24190.45,100,24196.55,275,0,1233300
NIFTY-II.NFO,05/08/2024,13:21:21,24187.95,24191.7,100,24197.7,200,0,1233300
NIFTY-II.NFO,05/08/2024,13:21:23,24187.95,24193.1,25,24198.4,275,0,1233300
NIFTY-II.NFO,05/08/2024,13:21:24,24187.95,24194.65,100,24199.1,25,0,1233300
NIFTY-II.NFO,05/08/2024,13:21:26,24187.95,24194,25,24199.05,275,0,1233300
NIFTY-II.NFO,05/08/2024,13:21:28,24187.95,24191.5,25,24196.3,200,0,1233300
NIFTY-II.NFO,05/08/2024,13:21:31,24187.95,24192.35,100,24198,275,0,1233300
NIFTY-II.NFO,05/08/2024,13:21:34,24187.95,24193.7,25,24199.05,275,0,1233300
NIFTY-II.NFO,05/08/2024,13:21:36,24187.95,24193.7,225,24199.05,200,0,1233300
NIFTY-II.NFO,05/08/2024,13:21:38,24187.95,24194,25,24199.05,250,0,1233300
NIFTY-II.NFO,05/08/2024,13:21:39,24187.95,24195.6,125,24199.1,25,0,1233300
NIFTY-II.NFO,05/08/2024,13:21:41,24187.95,24196.1,25,24199.1,25,0,1233300
NIFTY-II.NFO,05/08/2024,13:21:43,24200,24200.5,125,24201.85,25,275,1233300
NIFTY-II.NFO,05/08/2024,13:21:44,24201.85,24201.9,50,24205,25,25,1233300
NIFTY-II.NFO,05/08/2024,13:21:46,24201.9,24202.25,50,24205,25,50,1233300
NIFTY-II.NFO,05/08/2024,13:21:48,24201.9,24203.85,125,24205,25,0,1233300
NIFTY-II.NFO,05/08/2024,13:21:49,24201.9,24204.1,50,24205,25,0,1233300
NIFTY-II.NFO,05/08/2024,13:21:51,24205,24204.7,125,24209.8,75,25,1233300
NIFTY-II.NFO,05/08/2024,13:21:53,24204.8,24203.6,125,24209.25,150,50,1233300
NIFTY-II.NFO,05/08/2024,13:21:54,24204.8,24205,50,24208.55,325,0,1233300
NIFTY-II.NFO,05/08/2024,13:21:56,24209.95,24205.05,100,24209.65,200,100,1233300
NIFTY-II.NFO,05/08/2024,13:21:58,24209.95,24205.05,175,24209.65,200,0,1233300
NIFTY-II.NFO,05/08/2024,13:21:59,24209.95,24205,50,24207.6,250,0,1233300
NIFTY-II.NFO,05/08/2024,13:22:01,24209.95,24205,50,24207.45,275,0,1233300
NIFTY-II.NFO,05/08/2024,13:22:03,24205,24201.65,100,24206.3,200,50,1233300
NIFTY-II.NFO,05/08/2024,13:22:04,24205,24203.4,100,24207.7,250,0,1233300
NIFTY-II.NFO,05/08/2024,13:22:06,24205,24200.5,100,24205.9,275,0,1233300
NIFTY-II.NFO,05/08/2024,13:22:08,24205,24201.9,100,24206.85,200,0,1233300
NIFTY-II.NFO,05/08/2024,13:22:09,24205,24201.7,100,24206.65,275,0,1233300
NIFTY-II.NFO,05/08/2024,13:22:11,24205,24199,25,24203.5,200,0,1233300
NIFTY-II.NFO,05/08/2024,13:22:13,24205,24199.05,100,24203.15,50,0,1233300
NIFTY-II.NFO,05/08/2024,13:22:14,24205,24199,25,24202.15,25,0,1233300
NIFTY-II.NFO,05/08/2024,13:22:16,24199,24196.3,100,24201.15,275,25,1232550
NIFTY-II.NFO,05/08/2024,13:22:18,24199,24196.45,100,24200.2,50,0,1232550
NIFTY-II.NFO,05/08/2024,13:22:19,24196.45,24196.9,125,24201.4,275,25,1232550
NIFTY-II.NFO,05/08/2024,13:22:21,24196.45,24195.55,75,24199.85,200,0,1232550
NIFTY-II.NFO,05/08/2024,13:22:22,24196.45,24194.45,75,24199.2,200,0,1232550
NIFTY-II.NFO,05/08/2024,13:22:24,24196.45,24195.85,75,24200,50,0,1232550
NIFTY-II.NFO,05/08/2024,13:22:26,24196.45,24194.15,125,24198.3,275,0,1232550
NIFTY-II.NFO,05/08/2024,13:22:27,24196.45,24196.9,75,24200,75,0,1232550
NIFTY-II.NFO,05/08/2024,13:22:29,24196.45,24198,125,24200,75,0,1232550
NIFTY-II.NFO,05/08/2024,13:22:31,24196.45,24197.2,50,24200,75,0,1232550
NIFTY-II.NFO,05/08/2024,13:22:32,24200,24197.45,125,24200,50,25,1232550
NIFTY-II.NFO,05/08/2024,13:22:34,24200,24199.7,100,24200,50,0,1232550
NIFTY-II.NFO,05/08/2024,13:22:36,24200,24200.65,75,24202.15,25,50,1232550
NIFTY-II.NFO,05/08/2024,13:22:37,24202.15,24202.95,50,24207.85,200,25,1232550
NIFTY-II.NFO,05/08/2024,13:22:39,24202.15,24202.6,75,24206.85,75,0,1232550
NIFTY-II.NFO,05/08/2024,13:22:41,24202.15,24203.4,125,24208.2,75,0,1232550
NIFTY-II.NFO,05/08/2024,13:22:43,24202.15,24204.3,125,24208.4,275,0,1232550
NIFTY-II.NFO,05/08/2024,13:22:44,24203.65,24204.65,25,24208.5,200,600,1232550
NIFTY-II.NFO,05/08/2024,13:22:46,24210,24206.15,125,24210,200,575,1232550
NIFTY-II.NFO,05/08/2024,13:22:48,24210,24204.35,250,24205,100,50,1232550
NIFTY-II.NFO,05/08/2024,13:22:49,24207.85,24203.65,25,24207.95,275,150,1232550
NIFTY-II.NFO,05/08/2024,13:22:51,24203.65,24196.6,75,24202.2,50,25,1232550
NIFTY-II.NFO,05/08/2024,13:22:53,24203.65,24195.15,75,24200.4,275,0,1232550
NIFTY-II.NFO,05/08/2024,13:22:54,24203.65,24194.8,25,24198.55,275,0,1232550
NIFTY-II.NFO,05/08/2024,13:22:56,24203.65,24192.85,50,24196.75,125,0,1232550
NIFTY-II.NFO,05/08/2024,13:22:58,24203.65,24192.65,75,24196.65,50,0,1232550
NIFTY-II.NFO,05/08/2024,13:22:59,24203.65,24192.7,25,24196.4,125,0,1232550
NIFTY-II.NFO,05/08/2024,13:23:01,24203.65,24191.5,50,24195.15,50,0,1232550
NIFTY-II.NFO,05/08/2024,13:23:03,24203.65,24191,75,24194.85,275,0,1232550
NIFTY-II.NFO,05/08/2024,13:23:04,24203.65,24190.7,75,24195.2,275,0,1232550
NIFTY-II.NFO,05/08/2024,13:23:06,24203.65,24191.5,75,24195.5,200,0,1232550
NIFTY-II.NFO,05/08/2024,13:23:08,24195,24190.8,125,24194.4,75,175,1232550
NIFTY-II.NFO,05/08/2024,13:23:09,24195,24190.2,300,24193.55,75,0,1232550
NIFTY-II.NFO,05/08/2024,13:23:11,24192.6,24187.95,25,24190.9,50,25,1232550
NIFTY-II.NFO,05/08/2024,13:23:13,24192.6,24188.9,75,24192.4,200,0,1232550
NIFTY-II.NFO,05/08/2024,13:23:14,24192.6,24189.6,75,24194.1,200,0,1232550
NIFTY-II.NFO,05/08/2024,13:23:16,24192.6,24191.05,25,24195.9,125,0,1232550
NIFTY-II.NFO,05/08/2024,13:23:18,24192.6,24192.15,125,24195.65,50,0,1232550
NIFTY-II.NFO,05/08/2024,13:23:19,24192.6,24190.3,125,24193.55,50,0,1232550
NIFTY-II.NFO,05/08/2024,13:23:21,24192.6,24190.45,75,24195,200,0,1232550
NIFTY-II.NFO,05/08/2024,13:23:23,24192.6,24189.7,125,24193.3,200,0,1232550
NIFTY-II.NFO,05/08/2024,13:23:24,24192.6,24190.25,125,24194.1,200,0,1232550
NIFTY-II.NFO,05/08/2024,13:23:26,24193.2,24190.35,125,24193.25,50,25,1232550
NIFTY-II.NFO,05/08/2024,13:23:28,24193.2,24189.55,125,24192.1,50,0,1232550
NIFTY-II.NFO,05/08/2024,13:23:29,24193.2,24189.35,125,24191.8,50,0,1232550
NIFTY-II.NFO,05/08/2024,13:23:31,24193.2,24190.9,125,24193.75,50,0,1232550
NIFTY-II.NFO,05/08/2024,13:23:33,24193.7,24190.25,75,24193.6,50,100,1232550
NIFTY-II.NFO,05/08/2024,13:23:34,24193.7,24190.2,125,24193.45,250,0,1232550
NIFTY-II.NFO,05/08/2024,13:23:36,24193.4,24188.95,75,24192.95,50,150,1232550
NIFTY-II.NFO,05/08/2024,13:23:38,24187.95,24185,25,24188.7,50,25,1232550
NIFTY-II.NFO,05/08/2024,13:23:39,24187.95,24186.25,125,24189.25,50,0,1232550
NIFTY-II.NFO,05/08/2024,13:23:41,24187.95,24186.3,125,24189.25,50,0,1232550
NIFTY-II.NFO,05/08/2024,13:23:43,24187.95,24185,25,24188,250,0,1232550
NIFTY-II.NFO,05/08/2024,13:23:44,24187.95,24188.5,125,24190.8,250,0,1232550
NIFTY-II.NFO,05/08/2024,13:23:46,24187.95,24186.25,125,24189.45,250,0,1232550
NIFTY-II.NFO,05/08/2024,13:23:48,24187.95,24186,125,24189,250,0,1232550
NIFTY-II.NFO,05/08/2024,13:23:49,24187.95,24188.45,75,24191.6,500,0,1232550
NIFTY-II.NFO,05/08/2024,13:23:51,24187.95,24187.05,125,24191.05,175,0,1232550
NIFTY-II.NFO,05/08/2024,13:23:53,24187.95,24186.6,125,24189.8,250,0,1232550
NIFTY-II.NFO,05/08/2024,13:23:54,24187.95,24188.25,200,24192.35,250,0,1232550
NIFTY-II.NFO,05/08/2024,13:23:56,24187.95,24189,75,24192.2,250,0,1232550
NIFTY-II.NFO,05/08/2024,13:23:58,24192.6,24192.3,75,24195.5,425,25,1232550
NIFTY-II.NFO,05/08/2024,13:23:59,24192.6,24193.2,200,24197.1,250,0,1232550
NIFTY-II.NFO,05/08/2024,13:24:01,24196.8,24192.4,200,24196.5,250,75,1232550
NIFTY-II.NFO,05/08/2024,13:24:03,24196.8,24191.45,125,24194.6,250,0,1232550
NIFTY-II.NFO,05/08/2024,13:24:04,24196.8,24190.75,75,24194.85,125,0,1232550
NIFTY-II.NFO,05/08/2024,13:24:06,24196.8,24188.7,200,24192.9,125,0,1232550
NIFTY-II.NFO,05/08/2024,13:24:08,24196.8,24188,200,24192.4,125,0,1232550
NIFTY-II.NFO,05/08/2024,13:24:09,24196.8,24191.7,200,24195.6,250,0,1232550
NIFTY-II.NFO,05/08/2024,13:24:11,24196.8,24193.35,200,24196.8,125,0,1232550
NIFTY-II.NFO,05/08/2024,13:24:13,24196.8,24190.3,250,24195.45,125,0,1232550
NIFTY-II.NFO,05/08/2024,13:24:14,24196.8,24190.55,200,24195.55,200,0,1232550
NIFTY-II.NFO,05/08/2024,13:24:16,24196.8,24189.35,175,24191.2,250,0,1232550
NIFTY-II.NFO,05/08/2024,13:24:18,24196.8,24189.35,175,24191.45,250,0,1232550
NIFTY-II.NFO,05/08/2024,13:24:19,24196.8,24189.35,50,24191.55,250,0,1232550
NIFTY-II.NFO,05/08/2024,13:24:21,24196.8,24189.25,75,24192.95,250,0,1232550
NIFTY-II.NFO,05/08/2024,13:24:22,24196.8,24188,25,24190.55,250,0,1232550
NIFTY-II.NFO,05/08/2024,13:24:24,24188,24189.05,25,24192.15,250,25,1232550
NIFTY-II.NFO,05/08/2024,13:24:26,24188,24185.5,200,24190.15,125,0,1232550
NIFTY-II.NFO,05/08/2024,13:24:27,24188,24185.3,75,24188.95,50,0,1232550
NIFTY-II.NFO,05/08/2024,13:24:29,24188,24185.55,200,24189.95,125,0,1232550
NIFTY-II.NFO,05/08/2024,13:24:31,24188,24185.35,75,24189.25,50,0,1232550
NIFTY-II.NFO,05/08/2024,13:24:32,24188,24185,25,24187.35,250,0,1232550
NIFTY-II.NFO,05/08/2024,13:24:34,24188,24186.45,50,24189.95,50,25,1232550
NIFTY-II.NFO,05/08/2024,13:24:35,24188,24186.45,50,24189.7,50,0,1232550
NIFTY-II.NFO,05/08/2024,13:24:37,24188,24186.45,50,24189.25,250,0,1232550
NIFTY-II.NFO,05/08/2024,13:24:39,24188,24188.55,75,24190,125,0,1232550
NIFTY-II.NFO,05/08/2024,13:24:40,24188,24187.85,75,24190,125,0,1232550
NIFTY-II.NFO,05/08/2024,13:24:42,24188,24187.1,75,24190,125,0,1232550
NIFTY-II.NFO,05/08/2024,13:24:44,24189.75,24187.45,75,24190,125,100,1232550
NIFTY-II.NFO,05/08/2024,13:24:45,24190,24186.45,50,24190,100,25,1232550
NIFTY-II.NFO,05/08/2024,13:24:47,24190,24192.4,200,24195,25,100,1232550
NIFTY-II.NFO,05/08/2024,13:24:49,24190,24190.3,250,24195,25,0,1232550
NIFTY-II.NFO,05/08/2024,13:24:50,24195,24193.75,200,24196.8,125,25,1232550
NIFTY-II.NFO,05/08/2024,13:24:52,24195,24193.25,450,24196.8,125,0,1232550
NIFTY-II.NFO,05/08/2024,13:24:54,24194.3,24194.9,250,24196.8,125,50,1232550
NIFTY-II.NFO,05/08/2024,13:24:55,24194.3,24194.9,250,24196.8,125,0,1232550
NIFTY-II.NFO,05/08/2024,13:24:57,24200.7,24195.7,250,24200.4,475,150,1232550
NIFTY-II.NFO,05/08/2024,13:24:59,24200.7,24193.85,250,24199.2,475,0,1232550
NIFTY-II.NFO,05/08/2024,13:25:00,24200.7,24193.4,250,24198.05,150,0,1232550
NIFTY-II.NFO,05/08/2024,13:25:02,24200.7,24194.1,250,24199.4,150,0,1232550
NIFTY-II.NFO,05/08/2024,13:25:04,24200.7,24196.6,25,24201.1,400,0,1232550
NIFTY-II.NFO,05/08/2024,13:25:05,24200.7,24198.05,75,24202.5,150,0,1232550
NIFTY-II.NFO,05/08/2024,13:25:07,24200.7,24196.3,200,24201.35,225,0,1232550
NIFTY-II.NFO,05/08/2024,13:25:09,24200.7,24197.7,200,24202.5,150,0,1232550
NIFTY-II.NFO,05/08/2024,13:25:10,24200.7,24197.3,250,24200.65,25,0,1232550
NIFTY-II.NFO,05/08/2024,13:25:12,24200.7,24197.65,325,24200.65,25,0,1232550
NIFTY-II.NFO,05/08/2024,13:25:14,24200.7,24198.85,125,24200.65,25,0,1232550
NIFTY-II.NFO,05/08/2024,13:25:15,24200.7,24197.85,250,24200.65,25,0,1232550
NIFTY-II.NFO,05/08/2024,13:25:17,24201.2,24195.9,250,24201.2,200,50,1232100
NIFTY-II.NFO,05/08/2024,13:25:19,24201.2,24198.85,200,24203.9,200,0,1232100
NIFTY-II.NFO,05/08/2024,13:25:20,24201.2,24199.55,250,24204.9,200,0,1232100
NIFTY-II.NFO,05/08/2024,13:25:22,24201.2,24198.3,250,24203.3,200,0,1232100
NIFTY-II.NFO,05/08/2024,13:25:23,24201.2,24196.2,250,24201.15,200,100,1232100
NIFTY-II.NFO,05/08/2024,13:25:25,24201.2,24194.1,250,24199.05,200,0,1232100
NIFTY-II.NFO,05/08/2024,13:25:27,24201.2,24193.65,200,24198.55,200,0,1232100
NIFTY-II.NFO,05/08/2024,13:25:28,24194.1,24193.1,250,24198.2,200,50,1232100
NIFTY-II.NFO,05/08/2024,13:25:30,24194.1,24194.35,250,24199,125,0,1232100
NIFTY-II.NFO,05/08/2024,13:25:32,24194.1,24197.1,200,24201.85,200,0,1232100
NIFTY-II.NFO,05/08/2024,13:25:33,24194.1,24198.35,75,24202.8,125,0,1232100
NIFTY-II.NFO,05/08/2024,13:25:35,24194.1,24198.5,200,24203,200,0,1232100
NIFTY-II.NFO,05/08/2024,13:25:37,24198.55,24198.35,75,24203,200,25,1232100
NIFTY-II.NFO,05/08/2024,13:25:38,24198.55,24198.55,200,24203.45,200,0,1232100
NIFTY-II.NFO,05/08/2024,13:25:40,24203.2,24198.9,100,24203.35,100,25,1232100
NIFTY-II.NFO,05/08/2024,13:25:42,24203.2,24200.45,50,24204.75,350,0,1232100
NIFTY-II.NFO,05/08/2024,13:25:43,24203.2,24202.5,125,24207.4,175,0,1232100
NIFTY-II.NFO,05/08/2024,13:25:45,24203.6,24204.05,250,24208.8,125,25,1232100
NIFTY-II.NFO,05/08/2024,13:25:47,24203.6,24206.35,100,24209,25,0,1232100
NIFTY-II.NFO,05/08/2024,13:25:48,24203.6,24206.8,250,24209,25,0,1232100
NIFTY-II.NFO,05/08/2024,13:25:50,24211,24212.05,75,24215,125,250,1232100
NIFTY-II.NFO,05/08/2024,13:25:52,24211,24213.05,250,24215,125,0,1232100
NIFTY-II.NFO,05/08/2024,13:25:53,24215,24214.8,125,24216.9,50,125,1232100
NIFTY-II.NFO,05/08/2024,13:25:55,24220,24218.65,250,24220,525,200,1232100
NIFTY-II.NFO,05/08/2024,13:25:57,24220,24218.05,25,24220,525,0,1232100
NIFTY-II.NFO,05/08/2024,13:25:58,24220,24216.1,250,24220,525,0,1232100
NIFTY-II.NFO,05/08/2024,13:26:00,24220,24215.6,200,24220,525,0,1232100
NIFTY-II.NFO,05/08/2024,13:26:02,24220,24215.2,25,24219.15,150,75,1232100
NIFTY-II.NFO,05/08/2024,13:26:03,24220,24215.95,250,24220,400,100,1232100
NIFTY-II.NFO,05/08/2024,13:26:05,24218.5,24216.95,25,24219.15,75,25,1232100
NIFTY-II.NFO,05/08/2024,13:26:07,24218.5,24215.6,200,24219.55,250,0,1232100
NIFTY-II.NFO,05/08/2024,13:26:08,24218.5,24215,25,24218.45,250,0,1232100
NIFTY-II.NFO,05/08/2024,13:26:10,24218.15,24215,25,24217.35,250,100,1232100
NIFTY-II.NFO,05/08/2024,13:26:12,24217.1,24213.2,200,24217.1,200,25,1232100
NIFTY-II.NFO,05/08/2024,13:26:13,24217.1,24217.35,200,24220,425,0,1232100
NIFTY-II.NFO,05/08/2024,13:26:15,24220,24219.9,75,24220,50,400,1232100
NIFTY-II.NFO,05/08/2024,13:26:17,24220.05,24220.3,250,24224.95,150,225,1232100
NIFTY-II.NFO,05/08/2024,13:26:18,24220.05,24222.75,325,24225,25,0,1232100
NIFTY-II.NFO,05/08/2024,13:26:20,24222.1,24221.5,175,24225,25,25,1232100
NIFTY-II.NFO,05/08/2024,13:26:22,24222.1,24221.5,125,24225,25,0,1232100
NIFTY-II.NFO,05/08/2024,13:26:23,24225.75,24223.45,125,24228.15,150,50,1232100
NIFTY-II.NFO,05/08/2024,13:26:25,24225.75,24223.75,25,24227.25,150,0,1232100
NIFTY-II.NFO,05/08/2024,13:26:27,24225.75,24219.95,200,24224.8,225,0,1232100
NIFTY-II.NFO,05/08/2024,13:26:28,24219.6,24219.6,75,24223.5,250,25,1232100
NIFTY-II.NFO,05/08/2024,13:26:30,24219.6,24219.6,75,24222.45,150,0,1232100
NIFTY-II.NFO,05/08/2024,13:26:32,24219.6,24219.6,75,24221.2,250,0,1232100
NIFTY-II.NFO,05/08/2024,13:26:33,24219.6,24219.85,50,24223,25,0,1232100
NIFTY-II.NFO,05/08/2024,13:26:35,24219.6,24222.45,25,24222.95,400,0,1232100
NIFTY-II.NFO,05/08/2024,13:26:37,24219.6,24222.45,25,24222.95,150,0,1232100
NIFTY-II.NFO,05/08/2024,13:26:38,24219.6,24215.1,25,24217.6,150,100,1232100
NIFTY-II.NFO,05/08/2024,13:26:40,24219.6,24211.3,125,24214.05,50,0,1232100
NIFTY-II.NFO,05/08/2024,13:26:42,24219.6,24208.5,200,24212.55,50,0,1232100
NIFTY-II.NFO,05/08/2024,13:26:43,24212.55,24210.1,200,24212.85,50,25,1232100
NIFTY-II.NFO,05/08/2024,13:26:45,24212.55,24208.25,200,24212.7,300,0,1232100
NIFTY-II.NFO,05/08/2024,13:26:47,24212.55,24206.45,200,24210.95,275,0,1232100
NIFTY-II.NFO,05/08/2024,13:26:48,24212.55,24209.05,25,24212.5,150,0,1232100
NIFTY-II.NFO,05/08/2024,13:26:50,24212.55,24207,25,24210.25,50,0,1232100
NIFTY-II.NFO,05/08/2024,13:26:52,24211.55,24207,25,24209.7,125,25,1232100
NIFTY-II.NFO,05/08/2024,13:26:53,24211.55,24207,25,24209.8,175,0,1232100
NIFTY-II.NFO,05/08/2024,13:26:55,24211.55,24207,25,24208.85,225,0,1232100
NIFTY-II.NFO,05/08/2024,13:26:57,24211.55,24207,25,24209.9,125,0,1232100
NIFTY-II.NFO,05/08/2024,13:26:58,24207.75,24205,25,24205.7,175,75,1232100
NIFTY-II.NFO,05/08/2024,13:27:00,24207.75,24207.75,25,24208.4,125,0,1232100
NIFTY-II.NFO,05/08/2024,13:27:02,24208.4,24205,25,24208.3,100,25,1232100
NIFTY-II.NFO,05/08/2024,13:27:03,24209.15,24206.05,25,24209.05,50,50,1232100
NIFTY-II.NFO,05/08/2024,13:27:05,24209.75,24208.3,250,24212,50,25,1232100
NIFTY-II.NFO,05/08/2024,13:27:07,24212,24205.65,250,24210.8,125,25,1232100
NIFTY-II.NFO,05/08/2024,13:27:08,24210.3,24206.8,200,24211.2,25,50,1232100
NIFTY-II.NFO,05/08/2024,13:27:10,24210.3,24209.1,125,24212,25,0,1232100
NIFTY-II.NFO,05/08/2024,13:27:12,24212.55,24209.6,125,24213.85,150,50,1232100
NIFTY-II.NFO,05/08/2024,13:27:13,24213.4,24213.4,25,24214.7,25,25,1232100
NIFTY-II.NFO,05/08/2024,13:27:15,24214.7,24208.95,175,24213.05,125,25,1232100
NIFTY-II.NFO,05/08/2024,13:27:17,24214.7,24209,200,24213.15,125,0,1232100
NIFTY-II.NFO,05/08/2024,13:27:19,24215,24213.55,125,24218.3,125,25,1232100
NIFTY-II.NFO,05/08/2024,13:27:20,24215,24212.55,25,24215,425,0,1232100
NIFTY-II.NFO,05/08/2024,13:27:22,24215,24212.55,25,24213.85,250,0,1232100
NIFTY-II.NFO,05/08/2024,13:27:23,24212.55,24206,25,24210.5,250,25,1232100
NIFTY-II.NFO,05/08/2024,13:27:25,24212.55,24206,25,24209.55,250,0,1232100
NIFTY-II.NFO,05/08/2024,13:27:27,24207.7,24206,25,24207.75,250,25,1232100
NIFTY-II.NFO,05/08/2024,13:27:28,24207.7,24206,25,24207.25,250,0,1232100
NIFTY-II.NFO,05/08/2024,13:27:30,24205,24204.1,25,24208.05,50,25,1232100
NIFTY-II.NFO,05/08/2024,13:27:32,24205,24203.05,25,24207.5,500,0,1232100
NIFTY-II.NFO,05/08/2024,13:27:33,24205,24204.15,200,24208.4,375,0,1232100
NIFTY-II.NFO,05/08/2024,13:27:35,24205,24203.55,250,24208.65,250,0,1232100
NIFTY-II.NFO,05/08/2024,13:27:37,24205,24207.1,450,24212.9,125,0,1232100
NIFTY-II.NFO,05/08/2024,13:27:38,24205,24208.25,100,24211.65,250,0,1232100
NIFTY-II.NFO,05/08/2024,13:27:40,24211.7,24208.25,50,24212.45,225,25,1232100
NIFTY-II.NFO,05/08/2024,13:27:42,24211.7,24207.1,250,24212.5,125,0,1232100
NIFTY-II.NFO,05/08/2024,13:27:43,24211.7,24210,250,24215,575,0,1232100
NIFTY-II.NFO,05/08/2024,13:27:45,24211.7,24212.25,50,24215,575,0,1232100
NIFTY-II.NFO,05/08/2024,13:27:47,24211.7,24211.85,250,24215,575,0,1232100
NIFTY-II.NFO,05/08/2024,13:27:48,24211.7,24211.6,250,24215,575,0,1232100
NIFTY-II.NFO,05/08/2024,13:27:50,24211.7,24211.7,25,24215,575,0,1232100
NIFTY-II.NFO,05/08/2024,13:27:53,24210.05,24211,25,24214.7,225,250,1232100
NIFTY-II.NFO,05/08/2024,13:27:55,24215,24211.1,25,24215,475,325,1232100
NIFTY-II.NFO,05/08/2024,13:27:56,24215,24211.1,25,24214.1,450,0,1232100
NIFTY-II.NFO,05/08/2024,13:27:58,24215,24211.1,25,24214.05,200,0,1232100
NIFTY-II.NFO,05/08/2024,13:28:00,24211.1,24211,25,24213.75,450,25,1232100
NIFTY-II.NFO,05/08/2024,13:28:01,24211.1,24211,25,24212.5,250,0,1232100
NIFTY-II.NFO,05/08/2024,13:28:03,24211.1,24212.8,25,24215,475,0,1232100
NIFTY-II.NFO,05/08/2024,13:28:05,24215,24211.2,25,24214.95,200,225,1232100
NIFTY-II.NFO,05/08/2024,13:28:06,24215,24212.05,250,24215,250,0,1232100
NIFTY-II.NFO,05/08/2024,13:28:08,24215,24212.05,50,24215,250,0,1232100
NIFTY-II.NFO,05/08/2024,13:28:10,24215,24212.25,25,24215,250,0,1232100
NIFTY-II.NFO,05/08/2024,13:28:11,24215,24212.75,50,24215,250,0,1232100
NIFTY-II.NFO,05/08/2024,13:28:13,24215,24213.45,250,24215,225,25,1232100
NIFTY-II.NFO,05/08/2024,13:28:15,24215,24214.75,250,24215,225,0,1232100
NIFTY-II.NFO,05/08/2024,13:28:16,24215,24213,150,24215,225,0,1232100
NIFTY-II.NFO,05/08/2024,13:28:18,24215,24213.4,200,24215,200,25,1232875
NIFTY-II.NFO,05/08/2024,13:28:20,24215,24214.15,50,24219.15,200,200,1232875
NIFTY-II.NFO,05/08/2024,13:28:21,24215,24215.05,200,24220.1,200,0,1232875
NIFTY-II.NFO,05/08/2024,13:28:23,24215,24215.1,50,24220.35,275,0,1232875
NIFTY-II.NFO,05/08/2024,13:28:24,24215,24216.15,125,24220.85,275,0,1232875
NIFTY-II.NFO,05/08/2024,13:28:26,24214.9,24214.5,75,24219.35,275,200,1232875
NIFTY-II.NFO,05/08/2024,13:28:28,24214.9,24214.5,25,24218.05,275,0,1232875
NIFTY-II.NFO,05/08/2024,13:28:29,24214.9,24216,25,24218.2,200,0,1232875
NIFTY-II.NFO,05/08/2024,13:28:31,24216,24216.25,175,24221,25,25,1232875
NIFTY-II.NFO,05/08/2024,13:28:33,24215.05,24215.7,175,24220.85,275,25,1232875
NIFTY-II.NFO,05/08/2024,13:28:34,24220.85,24216.4,50,24220.85,200,50,1232875
NIFTY-II.NFO,05/08/2024,13:28:36,24220.85,24215,50,24219.1,200,0,1232875
NIFTY-II.NFO,05/08/2024,13:28:38,24215,24214.25,100,24219,75,75,1232875
NIFTY-II.NFO,05/08/2024,13:28:39,24220.3,24215.05,25,24219.65,200,25,1232875
NIFTY-II.NFO,05/08/2024,13:28:41,24220.3,24216.3,75,24220.85,200,0,1232875
NIFTY-II.NFO,05/08/2024,13:28:43,24220.3,24214.05,75,24218.3,200,0,1232875
NIFTY-II.NFO,05/08/2024,13:28:44,24220.3,24215.2,125,24220.3,200,0,1232875
NIFTY-II.NFO,05/08/2024,13:28:46,24220.3,24215.4,75,24220.15,275,0,1232875
NIFTY-II.NFO,05/08/2024,13:28:48,24220.1,24216.1,125,24220.3,25,25,1232875
NIFTY-II.NFO,05/08/2024,13:28:49,24220.1,24217.55,75,24220.3,25,0,1232875
NIFTY-II.NFO,05/08/2024,13:28:51,24218.8,24218.35,250,24220.3,25,50,1232875
NIFTY-II.NFO,05/08/2024,13:28:52,24220,24218.45,25,24220.3,25,25,1232875
NIFTY-II.NFO,05/08/2024,13:28:54,24220.3,24220.2,25,24221,25,25,1232875
NIFTY-II.NFO,05/08/2024,13:28:56,24223,24223,75,24225,50,150,1232875
NIFTY-II.NFO,05/08/2024,13:28:57,24223,24224.1,200,24225,50,0,1232875
NIFTY-II.NFO,05/08/2024,13:28:59,24225,24223.4,200,24227,25,50,1232875
NIFTY-II.NFO,05/08/2024,13:29:01,24225,24223.45,125,24227,25,0,1232875
NIFTY-II.NFO,05/08/2024,13:29:02,24225,24222.3,200,24227,25,0,1232875
NIFTY-II.NFO,05/08/2024,13:29:04,24225,24222.75,75,24225,50,0,1232875
NIFTY-II.NFO,05/08/2024,13:29:06,24225,24222.35,75,24225,50,0,1232875
NIFTY-II.NFO,05/08/2024,13:29:07,24225,24225,25,24225.05,25,50,1232875
NIFTY-II.NFO,05/08/2024,13:29:09,24227,24225.65,50,24228,25,50,1232875
NIFTY-II.NFO,05/08/2024,13:29:11,24227,24225.05,75,24228,25,0,1232875
NIFTY-II.NFO,05/08/2024,13:29:12,24227,24225.9,50,24228,25,0,1232875
NIFTY-II.NFO,05/08/2024,13:29:14,24227,24227.15,125,24228,25,0,1232875
NIFTY-II.NFO,05/08/2024,13:29:16,24227,24225.7,50,24228,25,0,1232875
NIFTY-II.NFO,05/08/2024,13:29:17,24227,24225.4,50,24228,25,0,1232875
NIFTY-II.NFO,05/08/2024,13:29:19,24227,24225.35,50,24227.95,125,0,1232875
NIFTY-II.NFO,05/08/2024,13:29:21,24227,24225.9,50,24228,25,0,1232875
NIFTY-II.NFO,05/08/2024,13:29:22,24227,24225.4,50,24228,25,0,1232875
NIFTY-II.NFO,05/08/2024,13:29:24,24229,24226.4,50,24229.05,50,50,1232875
NIFTY-II.NFO,05/08/2024,13:29:26,24229,24227,50,24229.05,50,0,1232875
NIFTY-II.NFO,05/08/2024,13:29:27,24227.45,24227.45,25,24229.05,50,25,1232875
NIFTY-II.NFO,05/08/2024,13:29:29,24227.45,24226.65,150,24229.05,50,0,1232875
NIFTY-II.NFO,05/08/2024,13:29:31,24227.45,24226.45,25,24229,200,0,1232875
NIFTY-II.NFO,05/08/2024,13:29:33,24229,24225,25,24228.05,200,25,1232875
NIFTY-II.NFO,05/08/2024,13:29:34,24229,24227.45,25,24227.95,250,0,1232875
NIFTY-II.NFO,05/08/2024,13:29:36,24224,24220.25,50,24223.55,50,75,1232875
NIFTY-II.NFO,05/08/2024,13:29:38,24222.9,24219.65,75,24221,25,25,1232875
NIFTY-II.NFO,05/08/2024,13:29:39,24222.9,24219.85,25,24221,25,0,1232875
NIFTY-II.NFO,05/08/2024,13:29:41,24221,24220.05,150,24224.2,300,25,1232875
NIFTY-II.NFO,05/08/2024,13:29:43,24221,24219.6,25,24223.55,50,0,1232875
NIFTY-II.NFO,05/08/2024,13:29:44,24221,24220.7,125,24224.35,250,0,1232875
NIFTY-II.NFO,05/08/2024,13:29:46,24221,24218.85,125,24222.65,50,0,1232875
NIFTY-II.NFO,05/08/2024,13:29:47,24217.6,24217.5,25,24221.95,200,100,1232875
NIFTY-II.NFO,05/08/2024,13:29:49,24217.6,24218.35,50,24220.7,25,0,1232875
NIFTY-II.NFO,05/08/2024,13:29:51,24217.6,24217.65,25,24220.7,25,0,1232875
NIFTY-II.NFO,05/08/2024,13:29:52,24217.6,24216.55,125,24220.4,50,0,1232875
NIFTY-II.NFO,05/08/2024,13:29:54,24216.95,24217.35,50,24220.7,25,225,1232875
NIFTY-II.NFO,05/08/2024,13:29:56,24216.95,24216.65,50,24220.7,25,0,1232875
NIFTY-II.NFO,05/08/2024,13:29:57,24220.7,24222.05,25,24225.2,200,25,1232875
NIFTY-II.NFO,05/08/2024,13:29:59,24220.7,24221.85,50,24225.3,200,0,1232875
NIFTY-II.NFO,05/08/2024,13:30:01,24220.7,24222.05,25,24226.85,400,0,1232875
NIFTY-II.NFO,05/08/2024,13:30:02,24220.7,24219.4,50,24223.1,525,0,1232875
NIFTY-II.NFO,05/08/2024,13:30:04,24220.7,24221.15,50,24224.75,200,0,1232875
NIFTY-II.NFO,05/08/2024,13:30:06,24220.7,24220.7,25,24223.05,250,0,1232875
NIFTY-II.NFO,05/08/2024,13:30:07,24220.7,24218.65,50,24222.35,200,25,1232875
NIFTY-II.NFO,05/08/2024,13:30:09,24220.7,24217,25,24218.4,125,0,1232875
NIFTY-II.NFO,05/08/2024,13:30:11,24220.7,24218.85,125,24222.05,250,0,1232875
NIFTY-II.NFO,05/08/2024,13:30:12,24220.7,24217.8,50,24221.2,250,0,1232875
NIFTY-II.NFO,05/08/2024,13:30:14,24220.7,24219.45,50,24222,250,0,1232875
NIFTY-II.NFO,05/08/2024,13:30:16,24220.7,24220.5,50,24223.6,450,0,1232875
NIFTY-II.NFO,05/08/2024,13:30:17,24220.7,24218.25,125,24221.65,200,0,1232875
NIFTY-II.NFO,05/08/2024,13:30:21,24221.1,24221.65,50,24224,25,25,1232875
NIFTY-II.NFO,05/08/2024,13:30:22,24221.1,24220.05,50,24223.75,50,0,1232875
NIFTY-II.NFO,05/08/2024,13:30:24,24223.9,24223.1,50,24224,25,25,1232875
NIFTY-II.NFO,05/08/2024,13:30:26,24223.25,24223.05,125,24225,25,75,1232875
NIFTY-II.NFO,05/08/2024,13:30:27,24223.25,24221.65,25,24225,25,0,1232875
NIFTY-II.NFO,05/08/2024,13:30:29,24223.9,24223.75,125,24225,25,25,1232875
NIFTY-II.NFO,05/08/2024,13:30:31,24225,24221.65,25,24225.5,200,25,1232875
NIFTY-II.NFO,05/08/2024,13:30:32,24225.75,24221.65,25,24225.3,200,25,1232875
NIFTY-II.NFO,05/08/2024,13:30:34,24225.75,24223.55,50,24227.1,200,0,1232875
NIFTY-II.NFO,05/08/2024,13:30:35,24225.75,24222.25,50,24226.15,125,0,1232875
NIFTY-II.NFO,05/08/2024,13:30:37,24225.75,24221.7,50,24225.55,50,0,1232875
NIFTY-II.NFO,05/08/2024,13:30:39,24225.75,24223,50,24227.1,200,0,1232875
NIFTY-II.NFO,05/08/2024,13:30:40,24227,24222.1,75,24226.8,200,25,1232875
NIFTY-II.NFO,05/08/2024,13:30:42,24227,24222.7,50,24227.2,200,0,1232875
NIFTY-II.NFO,05/08/2024,13:30:44,24227,24224.05,25,24228.4,200,0,1232875
NIFTY-II.NFO,05/08/2024,13:30:45,24227,24223.15,50,24227.4,200,0,1232875
NIFTY-II.NFO,05/08/2024,13:30:47,24227,24221.1,25,24224.55,250,0,1232875
NIFTY-II.NFO,05/08/2024,13:30:49,24227,24221.1,25,24224.15,125,0,1232875
NIFTY-II.NFO,05/08/2024,13:30:50,24220,24222.35,50,24225.8,250,150,1232875
NIFTY-II.NFO,05/08/2024,13:30:52,24220,24223.2,50,24226.8,375,0,1232875
NIFTY-II.NFO,05/08/2024,13:30:54,24220,24224.1,50,24227,25,0,1232875
NIFTY-II.NFO,05/08/2024,13:30:55,24220,24224.5,125,24227,25,0,1232875
NIFTY-II.NFO,05/08/2024,13:30:57,24220,24223.75,50,24227,25,0,1232875
NIFTY-II.NFO,05/08/2024,13:30:59,24227,24223,325,24227.2,200,25,1232875
NIFTY-II.NFO,05/08/2024,13:31:00,24221.35,24221.3,125,24225.95,325,100,1232875
NIFTY-II.NFO,05/08/2024,13:31:02,24225.9,24222.05,25,24225.9,75,200,1232875
NIFTY-II.NFO,05/08/2024,13:31:04,24225.9,24222.95,25,24226.6,75,0,1232875
NIFTY-II.NFO,05/08/2024,13:31:05,24225.9,24224.6,25,24228.85,200,0,1232875
NIFTY-II.NFO,05/08/2024,13:31:07,24225.9,24225.95,50,24228.85,325,0,1232875
NIFTY-II.NFO,05/08/2024,13:31:09,24225.9,24225.95,50,24228.95,200,0,1232875
NIFTY-II.NFO,05/08/2024,13:31:10,24228.05,24225.95,50,24227.95,200,175,1232875
NIFTY-II.NFO,05/08/2024,13:31:12,24228.05,24225.95,50,24228.45,200,0,1232875
NIFTY-II.NFO,05/08/2024,13:31:14,24228.05,24228.8,175,24229,175,0,1232875
NIFTY-II.NFO,05/08/2024,13:31:15,24228.8,24225.95,50,24228.95,200,175,1232875
NIFTY-II.NFO,05/08/2024,13:31:17,24230,24229.05,100,24230,300,250,1232750
NIFTY-II.NFO,05/08/2024,13:31:19,24230.05,24230.05,100,24231,25,325,1232750
NIFTY-II.NFO,05/08/2024,13:31:20,24232.2,24231,25,24231.7,200,150,1232750
NIFTY-II.NFO,05/08/2024,13:31:22,24230.35,24226.1,275,24231.2,200,100,1232750
NIFTY-II.NFO,05/08/2024,13:31:23,24230.35,24226.05,25,24229.8,200,0,1232750
NIFTY-II.NFO,05/08/2024,13:31:25,24231.65,24227.05,25,24230.7,25,200,1232750
NIFTY-II.NFO,05/08/2024,13:31:27,24227.05,24227.1,150,24228.6,250,25,1232750
NIFTY-II.NFO,05/08/2024,13:31:28,24228.55,24225.95,50,24227.9,75,150,1232750
NIFTY-II.NFO,05/08/2024,13:31:30,24228.75,24226.05,25,24228.75,175,150,1232750
NIFTY-II.NFO,05/08/2024,13:31:32,24228.75,24225.95,50,24227.75,425,0,1232750
NIFTY-II.NFO,05/08/2024,13:31:33,24227.2,24225.95,50,24226.3,400,25,1232750
NIFTY-II.NFO,05/08/2024,13:31:35,24222.55,24221.35,200,24222.65,250,150,1232750
NIFTY-II.NFO,05/08/2024,13:31:37,24221.35,24221.35,125,24221.4,150,75,1232750
NIFTY-II.NFO,05/08/2024,13:31:38,24221.35,24218.05,200,24223.15,125,125,1232750
NIFTY-II.NFO,05/08/2024,13:31:40,24221.35,24220.1,200,24223.85,250,0,1232750
NIFTY-II.NFO,05/08/2024,13:31:42,24221.35,24221.65,25,24221.8,250,0,1232750
NIFTY-II.NFO,05/08/2024,13:31:44,24221.65,24218.05,125,24221.85,50,50,1232750
NIFTY-II.NFO,05/08/2024,13:31:45,24221.65,24216.5,200,24220.95,50,0,1232750
NIFTY-II.NFO,05/08/2024,13:31:47,24221.65,24215.3,200,24219.3,50,0,1232750
NIFTY-II.NFO,05/08/2024,13:31:49,24219.95,24215.85,75,24219.05,50,25,1232750
NIFTY-II.NFO,05/08/2024,13:31:50,24219.95,24215.95,200,24219.8,50,0,1232750
NIFTY-II.NFO,05/08/2024,13:31:52,24219.8,24214.3,200,24217.75,50,25,1232750
NIFTY-II.NFO,05/08/2024,13:31:54,24214.75,24213,25,24213.5,50,50,1232750
NIFTY-II.NFO,05/08/2024,13:31:55,24213.25,24213,25,24213.3,50,25,1232750
NIFTY-II.NFO,05/08/2024,13:31:57,24211.7,24207.4,200,24211.8,50,50,1232750
NIFTY-II.NFO,05/08/2024,13:31:59,24206.75,24204.65,25,24208.5,50,25,1232750
NIFTY-II.NFO,05/08/2024,13:32:00,24204.8,24201,200,24205.85,50,50,1232750
NIFTY-II.NFO,05/08/2024,13:32:02,24204.8,24206.7,50,24210.05,250,0,1232750
NIFTY-II.NFO,05/08/2024,13:32:04,24210.05,24208.75,125,24212.4,250,25,1232750
NIFTY-II.NFO,05/08/2024,13:32:05,24214.45,24210.05,25,24213.5,250,75,1232750
NIFTY-II.NFO,05/08/2024,13:32:07,24214.45,24207.7,50,24212.3,250,0,1232750
NIFTY-II.NFO,05/08/2024,13:32:09,24214.45,24205.5,325,24210,250,0,1232750
NIFTY-II.NFO,05/08/2024,13:32:10,24214.45,24207.3,50,24211.9,250,0,1232750
NIFTY-II.NFO,05/08/2024,13:32:12,24214.45,24206.9,50,24210.7,250,0,1232750
NIFTY-II.NFO,05/08/2024,13:32:14,24214.45,24205.25,200,24209.55,250,0,1232750
NIFTY-II.NFO,05/08/2024,13:32:15,24214.45,24206.55,125,24211.55,200,0,1232750
NIFTY-II.NFO,05/08/2024,13:32:17,24214.45,24209.05,25,24212.75,200,0,1232750
NIFTY-II.NFO,05/08/2024,13:32:19,24214.45,24204.7,25,24209.45,150,0,1232750
NIFTY-II.NFO,05/08/2024,13:32:20,24209.45,24204.7,25,24208.1,50,25,1232750
NIFTY-II.NFO,05/08/2024,13:32:22,24201.2,24200,475,24204.7,250,50,1232750
NIFTY-II.NFO,05/08/2024,13:32:24,24201.2,24200.55,75,24205.2,250,0,1232750
NIFTY-II.NFO,05/08/2024,13:32:25,24201.2,24200.1,75,24204.4,50,0,1232750
NIFTY-II.NFO,05/08/2024,13:32:27,24200.9,24200.5,275,24205.25,100,50,1232750
NIFTY-II.NFO,05/08/2024,13:32:29,24200.9,24200,175,24203.85,25,0,1232750
NIFTY-II.NFO,05/08/2024,13:32:30,24200,24200,25,24200.35,125,150,1232750
NIFTY-II.NFO,05/08/2024,13:32:32,24194.4,24192.3,200,24196.85,50,50,1232750
NIFTY-II.NFO,05/08/2024,13:32:34,24196.85,24195.1,200,24199.85,25,25,1232750
NIFTY-II.NFO,05/08/2024,13:32:35,24197.9,24197.15,200,24200,50,25,1232750
NIFTY-II.NFO,05/08/2024,13:32:37,24195.1,24195.9,200,24200,50,25,1232750
NIFTY-II.NFO,05/08/2024,13:32:39,24195.8,24195.1,200,24199.25,125,25,1232750
NIFTY-II.NFO,05/08/2024,13:32:40,24195.8,24195.35,200,24199.75,125,0,1232750
NIFTY-II.NFO,05/08/2024,13:32:42,24195.8,24196.6,200,24200,50,0,1232750
NIFTY-II.NFO,05/08/2024,13:32:44,24200,24200.05,25,24203.15,125,50,1232750
NIFTY-II.NFO,05/08/2024,13:32:45,24198.35,24198.65,200,24203.15,125,25,1232750
NIFTY-II.NFO,05/08/2024,13:32:47,24198.35,24202.05,25,24206.3,125,0,1232750
NIFTY-II.NFO,05/08/2024,13:32:49,24204.05,24201.65,50,24206.2,125,25,1232750
NIFTY-II.NFO,05/08/2024,13:32:50,24201.7,24206.05,25,24208.1,125,50,1232750
NIFTY-II.NFO,05/08/2024,13:32:52,24201.7,24203.55,200,24208.7,175,0,1232750
NIFTY-II.NFO,05/08/2024,13:32:54,24201.7,24205.05,25,24209.65,175,0,1232750
NIFTY-II.NFO,05/08/2024,13:32:55,24201.7,24206.5,50,24210,50,0,1232750
NIFTY-II.NFO,05/08/2024,13:32:57,24201.7,24205.85,200,24210,50,0,1232750
NIFTY-II.NFO,05/08/2024,13:32:59,24201.7,24206.85,125,24210,50,0,1232750
NIFTY-II.NFO,05/08/2024,13:33:00,24210,24210.05,125,24213.35,75,50,1232750
NIFTY-II.NFO,05/08/2024,13:33:02,24210,24210.05,125,24211.3,175,0,1232750
NIFTY-II.NFO,05/08/2024,13:33:04,24210.05,24208.05,200,24212.3,50,125,1232750
NIFTY-II.NFO,05/08/2024,13:33:05,24210.05,24209.85,200,24214.55,50,0,1232750
NIFTY-II.NFO,05/08/2024,13:33:07,24210.05,24208.95,200,24210,25,0,1232750
NIFTY-II.NFO,05/08/2024,13:33:09,24210,24212.15,325,24215.5,75,25,1232750
NIFTY-II.NFO,05/08/2024,13:33:10,24211.65,24214.05,25,24217.1,200,50,1232750
NIFTY-II.NFO,05/08/2024,13:33:12,24217.25,24212.6,200,24217.55,200,50,1232750
NIFTY-II.NFO,05/08/2024,13:33:14,24217.25,24212.3,200,24217.25,200,0,1232750
NIFTY-II.NFO,05/08/2024,13:33:15,24213.1,24213.7,175,24219,200,25,1232750
NIFTY-II.NFO,05/08/2024,13:33:17,24213.1,24213.2,175,24217.85,200,0,1232750
NIFTY-II.NFO,05/08/2024,13:33:19,24213.1,24213.4,250,24218.3,200,0,1232750
NIFTY-II.NFO,05/08/2024,13:33:20,24214.1,24214.1,150,24218.95,200,25,1232750
NIFTY-II.NFO,05/08/2024,13:33:22,24214.1,24215.5,150,24220,50,0,1232750
NIFTY-II.NFO,05/08/2024,13:33:23,24215.35,24216.3,125,24220,50,25,1232750
NIFTY-II.NFO,05/08/2024,13:33:25,24215.35,24217.6,125,24220,50,0,1232750
NIFTY-II.NFO,05/08/2024,13:33:27,24220,24221.05,25,24225,150,50,1232750
NIFTY-II.NFO,05/08/2024,13:33:28,24225,24224.15,200,24227.2,25,150,1232750
NIFTY-II.NFO,05/08/2024,13:33:30,24225,24223.5,225,24227.2,25,0,1232750
NIFTY-II.NFO,05/08/2024,13:33:32,24225,24222.95,175,24227.2,25,0,1232750
NIFTY-II.NFO,05/08/2024,13:33:33,24225,24224,125,24227.2,25,0,1232750
NIFTY-II.NFO,05/08/2024,13:33:35,24225,24224.55,125,24227.2,25,0,1232750
NIFTY-II.NFO,05/08/2024,13:33:37,24225,24222.35,125,24227.15,75,0,1232750
NIFTY-II.NFO,05/08/2024,13:33:38,24227.2,24224.1,200,24228.95,200,25,1232750
NIFTY-II.NFO,05/08/2024,13:33:40,24227.2,24224.4,125,24225,25,0,1232750
NIFTY-II.NFO,05/08/2024,13:33:42,24227.2,24224.45,125,24225,25,0,1232750
NIFTY-II.NFO,05/08/2024,13:33:43,24225,24225.8,175,24229,75,25,1232750
NIFTY-II.NFO,05/08/2024,13:33:45,24225,24225.1,125,24229,75,0,1232750
NIFTY-II.NFO,05/08/2024,13:33:47,24225,24223.5,125,24228,200,0,1232750
NIFTY-II.NFO,05/08/2024,13:33:48,24225,24224.15,175,24229,75,0,1232750
NIFTY-II.NFO,05/08/2024,13:33:50,24225,24227.5,125,24229,75,0,1232750
NIFTY-II.NFO,05/08/2024,13:33:52,24225,24226.35,125,24229,75,0,1232750
NIFTY-II.NFO,05/08/2024,13:33:53,24225,24227.15,100,24229,75,0,1232750
NIFTY-II.NFO,05/08/2024,13:33:55,24229,24226.9,125,24229,50,25,1232750
NIFTY-II.NFO,05/08/2024,13:33:57,24229,24228.4,125,24229,50,0,1232750
NIFTY-II.NFO,05/08/2024,13:33:58,24229.4,24230.85,75,24234.6,75,325,1232750
NIFTY-II.NFO,05/08/2024,13:34:00,24229.4,24229.7,50,24235.25,275,0,1232750
NIFTY-II.NFO,05/08/2024,13:34:02,24229.4,24225.7,150,24231.35,275,0,1232750
NIFTY-II.NFO,05/08/2024,13:34:04,24229.4,24229.1,200,24234.95,275,0,1232750
NIFTY-II.NFO,05/08/2024,13:34:05,24234.95,24229.4,50,24232.5,275,25,1232750
NIFTY-II.NFO,05/08/2024,13:34:07,24234.95,24229.4,50,24233.3,275,0,1232750
NIFTY-II.NFO,05/08/2024,13:34:08,24234.95,24229.4,50,24233.25,250,0,1232750
NIFTY-II.NFO,05/08/2024,13:34:10,24234.95,24230.05,25,24234.75,275,0,1232750
NIFTY-II.NFO,05/08/2024,13:34:12,24239,24237.15,50,24239,25,325,1232750
NIFTY-II.NFO,05/08/2024,13:34:13,24239,24239.3,125,24240,2075,25,1232750
NIFTY-II.NFO,05/08/2024,13:34:15,24235.25,24234.3,175,24239.95,275,275,1232750
NIFTY-II.NFO,05/08/2024,13:34:17,24235.25,24232.75,50,24237.95,275,0,1232750
NIFTY-II.NFO,05/08/2024,13:34:18,24235.25,24235,25,24235.25,200,0,1232750
NIFTY-II.NFO,05/08/2024,13:34:20,24235,24233.05,25,24236.3,275,25,1232250
NIFTY-II.NFO,05/08/2024,13:34:22,24235,24231.1,50,24236.35,200,0,1232250
NIFTY-II.NFO,05/08/2024,13:34:23,24235,24234.05,25,24237.95,200,0,1232250
NIFTY-II.NFO,05/08/2024,13:34:25,24234.05,24234.05,25,24237.75,325,25,1232250
NIFTY-II.NFO,05/08/2024,13:34:27,24234.05,24234.05,25,24237.95,200,0,1232250
NIFTY-II.NFO,05/08/2024,13:34:28,24234.05,24234.05,25,24237.85,250,0,1232250
NIFTY-II.NFO,05/08/2024,13:34:30,24234.05,24235.25,25,24237.95,200,0,1232250
NIFTY-II.NFO,05/08/2024,13:34:32,24234.05,24235.25,25,24238,25,0,1232250
NIFTY-II.NFO,05/08/2024,13:34:33,24234.05,24235.3,100,24238,25,0,1232250
NIFTY-II.NFO,05/08/2024,13:34:35,24234.05,24235.25,25,24238,25,0,1232250
NIFTY-II.NFO,05/08/2024,13:34:37,24234.05,24235.25,25,24237.95,200,0,1232250
NIFTY-II.NFO,05/08/2024,13:34:38,24234.05,24235.25,25,24238,25,0,1232250
NIFTY-II.NFO,05/08/2024,13:34:40,24239.95,24235.25,25,24239.95,275,50,1232250
NIFTY-II.NFO,05/08/2024,13:34:42,24239.95,24235.25,25,24239.95,200,0,1232250
NIFTY-II.NFO,05/08/2024,13:34:43,24239.95,24235.25,25,24239.95,275,0,1232250
NIFTY-II.NFO,05/08/2024,13:34:45,24239.95,24235.25,25,24238.85,325,0,1232250
NIFTY-II.NFO,05/08/2024,13:34:47,24239.95,24235.25,25,24236.95,50,0,1232250
NIFTY-II.NFO,05/08/2024,13:34:48,24239.95,24235.25,50,24237.35,250,0,1232250
NIFTY-II.NFO,05/08/2024,13:34:50,24239.95,24235.25,50,24237.9,200,0,1232250
NIFTY-II.NFO,05/08/2024,13:34:52,24238.5,24235.25,50,24239.05,50,25,1232250
NIFTY-II.NFO,05/08/2024,13:34:53,24238.5,24237.05,25,24240,1075,0,1232250
NIFTY-II.NFO,05/08/2024,13:34:55,24236,24237.95,50,24240,1075,75,1232250
NIFTY-II.NFO,05/08/2024,13:34:57,24236,24237.15,50,24238.5,25,0,1232250
NIFTY-II.NFO,05/08/2024,13:34:58,24236,24236.7,75,24238.5,25,0,1232250
NIFTY-II.NFO,05/08/2024,13:35:00,24240.7,24239.7,75,24240.7,25,1375,1232250
NIFTY-II.NFO,05/08/2024,13:35:02,24240.7,24240.85,200,24241,25,25,1232250
NIFTY-II.NFO,05/08/2024,13:35:03,24241,24243.55,25,24244.35,25,25,1232250
NIFTY-II.NFO,05/08/2024,13:35:05,24244.35,24241.6,75,24245,300,25,1232250
NIFTY-II.NFO,05/08/2024,13:35:06,24244.35,24242.05,25,24244.55,250,0,1232250
NIFTY-II.NFO,05/08/2024,13:35:08,24244.35,24242.6,50,24245,200,0,1232250
NIFTY-II.NFO,05/08/2024,13:35:10,24242.05,24240.75,75,24245,150,175,1232250
NIFTY-II.NFO,05/08/2024,13:35:11,24245.2,24240.75,325,24245.95,125,700,1232250
NIFTY-II.NFO,05/08/2024,13:35:13,24245.2,24243.05,25,24246,50,0,1232250
NIFTY-II.NFO,05/08/2024,13:35:15,24243.05,24243.65,25,24245,25,25,1232250
NIFTY-II.NFO,05/08/2024,13:35:16,24243.05,24240.75,275,24245,50,0,1232250
NIFTY-II.NFO,05/08/2024,13:35:18,24243.05,24240.7,250,24244.8,175,0,1232250
NIFTY-II.NFO,05/08/2024,13:35:19,24243.05,24240.7,250,24244.4,125,0,1232250
NIFTY-II.NFO,05/08/2024,13:35:21,24240.7,24240.7,225,24244.6,125,50,1232250
NIFTY-II.NFO,05/08/2024,13:35:23,24240.7,24240.75,200,24245,850,0,1232250
NIFTY-II.NFO,05/08/2024,13:35:24,24240.7,24244,225,24244.95,125,0,1232250
NIFTY-II.NFO,05/08/2024,13:35:26,24244,24237.55,200,24242.15,125,225,1232250
NIFTY-II.NFO,05/08/2024,13:35:28,24244,24240.3,125,24244.95,375,0,1232250
NIFTY-II.NFO,05/08/2024,13:35:29,24244,24240.8,125,24244.95,125,0,1232250
NIFTY-II.NFO,05/08/2024,13:35:31,24245,24241.25,200,24245,750,100,1232250
NIFTY-II.NFO,05/08/2024,13:35:33,24245,24239.6,200,24244.75,200,25,1232250
NIFTY-II.NFO,05/08/2024,13:35:34,24245,24240,25,24243.75,250,0,1232250
NIFTY-II.NFO,05/08/2024,13:35:36,24240.1,24240,25,24241,250,50,1232250
NIFTY-II.NFO,05/08/2024,13:35:38,24240,24236,325,24239.65,200,50,1232250
NIFTY-II.NFO,05/08/2024,13:35:39,24240,24237.15,250,24240.7,50,0,1232250
NIFTY-II.NFO,05/08/2024,13:35:41,24240,24240.5,200,24243.5,250,0,1232250
NIFTY-II.NFO,05/08/2024,13:35:43,24244.45,24241.2,125,24245,800,75,1232250
NIFTY-II.NFO,05/08/2024,13:35:44,24244.45,24242.5,25,24245,800,0,1232250
NIFTY-II.NFO,05/08/2024,13:35:46,24244.45,24241.15,50,24242.4,250,0,1232250
NIFTY-II.NFO,05/08/2024,13:35:48,24241.15,24241.05,25,24244.55,250,50,1232250
NIFTY-II.NFO,05/08/2024,13:35:49,24241.15,24242.05,275,24245,800,0,1232250
NIFTY-II.NFO,05/08/2024,13:35:51,24243.35,24243.85,125,24245,800,75,1232250
NIFTY-II.NFO,05/08/2024,13:35:53,24246,24245.95,100,24246,25,825,1232250
NIFTY-II.NFO,05/08/2024,13:35:54,24249,24243.05,250,24247.55,50,350,1232250
NIFTY-II.NFO,05/08/2024,13:35:56,24249,24242,75,24245.65,250,0,1232250
NIFTY-II.NFO,05/08/2024,13:35:58,24249,24242.25,250,24247.05,50,0,1232250
NIFTY-II.NFO,05/08/2024,13:35:59,24249,24242.3,200,24246.35,250,0,1232250
NIFTY-II.NFO,05/08/2024,13:36:01,24242,24241,125,24241.95,50,25,1232250
NIFTY-II.NFO,05/08/2024,13:36:02,24241,24237.55,200,24241.8,125,125,1232250
NIFTY-II.NFO,05/08/2024,13:36:04,24239.3,24238.05,25,24241.25,250,25,1232250
NIFTY-II.NFO,05/08/2024,13:36:06,24239.7,24236.05,250,24238.75,225,50,1232250
NIFTY-II.NFO,05/08/2024,13:36:07,24239.7,24235.35,125,24239.15,125,0,1232250
NIFTY-II.NFO,05/08/2024,13:36:09,24239.7,24236.8,200,24241.15,75,0,1232250
NIFTY-II.NFO,05/08/2024,13:36:11,24240.15,24236.6,125,24240.15,200,50,1232250
NIFTY-II.NFO,05/08/2024,13:36:12,24240.1,24238.6,75,24240.9,250,100,1232250
NIFTY-II.NFO,05/08/2024,13:36:14,24240.1,24241.95,250,24245.2,125,0,1232250
NIFTY-II.NFO,05/08/2024,13:36:16,24240.1,24244.4,125,24245,25,0,1232250
NIFTY-II.NFO,05/08/2024,13:36:18,24245,24245.1,125,24247,100,25,1232250
NIFTY-II.NFO,05/08/2024,13:36:19,24245,24245,25,24247,100,0,1232250
NIFTY-II.NFO,05/08/2024,13:36:21,24247.45,24246.1,150,24249,25,200,1232250
NIFTY-II.NFO,05/08/2024,13:36:23,24250,24245.2,75,24248.5,25,625,1232250
NIFTY-II.NFO,05/08/2024,13:36:24,24250,24245,25,24247.15,250,0,1232250
NIFTY-II.NFO,05/08/2024,13:36:26,24245.05,24245.05,25,24249.25,250,550,1232250
NIFTY-II.NFO,05/08/2024,13:36:28,24245.05,24245,25,24248.05,75,0,1232250
NIFTY-II.NFO,05/08/2024,13:36:29,24249,24245,25,24248.55,50,25,1232250
NIFTY-II.NFO,05/08/2024,13:36:31,24247.55,24245,25,24248.2,25,50,1232250
NIFTY-II.NFO,05/08/2024,13:36:33,24248.95,24247.4,125,24250,1050,125,1232250
NIFTY-II.NFO,05/08/2024,13:36:34,24248.95,24249.5,25,24250,1050,0,1232250
NIFTY-II.NFO,05/08/2024,13:36:39,24252,24249.55,325,24254.95,125,1100,1232250
NIFTY-II.NFO,05/08/2024,13:36:41,24252,24249,175,24249.5,25,0,1232250
NIFTY-II.NFO,05/08/2024,13:36:43,24249,24249,150,24249.7,125,50,1232250
NIFTY-II.NFO,05/08/2024,13:36:44,24249,24249,150,24249.95,375,0,1232250
NIFTY-II.NFO,05/08/2024,13:36:46,24250.65,24249,150,24250.95,125,50,1232250
NIFTY-II.NFO,05/08/2024,13:36:48,24250.95,24249,150,24250.95,75,50,1232250
NIFTY-II.NFO,05/08/2024,13:36:49,24250.3,24249,150,24249.75,250,25,1232250
NIFTY-II.NFO,05/08/2024,13:36:51,24249,24249,100,24251.85,250,200,1232250
NIFTY-II.NFO,05/08/2024,13:36:53,24249,24249,100,24250.05,200,0,1232250
NIFTY-II.NFO,05/08/2024,13:36:54,24249,24249,100,24252.1,200,0,1232250
NIFTY-II.NFO,05/08/2024,13:36:56,24249,24249,100,24250.55,75,0,1232250
NIFTY-II.NFO,05/08/2024,13:36:58,24249,24245,275,24248.4,200,125,1232250
NIFTY-II.NFO,05/08/2024,13:36:59,24249,24245,275,24248.9,75,0,1232250
NIFTY-II.NFO,05/08/2024,13:37:01,24249,24245,275,24246,250,0,1232250
NIFTY-II.NFO,05/08/2024,13:37:03,24245,24240.2,225,24244.15,50,275,1232250
NIFTY-II.NFO,05/08/2024,13:37:04,24244,24241.35,200,24245.05,50,125,1232250
NIFTY-II.NFO,05/08/2024,13:37:06,24245,24240.2,25,24243.6,200,50,1232250
NIFTY-II.NFO,05/08/2024,13:37:08,24245,24240.2,25,24243.45,200,0,1232250
NIFTY-II.NFO,05/08/2024,13:37:09,24245,24240.2,25,24242.8,200,0,1232250
NIFTY-II.NFO,05/08/2024,13:37:11,24245,24240.2,25,24241.8,300,0,1232250
NIFTY-II.NFO,05/08/2024,13:37:13,24240.2,24237.55,200,24242.55,50,25,1232250
NIFTY-II.NFO,05/08/2024,13:37:14,24240.2,24240.65,200,24244.4,200,0,1232250
NIFTY-II.NFO,05/08/2024,13:37:16,24247.4,24245.1,275,24249.75,250,500,1232250
NIFTY-II.NFO,05/08/2024,13:37:18,24246.1,24246.45,275,24250,25,100,1233275
NIFTY-II.NFO,05/08/2024,13:37:19,24246.1,24247.5,200,24250,25,0,1233275
NIFTY-II.NFO,05/08/2024,13:37:21,24246.1,24249.1,250,24250,25,0,1233275
NIFTY-II.NFO,05/08/2024,13:37:23,24251,24249.15,275,24252,25,50,1233275
NIFTY-II.NFO,05/08/2024,13:37:24,24251,24249.75,275,24252,25,0,1233275
NIFTY-II.NFO,05/08/2024,13:37:26,24251,24250.9,275,24252,25,0,1233275
NIFTY-II.NFO,05/08/2024,13:37:28,24252,24252.25,200,24254,25,25,1233275
NIFTY-II.NFO,05/08/2024,13:37:29,24251.75,24252,200,24254,25,25,1233275
NIFTY-II.NFO,05/08/2024,13:37:31,24251.5,24253.25,250,24254,25,375,1233275
NIFTY-II.NFO,05/08/2024,13:37:33,24254,24254.05,400,24255,50,25,1233275
NIFTY-II.NFO,05/08/2024,13:37:34,24256,24256.5,325,24258,25,150,1233275
NIFTY-II.NFO,05/08/2024,13:37:36,24257.05,24255.85,300,24260,375,75,1233275
NIFTY-II.NFO,05/08/2024,13:37:38,24257.05,24257.4,250,24260,375,0,1233275
NIFTY-II.NFO,05/08/2024,13:37:39,24260,24257.1,75,24260,300,75,1233275
NIFTY-II.NFO,05/08/2024,13:37:41,24260,24255.3,250,24259,25,0,1233275
NIFTY-II.NFO,05/08/2024,13:37:43,24254,24257.05,25,24258.15,200,225,1233275
NIFTY-II.NFO,05/08/2024,13:37:44,24254,24257.05,25,24259.25,125,0,1233275
NIFTY-II.NFO,05/08/2024,13:37:46,24257.05,24253.1,100,24256.55,125,50,1233275
NIFTY-II.NFO,05/08/2024,13:37:48,24257.05,24253.4,25,24256.8,250,0,1233275
NIFTY-II.NFO,05/08/2024,13:37:49,24258.2,24254.45,200,24254.75,25,50,1233275
NIFTY-II.NFO,05/08/2024,13:37:51,24254.75,24255.05,275,24259.75,125,25,1233275
NIFTY-II.NFO,05/08/2024,13:37:53,24256,24255.1,175,24259.65,250,100,1233275
NIFTY-II.NFO,05/08/2024,13:37:54,24256,24255.3,25,24259,200,0,1233275
NIFTY-II.NFO,05/08/2024,13:37:56,24256,24253.8,75,24257.95,50,0,1233275
NIFTY-II.NFO,05/08/2024,13:37:58,24256,24255.3,250,24256,125,75,1233275
NIFTY-II.NFO,05/08/2024,13:37:59,24256,24255.95,250,24256,150,125,1233275
NIFTY-II.NFO,05/08/2024,13:38:01,24256,24254.2,175,24256,100,50,1233275
NIFTY-II.NFO,05/08/2024,13:38:03,24256,24251.75,175,24255.65,50,0,1233275
NIFTY-II.NFO,05/08/2024,13:38:04,24252.9,24249,175,24253.25,75,375,1233275
NIFTY-II.NFO,05/08/2024,13:38:06,24253.75,24251.15,200,24254.95,200,25,1233275
NIFTY-II.NFO,05/08/2024,13:38:08,24253.35,24249.05,175,24253.5,50,50,1233275
NIFTY-II.NFO,05/08/2024,13:38:09,24249,24249.35,125,24252.3,75,25,1233275
NIFTY-II.NFO,05/08/2024,13:38:11,24249,24249.7,175,24253.4,50,0,1233275
NIFTY-II.NFO,05/08/2024,13:38:13,24256,24251.45,175,24255.4,50,150,1233275
NIFTY-II.NFO,05/08/2024,13:38:14,24255.9,24251,500,24252.7,50,25,1233275
NIFTY-II.NFO,05/08/2024,13:38:16,24253.75,24251,500,24252.55,50,25,1233275
NIFTY-II.NFO,05/08/2024,13:38:18,24253.75,24251,500,24251.35,450,0,1233275
NIFTY-II.NFO,05/08/2024,13:38:19,24253.75,24251,500,24251.95,50,0,1233275
NIFTY-II.NFO,05/08/2024,13:38:21,24254.5,24251,500,24254.8,200,25,1233275
NIFTY-II.NFO,05/08/2024,13:38:22,24251,24246.05,250,24249.25,250,500,1233275
NIFTY-II.NFO,05/08/2024,13:38:24,24245.05,24246.1,275,24251.6,125,50,1233275
NIFTY-II.NFO,05/08/2024,13:38:26,24245.05,24246.15,200,24250.6,125,0,1233275
NIFTY-II.NFO,05/08/2024,13:38:27,24245.05,24246.45,200,24250.2,250,0,1233275
NIFTY-II.NFO,05/08/2024,13:38:29,24245.05,24244.65,250,24248.5,250,0,1233275
NIFTY-II.NFO,05/08/2024,13:38:31,24245.05,24243.2,25,24246.35,50,0,1233275
NIFTY-II.NFO,05/08/2024,13:38:32,24245.05,24240,225,24243.75,50,0,1233275
NIFTY-II.NFO,05/08/2024,13:38:34,24245.05,24241.95,50,24245.25,50,0,1233275
NIFTY-II.NFO,05/08/2024,13:38:36,24245.05,24241.2,50,24244.3,450,0,1233275
NIFTY-II.NFO,05/08/2024,13:38:38,24245.05,24240.55,250,24243.6,200,0,1233275
NIFTY-II.NFO,05/08/2024,13:38:39,24243.65,24240.85,50,24244.2,50,25,1233275
NIFTY-II.NFO,05/08/2024,13:38:41,24242.95,24239.05,450,24242.5,250,75,1233275
NIFTY-II.NFO,05/08/2024,13:38:43,24242.95,24239.8,200,24243.55,250,0,1233275
NIFTY-II.NFO,05/08/2024,13:38:44,24242.95,24241.2,50,24244.9,250,0,1233275
NIFTY-II.NFO,05/08/2024,13:38:46,24242.95,24239.5,50,24241.9,450,0,1233275
NIFTY-II.NFO,05/08/2024,13:38:48,24242.95,24236.35,50,24239.05,200,0,1233275
NIFTY-II.NFO,05/08/2024,13:38:49,24239.85,24237.35,25,24240,25,25,1233275
NIFTY-II.NFO,05/08/2024,13:38:51,24239.85,24235.85,50,24238,200,0,1233275
NIFTY-II.NFO,05/08/2024,13:38:53,24228.7,24226.65,25,24230.05,50,125,1233275
NIFTY-II.NFO,05/08/2024,13:38:54,24233,24228.5,300,24233.05,50,50,1233275
NIFTY-II.NFO,05/08/2024,13:38:56,24233,24231.15,200,24235.75,75,0,1233275
NIFTY-II.NFO,05/08/2024,13:38:58,24231.45,24231,500,24235,50,125,1233275
NIFTY-II.NFO,05/08/2024,13:38:59,24232.15,24231.1,200,24235,50,50,1233275
NIFTY-II.NFO,05/08/2024,13:39:01,24235,24235.15,275,24239.05,75,75,1233275
NIFTY-II.NFO,05/08/2024,13:39:03,24235,24234.35,200,24238.4,75,0,1233275
NIFTY-II.NFO,05/08/2024,13:39:04,24239.05,24238.85,275,24240,25,75,1233275
NIFTY-II.NFO,05/08/2024,13:39:06,24240,24238.4,275,24242,25,75,1233275
NIFTY-II.NFO,05/08/2024,13:39:08,24240,24239.55,250,24242,25,0,1233275
NIFTY-II.NFO,05/08/2024,13:39:09,24240,24235.05,200,24240.1,125,0,1233275
NIFTY-II.NFO,05/08/2024,13:39:11,24240,24235.75,250,24239.95,125,0,1233275
NIFTY-II.NFO,05/08/2024,13:39:13,24240,24236.2,25,24240,25,0,1233275
NIFTY-II.NFO,05/08/2024,13:39:14,24240,24235.4,200,24239.75,125,0,1233275
NIFTY-II.NFO,05/08/2024,13:39:16,24240,24239.8,25,24241.65,75,0,1233275
NIFTY-II.NFO,05/08/2024,13:39:18,24240,24237.4,200,24241.75,250,0,1233275
NIFTY-II.NFO,05/08/2024,13:39:19,24242,24240.8,200,24245.45,75,50,1233275
NIFTY-II.NFO,05/08/2024,13:39:21,24243.1,24243.55,150,24249,225,125,1233275
NIFTY-II.NFO,05/08/2024,13:39:22,24243.1,24241.95,250,24246,25,0,1233275
NIFTY-II.NFO,05/08/2024,13:39:24,24243.1,24245.05,225,24249.5,50,0,1233275
NIFTY-II.NFO,05/08/2024,13:39:26,24243.1,24245,225,24250.35,200,0,1233275
NIFTY-II.NFO,05/08/2024,13:39:27,24243.1,24244.2,225,24249.4,200,0,1233275
NIFTY-II.NFO,05/08/2024,13:39:29,24243.1,24243.9,25,24248.45,275,0,1233275
NIFTY-II.NFO,05/08/2024,13:39:31,24243.1,24244.1,225,24249.4,200,0,1233275
NIFTY-II.NFO,05/08/2024,13:39:32,24243.1,24243.1,150,24245.75,200,0,1233275
NIFTY-II.NFO,05/08/2024,13:39:34,24243.1,24243.55,150,24248.95,200,0,1233275
NIFTY-II.NFO,05/08/2024,13:39:36,24243.1,24245.05,25,24249.25,200,0,1233275
NIFTY-II.NFO,05/08/2024,13:39:37,24243.1,24244.1,25,24247.5,200,0,1233275
NIFTY-II.NFO,05/08/2024,13:39:39,24244.1,24244.05,25,24247,200,50,1233275
NIFTY-II.NFO,05/08/2024,13:39:41,24244.1,24244.05,25,24247.1,250,0,1233275
NIFTY-II.NFO,05/08/2024,13:39:42,24247.35,24244.05,25,24247.75,100,375,1233275
NIFTY-II.NFO,05/08/2024,13:39:44,24247.35,24244.1,275,24248.95,100,0,1233275
NIFTY-II.NFO,05/08/2024,13:39:46,24248.95,24244.6,25,24249,50,100,1233275
NIFTY-II.NFO,05/08/2024,13:39:47,24248.6,24244.55,325,24249,50,25,1233275
NIFTY-II.NFO,05/08/2024,13:39:49,24248.6,24244.45,275,24249,50,0,1233275
NIFTY-II.NFO,05/08/2024,13:39:51,24249,24244.45,75,24249,75,25,1233275
NIFTY-II.NFO,05/08/2024,13:39:52,24249,24245.3,200,24249,25,0,1233275
NIFTY-II.NFO,05/08/2024,13:39:54,24247.15,24247.15,275,24249,25,25,1233275
NIFTY-II.NFO,05/08/2024,13:39:56,24247.15,24247.5,25,24249,25,0,1233275
NIFTY-II.NFO,05/08/2024,13:39:57,24247.15,24248.25,250,24249,25,0,1233275
NIFTY-II.NFO,05/08/2024,13:39:59,24254.9,24251,50,24254.7,75,100,1233275
NIFTY-II.NFO,05/08/2024,13:40:01,24254.6,24254.6,75,24255,25,125,1233275
NIFTY-II.NFO,05/08/2024,13:40:02,24254.35,24253.4,50,24255,25,50,1233275
NIFTY-II.NFO,05/08/2024,13:40:04,24254.35,24254.7,50,24255,25,0,1233275
NIFTY-II.NFO,05/08/2024,13:40:06,24257.25,24254.7,25,24255.9,75,200,1233275
NIFTY-II.NFO,05/08/2024,13:40:07,24254.7,24249.8,200,24255.85,125,25,1233275
NIFTY-II.NFO,05/08/2024,13:40:09,24254.7,24254.7,25,24259,25,0,1233275
NIFTY-II.NFO,05/08/2024,13:40:11,24258.05,24254.7,25,24259,25,25,1233275
NIFTY-II.NFO,05/08/2024,13:40:12,24258.05,24254.7,25,24259,25,0,1233275
NIFTY-II.NFO,05/08/2024,13:40:14,24258.05,24254.7,100,24259,25,0,1233275
NIFTY-II.NFO,05/08/2024,13:40:15,24258.05,24255.1,275,24259,25,0,1233275
NIFTY-II.NFO,05/08/2024,13:40:17,24255.55,24255.6,200,24259,25,250,1233250
NIFTY-II.NFO,05/08/2024,13:40:19,24255.55,24254.75,200,24258,300,0,1233250
NIFTY-II.NFO,05/08/2024,13:40:19,24255.55,24254.75,275,24258,300,0,1233250
NIFTY-II.NFO,05/08/2024,13:40:20,24255.55,24255.3,200,24258,300,0,1233250
NIFTY-II.NFO,05/08/2024,13:40:22,24258,24258.25,275,24259,25,300,1233250
NIFTY-II.NFO,05/08/2024,13:40:24,24263.45,24261.25,275,24264,75,575,1233250
NIFTY-II.NFO,05/08/2024,13:40:25,24264,24264.5,50,24265,25,75,1233250
NIFTY-II.NFO,05/08/2024,13:40:27,24264,24261.95,275,24265,25,0,1233250
NIFTY-II.NFO,05/08/2024,13:40:29,24262.25,24263.2,150,24264,50,1025,1233250
NIFTY-II.NFO,05/08/2024,13:40:30,24264,24262.35,250,24264,25,25,1233250
NIFTY-II.NFO,05/08/2024,13:40:32,24264,24264,250,24265,25,25,1233250
NIFTY-II.NFO,05/08/2024,13:40:34,24269.05,24265.55,25,24269.05,75,100,1233250
NIFTY-II.NFO,05/08/2024,13:40:35,24269.05,24265.5,25,24269.05,75,0,1233250
NIFTY-II.NFO,05/08/2024,13:40:37,24269.05,24267.3,150,24269.05,50,25,1233250
NIFTY-II.NFO,05/08/2024,13:40:39,24266.55,24266.95,125,24269.05,25,50,1233250
NIFTY-II.NFO,05/08/2024,13:40:40,24266.55,24263.7,250,24268.05,50,0,1233250
NIFTY-II.NFO,05/08/2024,13:40:42,24269.15,24264.6,250,24269.3,200,100,1233250
NIFTY-II.NFO,05/08/2024,13:40:44,24269.5,24266.35,75,24269.75,25,50,1233250
NIFTY-II.NFO,05/08/2024,13:40:45,24269.75,24268.9,125,24270,775,25,1233250
NIFTY-II.NFO,05/08/2024,13:40:47,24270,24269.75,50,24270,725,75,1233250
NIFTY-II.NFO,05/08/2024,13:40:49,24270.25,24270.4,200,24273,25,750,1233250
NIFTY-II.NFO,05/08/2024,13:40:51,24273,24271.8,100,24274.9,275,50,1233250
NIFTY-II.NFO,05/08/2024,13:40:52,24273,24269.75,50,24274,275,0,1233250
NIFTY-II.NFO,05/08/2024,13:40:54,24274.15,24269.75,50,24274.65,325,25,1233250
NIFTY-II.NFO,05/08/2024,13:40:56,24274.85,24270.9,125,24274.9,125,175,1233250
NIFTY-II.NFO,05/08/2024,13:40:57,24274.85,24271.55,125,24274.9,125,0,1233250
NIFTY-II.NFO,05/08/2024,13:40:59,24274.85,24270.4,50,24274.85,200,0,1233250
NIFTY-II.NFO,05/08/2024,13:41:01,24274.35,24270.4,75,24274.85,200,25,1233250
NIFTY-II.NFO,05/08/2024,13:41:02,24274.35,24270.9,75,24274.9,125,0,1233250
NIFTY-II.NFO,05/08/2024,13:41:04,24274.35,24274,25,24274.9,125,0,1233250
NIFTY-II.NFO,05/08/2024,13:41:05,24275,24275.75,125,24275.95,25,425,1233250
NIFTY-II.NFO,05/08/2024,13:41:07,24274.4,24273.25,75,24275.95,25,25,1233250
NIFTY-II.NFO,05/08/2024,13:41:09,24274,24274.3,75,24275.95,25,25,1233250
NIFTY-II.NFO,05/08/2024,13:41:10,24275,24270.95,75,24275.3,200,50,1233250
NIFTY-II.NFO,05/08/2024,13:41:12,24275,24271.25,200,24275.95,25,325,1233250
NIFTY-II.NFO,05/08/2024,13:41:14,24274.25,24273.85,125,24275.95,25,50,1233250
NIFTY-II.NFO,05/08/2024,13:41:15,24279,24278.9,250,24279.95,100,150,1233250
NIFTY-II.NFO,05/08/2024,13:41:17,24279.95,24279.1,125,24279.95,50,125,1233250
NIFTY-II.NFO,05/08/2024,13:41:19,24280,24276.4,25,24282.4,50,125,1233250
NIFTY-II.NFO,05/08/2024,13:41:20,24282.4,24276,200,24282.4,125,50,1233250
NIFTY-II.NFO,05/08/2024,13:41:22,24279.95,24278.1,125,24282.45,50,25,1233250
NIFTY-II.NFO,05/08/2024,13:41:24,24279.95,24279.7,125,24282.65,25,0,1233250
NIFTY-II.NFO,05/08/2024,13:41:25,24279.95,24279.05,125,24282.65,25,0,1233250
NIFTY-II.NFO,05/08/2024,13:41:27,24279.95,24277.85,75,24279.95,25,0,1233250
NIFTY-II.NFO,05/08/2024,13:41:29,24282.95,24280,25,24283.5,75,175,1233250
NIFTY-II.NFO,05/08/2024,13:41:30,24280,24278.3,275,24284.8,125,25,1233250
NIFTY-II.NFO,05/08/2024,13:41:32,24280,24280.1,25,24284.8,50,0,1233250
NIFTY-II.NFO,05/08/2024,13:41:34,24280,24279.6,100,24284.8,50,0,1233250
NIFTY-II.NFO,05/08/2024,13:41:35,24282,24281.35,200,24285,100,25,1233250
NIFTY-II.NFO,05/08/2024,13:41:37,24287,24285.2,225,24287,375,325,1233250
NIFTY-II.NFO,05/08/2024,13:41:39,24287.15,24288.15,200,24289.8,25,450,1233250
NIFTY-II.NFO,05/08/2024,13:41:40,24291.1,24282.7,50,24289.75,75,100,1233250
NIFTY-II.NFO,05/08/2024,13:41:42,24282.7,24280.85,200,24287.75,325,50,1233250
NIFTY-II.NFO,05/08/2024,13:41:44,24282.7,24280.85,200,24287.7,125,0,1233250
NIFTY-II.NFO,05/08/2024,13:41:45,24281.2,24280.65,200,24285.5,25,25,1233250
NIFTY-II.NFO,05/08/2024,13:41:47,24285.5,24282.7,25,24287.25,125,25,1233250
NIFTY-II.NFO,05/08/2024,13:41:49,24278.1,24278.25,200,24283.2,225,200,1233250
NIFTY-II.NFO,05/08/2024,13:41:50,24283.25,24278.25,200,24283.25,100,250,1233250
NIFTY-II.NFO,05/08/2024,13:41:52,24283.25,24275.75,200,24283.25,125,0,1233250
NIFTY-II.NFO,05/08/2024,13:41:54,24275.1,24275.35,200,24281.15,75,25,1233250
NIFTY-II.NFO,05/08/2024,13:41:55,24275.1,24275,25,24279.8,100,0,1233250
NIFTY-II.NFO,05/08/2024,13:41:57,24275.1,24275,25,24276.35,25,0,1233250
NIFTY-II.NFO,05/08/2024,13:41:59,24270,24269.75,50,24270.4,50,50,1233250
NIFTY-II.NFO,05/08/2024,13:42:00,24261.15,24260,25,24261.3,225,175,1233250
NIFTY-II.NFO,05/08/2024,13:42:02,24266.6,24263.1,200,24269,125,150,1233250
NIFTY-II.NFO,05/08/2024,13:42:04,24266.6,24266.1,200,24270.75,25,0,1233250
NIFTY-II.NFO,05/08/2024,13:42:05,24267.7,24265.05,25,24269.85,150,50,1233250
NIFTY-II.NFO,05/08/2024,13:42:07,24267.7,24262.45,200,24267.5,50,0,1233250
NIFTY-II.NFO,05/08/2024,13:42:09,24267.7,24262.1,200,24267,125,0,1233250
NIFTY-II.NFO,05/08/2024,13:42:10,24267.7,24261.1,200,24266.5,50,0,1233250
NIFTY-II.NFO,05/08/2024,13:42:12,24267.7,24256.6,200,24263.1,150,0,1233250
NIFTY-II.NFO,05/08/2024,13:42:14,24262.7,24260.05,25,24263.35,50,25,1233250
NIFTY-II.NFO,05/08/2024,13:42:15,24262.7,24258.7,200,24263.4,50,0,1233250
NIFTY-II.NFO,05/08/2024,13:42:17,24265.65,24261.1,200,24265.65,50,125,1233250
NIFTY-II.NFO,05/08/2024,13:42:19,24265.65,24261.1,200,24265.95,175,0,1233250
NIFTY-II.NFO,05/08/2024,13:42:20,24261.1,24256.95,200,24262.65,150,25,1233250
NIFTY-II.NFO,05/08/2024,13:42:22,24261.1,24254.7,25,24257.05,50,0,1233250
NIFTY-II.NFO,05/08/2024,13:42:23,24257.05,24254.75,200,24258.9,25,25,1233250
NIFTY-II.NFO,05/08/2024,13:42:25,24257.05,24258.25,25,24258.9,25,0,1233250
NIFTY-II.NFO,05/08/2024,13:42:27,24256.1,24255.65,200,24261,175,75,1233250
NIFTY-II.NFO,05/08/2024,13:42:28,24256.1,24256,200,24260,25,0,1233250
NIFTY-II.NFO,05/08/2024,13:42:30,24262.1,24256.6,450,24262.4,50,125,1233250
NIFTY-II.NFO,05/08/2024,13:42:32,24262.1,24258.4,200,24263.6,200,0,1233250
NIFTY-II.NFO,05/08/2024,13:42:33,24262.1,24258.6,200,24260,25,0,1233250
NIFTY-II.NFO,05/08/2024,13:42:35,24260,24258.55,200,24263.05,25,25,1233250
NIFTY-II.NFO,05/08/2024,13:42:37,24260,24261.8,200,24263.05,25,0,1233250
NIFTY-II.NFO,05/08/2024,13:42:38,24265.75,24260.75,200,24266.1,200,50,1233250
NIFTY-II.NFO,05/08/2024,13:42:40,24265.75,24260.4,200,24265.3,250,0,1233250
NIFTY-II.NFO,05/08/2024,13:42:42,24260.55,24264.4,200,24268.95,50,50,1233250
NIFTY-II.NFO,05/08/2024,13:42:43,24260.55,24267.9,200,24270,50,0,1233250
NIFTY-II.NFO,05/08/2024,13:42:45,24274.55,24266.75,200,24272.05,250,100,1233250
NIFTY-II.NFO,05/08/2024,13:42:47,24274.55,24263.8,425,24269.3,300,0,1233250
NIFTY-II.NFO,05/08/2024,13:42:48,24274.55,24265.85,200,24270.1,50,0,1233250
NIFTY-II.NFO,05/08/2024,13:42:50,24274.55,24266.55,200,24271,250,0,1233250
NIFTY-II.NFO,05/08/2024,13:42:52,24270.05,24265.2,200,24271.1,125,175,1233250
NIFTY-II.NFO,05/08/2024,13:42:53,24270.05,24266.1,200,24272.45,50,0,1233250
NIFTY-II.NFO,05/08/2024,13:42:55,24270.05,24267.35,200,24273.2,125,0,1233250
NIFTY-II.NFO,05/08/2024,13:42:57,24270.05,24268.45,350,24274.6,125,0,1233250
NIFTY-II.NFO,05/08/2024,13:42:58,24275,24267.5,275,24275.5,50,1025,1233250
NIFTY-II.NFO,05/08/2024,13:43:00,24275,24267.1,200,24274.2,50,0,1233250
NIFTY-II.NFO,05/08/2024,13:43:02,24271.45,24263.6,325,24269.45,50,25,1233250
NIFTY-II.NFO,05/08/2024,13:43:04,24271.45,24266,150,24271.5,375,0,1233250
NIFTY-II.NFO,05/08/2024,13:43:05,24271.45,24266,150,24272.45,50,0,1233250
NIFTY-II.NFO,05/08/2024,13:43:07,24271.45,24266.05,200,24272.2,50,0,1233250
NIFTY-II.NFO,05/08/2024,13:43:08,24271.45,24267.45,75,24274.2,50,0,1233250
NIFTY-II.NFO,05/08/2024,13:43:10,24271.45,24266.1,275,24272.7,50,0,1233250
NIFTY-II.NFO,05/08/2024,13:43:12,24271.05,24266,150,24272,50,75,1233250
NIFTY-II.NFO,05/08/2024,13:43:13,24271.05,24267.4,175,24273.7,50,0,1233250
NIFTY-II.NFO,05/08/2024,13:43:15,24271.05,24267.5,75,24271,25,0,1233250
NIFTY-II.NFO,05/08/2024,13:43:17,24271.05,24266.2,200,24271,25,0,1233250
NIFTY-II.NFO,05/08/2024,13:43:18,24266.2,24265.05,25,24269.45,75,25,1231650
NIFTY-II.NFO,05/08/2024,13:43:20,24269.45,24266.05,100,24270.7,50,50,1231650
NIFTY-II.NFO,05/08/2024,13:43:21,24264.6,24264.45,175,24270.3,125,250,1231650
NIFTY-II.NFO,05/08/2024,13:43:23,24264.7,24260.75,275,24265.65,50,25,1231650
NIFTY-II.NFO,05/08/2024,13:43:25,24266.2,24265.9,175,24270.5,75,25,1231650
NIFTY-II.NFO,05/08/2024,13:43:26,24266.2,24263.95,275,24268.8,50,0,1231650
NIFTY-II.NFO,05/08/2024,13:43:28,24266.2,24263.3,275,24268.75,25,0,1231650
NIFTY-II.NFO,05/08/2024,13:43:30,24266.2,24264.6,25,24266.1,25,0,1231650
NIFTY-II.NFO,05/08/2024,13:43:31,24264.6,24259.5,275,24265.1,100,25,1231650
NIFTY-II.NFO,05/08/2024,13:43:33,24265.1,24259.1,200,24265.65,125,25,1231650
NIFTY-II.NFO,05/08/2024,13:43:35,24259.1,24258.4,25,24262.45,100,25,1231650
NIFTY-II.NFO,05/08/2024,13:43:36,24262.75,24258.4,25,24262.75,350,100,1231650
NIFTY-II.NFO,05/08/2024,13:43:38,24262.75,24258.6,275,24265.25,125,0,1231650
NIFTY-II.NFO,05/08/2024,13:43:40,24265.5,24258.4,25,24263.65,300,50,1231650
NIFTY-II.NFO,05/08/2024,13:43:41,24265.5,24258.4,25,24262.5,300,0,1231650
NIFTY-II.NFO,05/08/2024,13:43:43,24262.9,24258.4,25,24261.7,375,25,1231650
NIFTY-II.NFO,05/08/2024,13:43:45,24257.1,24256.15,200,24260,75,50,1231650
NIFTY-II.NFO,05/08/2024,13:43:46,24257.1,24255,825,24258.85,150,0,1231650
NIFTY-II.NFO,05/08/2024,13:43:48,24257.1,24255,825,24258.4,75,0,1231650
NIFTY-II.NFO,05/08/2024,13:43:50,24257.1,24255.05,200,24258.4,25,0,1231650
NIFTY-II.NFO,05/08/2024,13:43:51,24257.1,24255,25,24258.4,75,0,1231650
NIFTY-II.NFO,05/08/2024,13:43:53,24254.1,24253.3,200,24255,100,75,1231650
NIFTY-II.NFO,05/08/2024,13:43:55,24258.4,24254.4,275,24259.95,200,150,1231650
NIFTY-II.NFO,05/08/2024,13:43:56,24260,24258.1,200,24262.95,50,100,1231650
NIFTY-II.NFO,05/08/2024,13:43:58,24260,24256.25,275,24262.35,125,0,1231650
NIFTY-II.NFO,05/08/2024,13:44:00,24260,24254.75,200,24260.95,275,0,1231650
NIFTY-II.NFO,05/08/2024,13:44:01,24258.7,24252.55,275,24259.3,375,50,1231650
NIFTY-II.NFO,05/08/2024,13:44:03,24258.65,24253.75,275,24259.9,375,25,1231650
NIFTY-II.NFO,05/08/2024,13:44:05,24261.95,24255.25,200,24261.25,375,50,1231650
NIFTY-II.NFO,05/08/2024,13:44:06,24261.95,24258,25,24259.2,300,0,1231650
NIFTY-II.NFO,05/08/2024,13:44:08,24257.2,24251.7,200,24257.2,150,100,1231650
NIFTY-II.NFO,05/08/2024,13:44:10,24257.45,24252.45,200,24258.3,375,25,1231650
NIFTY-II.NFO,05/08/2024,13:44:11,24255,24251.15,200,24256.4,125,25,1231650
NIFTY-II.NFO,05/08/2024,13:44:13,24251.15,24251.2,200,24257.7,175,50,1231650
NIFTY-II.NFO,05/08/2024,13:44:15,24251.15,24251.15,200,24256.2,175,75,1231650
NIFTY-II.NFO,05/08/2024,13:44:16,24251.15,24251.15,275,24256.25,225,50,1231650
NIFTY-II.NFO,05/08/2024,13:44:18,24251.3,24252.25,100,24258.4,250,500,1231650
NIFTY-II.NFO,05/08/2024,13:44:20,24251.3,24253.05,25,24258.4,325,0,1231650
NIFTY-II.NFO,05/08/2024,13:44:21,24251.3,24252.3,25,24259.6,250,0,1231650
NIFTY-II.NFO,05/08/2024,13:44:23,24251.3,24252.05,25,24258.55,275,0,1231650
NIFTY-II.NFO,05/08/2024,13:44:25,24251.7,24251.95,125,24258.5,250,100,1231650
NIFTY-II.NFO,05/08/2024,13:44:26,24251.7,24254.15,125,24259.95,275,0,1231650
NIFTY-II.NFO,05/08/2024,13:44:28,24259.95,24252,100,24258.95,325,25,1231650
NIFTY-II.NFO,05/08/2024,13:44:30,24259.95,24251.15,25,24257.8,250,0,1231650
NIFTY-II.NFO,05/08/2024,13:44:31,24256.6,24251.25,175,24257.25,325,150,1231650
NIFTY-II.NFO,05/08/2024,13:44:33,24256.6,24253,175,24259.05,325,0,1231650
NIFTY-II.NFO,05/08/2024,13:44:35,24256.6,24251.1,25,24257.1,325,0,1231650
NIFTY-II.NFO,05/08/2024,13:44:36,24252.1,24252.3,225,24258.4,325,25,1231650
NIFTY-II.NFO,05/08/2024,13:44:38,24252.1,24251.15,150,24257.2,250,0,1231650
NIFTY-II.NFO,05/08/2024,13:44:40,24251.2,24251.1,25,24256.45,250,25,1231650
NIFTY-II.NFO,05/08/2024,13:44:41,24256.4,24251.1,25,24256.4,250,175,1231650
NIFTY-II.NFO,05/08/2024,13:44:43,24256.35,24251.75,275,24257.75,125,175,1231650
NIFTY-II.NFO,05/08/2024,13:44:44,24256.35,24251.65,200,24257.75,125,0,1231650
NIFTY-II.NFO,05/08/2024,13:44:46,24251.6,24251.2,25,24254.7,75,50,1231650
NIFTY-II.NFO,05/08/2024,13:44:48,24251,24248,25,24253.05,125,125,1231650
NIFTY-II.NFO,05/08/2024,13:44:49,24252.15,24252.1,25,24257,125,50,1231650
NIFTY-II.NFO,05/08/2024,13:44:51,24250.3,24250.2,200,24257,75,50,1231650
NIFTY-II.NFO,05/08/2024,13:44:53,24250.7,24251.8,150,24258.2,200,350,1231650
NIFTY-II.NFO,05/08/2024,13:44:54,24252.2,24252.3,50,24258.4,325,25,1231650
NIFTY-II.NFO,05/08/2024,13:44:56,24249.95,24248.6,125,24253.95,275,75,1231650
NIFTY-II.NFO,05/08/2024,13:44:58,24248.05,24248,25,24253.95,275,75,1231650
NIFTY-II.NFO,05/08/2024,13:44:59,24250,24250,25,24253.95,325,25,1231650
NIFTY-II.NFO,05/08/2024,13:45:01,24251.8,24248,25,24251.8,200,175,1231650
NIFTY-II.NFO,05/08/2024,13:45:03,24245,24243,75,24245,150,100,1231650
NIFTY-II.NFO,05/08/2024,13:45:04,24242.85,24242,50,24245,150,25,1231650
NIFTY-II.NFO,05/08/2024,13:45:06,24242.6,24242.6,75,24245,125,225,1231650
NIFTY-II.NFO,05/08/2024,13:45:08,24242,24241.65,250,24242.85,25,25,1231650
NIFTY-II.NFO,05/08/2024,13:45:09,24243.75,24242.55,175,24245,125,50,1231650
NIFTY-II.NFO,05/08/2024,13:45:11,24242.95,24242.6,175,24245,125,50,1231650
NIFTY-II.NFO,05/08/2024,13:45:13,24240,24239.65,50,24244.95,275,75,1231650
NIFTY-II.NFO,05/08/2024,13:45:14,24244.95,24240.6,25,24245,125,300,1231650
NIFTY-II.NFO,05/08/2024,13:45:16,24240.1,24239.35,125,24244.95,275,50,1231650
NIFTY-II.NFO,05/08/2024,13:45:18,24238.05,24236.05,100,24241.85,50,25,1231650
NIFTY-II.NFO,05/08/2024,13:45:19,24241.2,24241.2,25,24244.95,50,50,1231650
NIFTY-II.NFO,05/08/2024,13:45:21,24242.75,24242.95,50,24244.95,50,50,1231650
NIFTY-II.NFO,05/08/2024,13:45:23,24240.7,24240.7,50,24244.95,50,50,1231650
NIFTY-II.NFO,05/08/2024,13:45:24,24242.3,24242.1,50,24244.95,50,250,1231650
NIFTY-II.NFO,05/08/2024,13:45:26,24244.95,24241.5,50,24244.95,25,25,1231650
NIFTY-II.NFO,05/08/2024,13:45:28,24240.8,24240.9,50,24245,125,50,1231650
NIFTY-II.NFO,05/08/2024,13:45:29,24240.8,24240.2,25,24244.65,275,0,1231650
NIFTY-II.NFO,05/08/2024,13:45:31,24240,24241,25,24244.95,275,50,1231650
NIFTY-II.NFO,05/08/2024,13:45:33,24240.2,24240.3,50,24245,125,50,1231650
NIFTY-II.NFO,05/08/2024,13:45:34,24244.65,24240.35,50,24244.95,25,25,1231650
NIFTY-II.NFO,05/08/2024,13:45:36,24244.65,24242.05,50,24244.95,25,0,1231650
NIFTY-II.NFO,05/08/2024,13:45:38,24243.8,24243.8,300,24244.95,25,25,1231650
NIFTY-II.NFO,05/08/2024,13:45:39,24245.15,24245.65,50,24250,25,175,1231650
NIFTY-II.NFO,05/08/2024,13:45:41,24250,24246.35,75,24252,50,50,1231650
NIFTY-II.NFO,05/08/2024,13:45:43,24247.95,24243.1,50,24251.15,200,50,1231650
NIFTY-II.NFO,05/08/2024,13:45:44,24247.05,24248.05,50,24252,25,25,1231650
NIFTY-II.NFO,05/08/2024,13:45:46,24247.05,24244.8,50,24251.05,200,0,1231650
NIFTY-II.NFO,05/08/2024,13:45:48,24244.95,24243.25,50,24249.95,200,25,1231650
NIFTY-II.NFO,05/08/2024,13:45:49,24244.95,24243.15,50,24249.7,275,0,1231650
NIFTY-II.NFO,05/08/2024,13:45:51,24244.95,24246.7,50,24250,25,0,1231650
NIFTY-II.NFO,05/08/2024,13:45:53,24244.95,24245.55,50,24250,50,0,1231650
NIFTY-II.NFO,05/08/2024,13:45:54,24244.95,24245.4,50,24249.95,200,0,1231650
NIFTY-II.NFO,05/08/2024,13:45:56,24245.4,24245.45,50,24250,50,50,1231650
NIFTY-II.NFO,05/08/2024,13:45:57,24245.4,24246.1,50,24250,50,0,1231650
NIFTY-II.NFO,05/08/2024,13:45:59,24245.4,24242.85,50,24248.85,200,0,1231650
NIFTY-II.NFO,05/08/2024,13:46:01,24245.4,24243.05,25,24248.35,200,0,1231650
NIFTY-II.NFO,05/08/2024,13:46:02,24245.4,24242,25,24246.5,125,0,1231650
NIFTY-II.NFO,05/08/2024,13:46:04,24245.4,24243.3,50,24249.6,275,0,1231650
NIFTY-II.NFO,05/08/2024,13:46:06,24245.4,24242,25,24245.95,200,0,1231650
NIFTY-II.NFO,05/08/2024,13:46:07,24245.4,24245,25,24248.35,275,0,1231650
NIFTY-II.NFO,05/08/2024,13:46:09,24241.05,24240.2,25,24245.7,325,75,1231650
NIFTY-II.NFO,05/08/2024,13:46:11,24240,24237.25,25,24242.25,325,25,1231650
NIFTY-II.NFO,05/08/2024,13:46:12,24240,24241.15,75,24246.4,275,0,1231650
NIFTY-II.NFO,05/08/2024,13:46:14,24243.4,24238.15,25,24243.8,200,25,1231650
NIFTY-II.NFO,05/08/2024,13:46:15,24243.4,24236.85,75,24243.1,200,0,1231650
NIFTY-II.NFO,05/08/2024,13:46:17,24243.1,24239.05,25,24244.05,275,25,1231650
NIFTY-II.NFO,05/08/2024,13:46:19,24243.1,24241.1,25,24246.6,325,0,1231650
NIFTY-II.NFO,05/08/2024,13:46:20,24243.05,24242.25,300,24245,25,125,1230800
NIFTY-II.NFO,05/08/2024,13:46:22,24245,24242.95,125,24247.05,25,50,1230800
NIFTY-II.NFO,05/08/2024,13:46:24,24243.9,24243.05,200,24247.05,25,50,1230800
NIFTY-II.NFO,05/08/2024,13:46:25,24247.05,24243.3,75,24249.2,275,25,1230800
NIFTY-II.NFO,05/08/2024,13:46:27,24247.05,24244,125,24248,25,0,1230800
NIFTY-II.NFO,05/08/2024,13:46:29,24247.05,24242.2,150,24247.8,275,0,1230800
NIFTY-II.NFO,05/08/2024,13:46:30,24247.05,24243.55,125,24247.95,200,0,1230800
NIFTY-II.NFO,05/08/2024,13:46:32,24247.95,24243.65,25,24248,25,25,1230800
NIFTY-II.NFO,05/08/2024,13:46:34,24247.95,24243.6,50,24248,25,25,1230800
NIFTY-II.NFO,05/08/2024,13:46:35,24247.95,24243.6,50,24248,25,0,1230800
NIFTY-II.NFO,05/08/2024,13:46:37,24244.35,24244.5,250,24248,25,275,1230800
NIFTY-II.NFO,05/08/2024,13:46:39,24243.25,24243.7,75,24248,25,250,1230800
NIFTY-II.NFO,05/08/2024,13:46:40,24243.25,24243.9,175,24248,25,0,1230800
NIFTY-II.NFO,05/08/2024,13:46:42,24243.25,24245.4,175,24248,25,0,1230800
NIFTY-II.NFO,05/08/2024,13:46:44,24250,24249.25,175,24252,25,75,1230800
NIFTY-II.NFO,05/08/2024,13:46:45,24252,24249.05,75,24253.95,275,25,1230800
NIFTY-II.NFO,05/08/2024,13:46:47,24252,24248.75,175,24253.95,200,0,1230800
NIFTY-II.NFO,05/08/2024,13:46:49,24252,24249.3,75,24253.95,200,0,1230800
NIFTY-II.NFO,05/08/2024,13:46:50,24252,24251.8,175,24254,25,0,1230800
NIFTY-II.NFO,05/08/2024,13:46:52,24259.25,24255.15,150,24258.9,75,75,1230800
NIFTY-II.NFO,05/08/2024,13:46:54,24259.25,24258.45,300,24260,175,0,1230800
NIFTY-II.NFO,05/08/2024,13:46:55,24260,24257.4,175,24260,25,250,1230800
NIFTY-II.NFO,05/08/2024,13:46:57,24260,24257.05,75,24260,25,0,1230800
NIFTY-II.NFO,05/08/2024,13:46:59,24260,24258.4,75,24260,25,0,1230800
NIFTY-II.NFO,05/08/2024,13:47:00,24260,24258.55,300,24260,25,0,1230800
NIFTY-II.NFO,05/08/2024,13:47:02,24260.75,24260.65,150,24265.75,200,250,1230800
NIFTY-II.NFO,05/08/2024,13:47:04,24264.9,24260.1,75,24266,275,25,1230800
NIFTY-II.NFO,05/08/2024,13:47:05,24264.9,24261.1,75,24266.65,275,0,1230800
NIFTY-II.NFO,05/08/2024,13:47:07,24266.35,24260.35,50,24266.25,200,50,1230800
NIFTY-II.NFO,05/08/2024,13:47:09,24267.05,24262.05,25,24267.15,275,50,1230800
NIFTY-II.NFO,05/08/2024,13:47:10,24262.05,24261.3,175,24267.05,200,25,1230800
NIFTY-II.NFO,05/08/2024,13:47:12,24262.05,24260,250,24264.55,200,0,1230800
NIFTY-II.NFO,05/08/2024,13:47:14,24262.05,24262.05,25,24267.95,200,0,1230800
NIFTY-II.NFO,05/08/2024,13:47:15,24262.05,24262.05,25,24267.65,275,0,1230800
NIFTY-II.NFO,05/08/2024,13:47:17,24262.05,24262.05,25,24266.75,200,25,1230800
NIFTY-II.NFO,05/08/2024,13:47:19,24267.7,24261.5,200,24267.85,200,25,1230800
NIFTY-II.NFO,05/08/2024,13:47:20,24267.7,24261.1,200,24266.8,275,0,1230800
NIFTY-II.NFO,05/08/2024,13:47:22,24262.05,24262.1,175,24267.85,200,25,1230800
NIFTY-II.NFO,05/08/2024,13:47:24,24263.6,24263.05,25,24267.65,200,150,1230800
NIFTY-II.NFO,05/08/2024,13:47:25,24263.6,24263.05,25,24267.35,275,0,1230800
NIFTY-II.NFO,05/08/2024,13:47:27,24263.05,24260.55,150,24266.85,200,25,1230800
NIFTY-II.NFO,05/08/2024,13:47:29,24263.05,24263.05,75,24267.65,200,0,1230800
NIFTY-II.NFO,05/08/2024,13:47:30,24264.05,24263.05,25,24267.65,200,25,1230800
NIFTY-II.NFO,05/08/2024,13:47:32,24264.05,24263.05,25,24267.55,200,0,1230800
NIFTY-II.NFO,05/08/2024,13:47:34,24268.15,24263.1,275,24268.7,175,500,1230800
NIFTY-II.NFO,05/08/2024,13:47:35,24273.4,24268.95,125,24273.55,75,125,1230800
NIFTY-II.NFO,05/08/2024,13:47:37,24273.85,24270.65,200,24275.6,50,25,1230800
NIFTY-II.NFO,05/08/2024,13:47:39,24273.85,24269.75,325,24275.6,125,0,1230800
NIFTY-II.NFO,05/08/2024,13:47:40,24273.85,24270.65,275,24276.05,125,0,1230800
NIFTY-II.NFO,05/08/2024,13:47:42,24273.85,24269.1,200,24273.85,50,0,1230800
NIFTY-II.NFO,05/08/2024,13:47:44,24268.55,24269.1,275,24274.5,75,25,1230800
NIFTY-II.NFO,05/08/2024,13:47:45,24268.55,24267.1,250,24273.1,75,0,1230800
NIFTY-II.NFO,05/08/2024,13:47:47,24268.55,24271.1,250,24275,25,0,1230800
NIFTY-II.NFO,05/08/2024,13:47:49,24275,24274.05,250,24279.15,75,25,1230800
NIFTY-II.NFO,05/08/2024,13:47:50,24275,24276.7,325,24282.85,150,0,1230800
NIFTY-II.NFO,05/08/2024,13:47:52,24275,24277.1,325,24282.85,75,0,1230800
NIFTY-II.NFO,05/08/2024,13:47:54,24282.85,24277.45,250,24282.85,200,525,1230800
NIFTY-II.NFO,05/08/2024,13:47:55,24284.35,24280.8,250,24285,125,100,1230800
NIFTY-II.NFO,05/08/2024,13:47:57,24284.35,24282.3,325,24285,125,0,1230800
NIFTY-II.NFO,05/08/2024,13:47:59,24284.6,24284.65,275,24289.95,150,425,1230800
NIFTY-II.NFO,05/08/2024,13:48:00,24284.6,24284.4,325,24290,50,0,1230800
NIFTY-II.NFO,05/08/2024,13:48:02,24290,24284.75,325,24290,25,25,1230800
NIFTY-II.NFO,05/08/2024,13:48:04,24290.75,24288.55,325,24290,25,50,1230800
NIFTY-II.NFO,05/08/2024,13:48:05,24291.2,24285.45,250,24291.25,225,50,1230800
NIFTY-II.NFO,05/08/2024,13:48:07,24291.2,24284.3,325,24290.35,125,0,1230800
NIFTY-II.NFO,05/08/2024,13:48:09,24291.2,24285.9,200,24291,125,0,1230800
NIFTY-II.NFO,05/08/2024,13:48:10,24291.2,24285.9,200,24290,100,0,1230800
NIFTY-II.NFO,05/08/2024,13:48:12,24291.2,24279.4,200,24285.2,50,0,1230800
NIFTY-II.NFO,05/08/2024,13:48:14,24286.8,24279.6,275,24286.35,50,350,1230800
NIFTY-II.NFO,05/08/2024,13:48:15,24287.9,24282.8,275,24288,25,250,1230800
NIFTY-II.NFO,05/08/2024,13:48:17,24287.9,24281.25,200,24287.95,50,0,1230800
NIFTY-II.NFO,05/08/2024,13:48:19,24287.9,24282.5,200,24287.85,125,0,1230800
NIFTY-II.NFO,05/08/2024,13:48:20,24288,24287.6,275,24290,100,75,1230800
NIFTY-II.NFO,05/08/2024,13:48:22,24288,24287.15,275,24290,100,0,1230800
NIFTY-II.NFO,05/08/2024,13:48:24,24288,24285.9,200,24290,100,0,1230800
NIFTY-II.NFO,05/08/2024,13:48:25,24290,24287.55,325,24291.2,125,100,1230800
NIFTY-II.NFO,05/08/2024,13:48:27,24290,24284.9,325,24290.7,100,0,1230800
NIFTY-II.NFO,05/08/2024,13:48:29,24290,24288,25,24291.2,125,0,1230800
NIFTY-II.NFO,05/08/2024,13:48:30,24290,24288,25,24291.05,100,0,1230800
NIFTY-II.NFO,05/08/2024,13:48:32,24283.85,24283.9,175,24289.3,275,525,1230800
NIFTY-II.NFO,05/08/2024,13:48:33,24288,24281.05,175,24286,125,50,1230800
NIFTY-II.NFO,05/08/2024,13:48:35,24288,24282.1,375,24287.6,50,0,1230800
NIFTY-II.NFO,05/08/2024,13:48:37,24288,24281.95,250,24287.25,275,0,1230800
NIFTY-II.NFO,05/08/2024,13:48:38,24281.95,24282.3,225,24287.7,50,25,1230800
NIFTY-II.NFO,05/08/2024,13:48:40,24281.95,24284.85,150,24288.05,50,0,1230800
NIFTY-II.NFO,05/08/2024,13:48:42,24281.95,24287.1,150,24288.05,50,0,1230800
NIFTY-II.NFO,05/08/2024,13:48:43,24288.05,24288.45,150,24290,175,50,1230800
NIFTY-II.NFO,05/08/2024,13:48:45,24288.45,24288.4,25,24290,75,150,1230800
NIFTY-II.NFO,05/08/2024,13:48:47,24288.45,24285.35,150,24290,100,0,1230800
NIFTY-II.NFO,05/08/2024,13:48:48,24290,24285.4,100,24290,75,25,1230800
NIFTY-II.NFO,05/08/2024,13:48:50,24288.65,24283.25,50,24288.35,275,25,1230800
NIFTY-II.NFO,05/08/2024,13:48:52,24288.35,24282,200,24286.5,125,300,1230800
NIFTY-II.NFO,05/08/2024,13:48:53,24282,24282,200,24286.65,25,350,1230800
NIFTY-II.NFO,05/08/2024,13:48:55,24282,24282.3,275,24285.7,50,0,1230800
NIFTY-II.NFO,05/08/2024,13:48:57,24283.15,24282.3,200,24287.65,125,25,1230800
NIFTY-II.NFO,05/08/2024,13:48:58,24283.15,24282.8,275,24288.1,175,0,1230800
NIFTY-II.NFO,05/08/2024,13:49:00,24290,24285.6,75,24289.95,50,25,1230800
NIFTY-II.NFO,05/08/2024,13:49:02,24291,24285.55,275,24290.95,50,300,1230800
NIFTY-II.NFO,05/08/2024,13:49:03,24285.45,24285.9,250,24290.95,275,600,1230800
NIFTY-II.NFO,05/08/2024,13:49:05,24285.45,24285.05,200,24290.4,275,0,1230800
NIFTY-II.NFO,05/08/2024,13:49:07,24285.45,24287.3,200,24291,25,0,1230800
NIFTY-II.NFO,05/08/2024,13:49:08,24285.5,24285.5,500,24290.95,275,25,1230800
NIFTY-II.NFO,05/08/2024,13:49:10,24285.5,24285.05,175,24290,325,0,1230800
NIFTY-II.NFO,05/08/2024,13:49:11,24285.5,24285.8,175,24290,25,0,1230800
NIFTY-II.NFO,05/08/2024,13:49:13,24290,24288.3,175,24291,25,25,1230800
NIFTY-II.NFO,05/08/2024,13:49:15,24290,24288.55,175,24291,25,0,1230800
NIFTY-II.NFO,05/08/2024,13:49:16,24290,24287.45,500,24291.2,100,0,1230800
NIFTY-II.NFO,05/08/2024,13:49:18,24290,24286.95,250,24290,25,0,1230800
NIFTY-II.NFO,05/08/2024,13:49:20,24290,24286.35,250,24290,25,0,1230800
NIFTY-II.NFO,05/08/2024,13:49:21,24290,24286.55,250,24290,50,0,1230800
NIFTY-II.NFO,05/08/2024,13:49:23,24290,24288.8,250,24290,50,0,1230800
NIFTY-II.NFO,05/08/2024,13:49:25,24288.8,24287.5,325,24290,50,25,1230550
NIFTY-II.NFO,05/08/2024,13:49:26,24291.2,24290,200,24291.2,75,75,1230550
NIFTY-II.NFO,05/08/2024,13:49:28,24291.4,24291.25,250,24294,25,200,1230550
NIFTY-II.NFO,05/08/2024,13:49:30,24295,24292,50,24294.85,200,75,1230550
NIFTY-II.NFO,05/08/2024,13:49:31,24290,24291.2,25,24292.65,275,75,1230550
NIFTY-II.NFO,05/08/2024,13:49:33,24291.2,24290,75,24293.9,275,25,1230550
NIFTY-II.NFO,05/08/2024,13:49:35,24291.2,24290,75,24294.45,200,0,1230550
NIFTY-II.NFO,05/08/2024,13:49:36,24293.95,24291,25,24293,250,50,1230550
NIFTY-II.NFO,05/08/2024,13:49:38,24292.95,24290,75,24293.35,225,50,1230550
NIFTY-II.NFO,05/08/2024,13:49:40,24290.4,24290.4,100,24295,225,200,1230550
NIFTY-II.NFO,05/08/2024,13:49:42,24290.4,24290.65,50,24294.95,275,0,1230550
NIFTY-II.NFO,05/08/2024,13:49:43,24294.95,24288.55,125,24293.7,275,25,1230550
NIFTY-II.NFO,05/08/2024,13:49:45,24294.95,24287.45,125,24292.3,250,0,1230550
NIFTY-II.NFO,05/08/2024,13:49:47,24294.95,24287.2,200,24293.15,250,0,1230550
NIFTY-II.NFO,05/08/2024,13:49:48,24294.95,24289.5,125,24294.2,250,0,1230550
NIFTY-II.NFO,05/08/2024,13:49:50,24294.95,24288.55,200,24294.05,200,0,1230550
NIFTY-II.NFO,05/08/2024,13:49:52,24295,24292.1,200,24294.95,25,75,1230550
NIFTY-II.NFO,05/08/2024,13:49:53,24295,24295.85,125,24296,525,200,1230550
NIFTY-II.NFO,05/08/2024,13:49:55,24299,24299,425,24299.85,200,650,1230550
NIFTY-II.NFO,05/08/2024,13:49:57,24299,24299,75,24299.55,200,350,1230550
NIFTY-II.NFO,05/08/2024,13:49:58,24299,24294.7,125,24299.6,200,75,1230550
NIFTY-II.NFO,05/08/2024,13:50:00,24294.8,24295.2,250,24299,25,25,1230550
NIFTY-II.NFO,05/08/2024,13:50:02,24299,24295.25,175,24299.9,100,25,1230550
NIFTY-II.NFO,05/08/2024,13:50:03,24299,24295.15,250,24299.9,100,0,1230550
NIFTY-II.NFO,05/08/2024,13:50:05,24299,24295.1,250,24299.3,25,0,1230550
NIFTY-II.NFO,05/08/2024,13:50:07,24299,24299,25,24299.3,25,25,1230550
NIFTY-II.NFO,05/08/2024,13:50:08,24299,24299,25,24299.3,25,0,1230550
NIFTY-II.NFO,05/08/2024,13:50:10,24299,24299.2,200,24299.3,25,0,1230550
NIFTY-II.NFO,05/08/2024,13:50:12,24300.3,24300.05,375,24302,25,1650,1230550
NIFTY-II.NFO,05/08/2024,13:50:13,24305.65,24305.05,125,24308,50,50,1230550
NIFTY-II.NFO,05/08/2024,13:50:15,24300.3,24301.1,125,24306.25,50,50,1230550
NIFTY-II.NFO,05/08/2024,13:50:16,24306.25,24304.6,50,24308,50,25,1230550
NIFTY-II.NFO,05/08/2024,13:50:18,24306.25,24300.05,50,24304.4,50,0,1230550
NIFTY-II.NFO,05/08/2024,13:50:20,24306.25,24301.15,125,24306.9,200,0,1230550
NIFTY-II.NFO,05/08/2024,13:50:21,24300.15,24300,400,24304.6,275,25,1230550
NIFTY-II.NFO,05/08/2024,13:50:23,24300,24300,375,24304,275,25,1230550
NIFTY-II.NFO,05/08/2024,13:50:25,24305,24300.05,25,24305.1,275,25,1230550
NIFTY-II.NFO,05/08/2024,13:50:26,24300,24300,350,24303.8,275,25,1230550
NIFTY-II.NFO,05/08/2024,13:50:28,24302.55,24300,350,24303.15,50,50,1230550
NIFTY-II.NFO,05/08/2024,13:50:30,24302.55,24300.15,350,24305.6,200,0,1230550
NIFTY-II.NFO,05/08/2024,13:50:31,24304.75,24300.05,50,24304.55,200,25,1230550
NIFTY-II.NFO,05/08/2024,13:50:33,24304.95,24300.3,125,24304.95,200,75,1230550
NIFTY-II.NFO,05/08/2024,13:50:34,24304.75,24300.05,125,24304.7,275,25,1230550
NIFTY-II.NFO,05/08/2024,13:50:36,24304.7,24300.05,275,24305,75,150,1230550
NIFTY-II.NFO,05/08/2024,13:50:38,24301.3,24300.05,450,24304.95,25,25,1230550
NIFTY-II.NFO,05/08/2024,13:50:39,24301.3,24300.05,325,24304.95,25,0,1230550
NIFTY-II.NFO,05/08/2024,13:50:41,24301.3,24300.65,275,24304.95,25,0,1230550
NIFTY-II.NFO,05/08/2024,13:50:43,24300,24300,325,24303.2,175,25,1230550
NIFTY-II.NFO,05/08/2024,13:50:44,24300,24300,325,24303.95,50,0,1230550
NIFTY-II.NFO,05/08/2024,13:50:46,24300,24299.3,150,24300.05,175,325,1230550
NIFTY-II.NFO,05/08/2024,13:50:48,24299,24295.2,250,24298.6,50,225,1230550
NIFTY-II.NFO,05/08/2024,13:50:49,24299,24295,200,24298.8,50,0,1230550
NIFTY-II.NFO,05/08/2024,13:50:51,24299,24298.3,200,24300,125,0,1230550
NIFTY-II.NFO,05/08/2024,13:50:52,24298.1,24299.85,250,24300,125,25,1230550
NIFTY-II.NFO,05/08/2024,13:50:54,24300,24297.7,200,24303.5,150,125,1230550
NIFTY-II.NFO,05/08/2024,13:50:56,24303.45,24298.1,200,24303.45,200,25,1230550
NIFTY-II.NFO,05/08/2024,13:50:57,24297.9,24297,200,24299,75,25,1230550
NIFTY-II.NFO,05/08/2024,13:50:59,24300.8,24297.1,275,24302,50,250,1230550
NIFTY-II.NFO,05/08/2024,13:51:01,24296.9,24296.9,25,24300.15,50,25,1230550
NIFTY-II.NFO,05/08/2024,13:51:02,24296.9,24297.1,200,24301.5,175,25,1230550
NIFTY-II.NFO,05/08/2024,13:51:04,24296.9,24296.25,275,24301.25,50,0,1230550
NIFTY-II.NFO,05/08/2024,13:51:05,24296.8,24296.8,200,24301.85,25,25,1230550
NIFTY-II.NFO,05/08/2024,13:51:07,24296.8,24295.1,200,24300.7,175,0,1230550
NIFTY-II.NFO,05/08/2024,13:51:09,24295,24295,200,24299.45,50,25,1230550
NIFTY-II.NFO,05/08/2024,13:51:10,24295,24294.95,25,24298.75,125,0,1230550
NIFTY-II.NFO,05/08/2024,13:51:12,24295,24295,200,24299.35,75,25,1230550
NIFTY-II.NFO,05/08/2024,13:51:14,24295,24294.95,25,24298.1,50,0,1230550
NIFTY-II.NFO,05/08/2024,13:51:15,24291.3,24290.85,100,24295.8,175,550,1230550
NIFTY-II.NFO,05/08/2024,13:51:17,24290.05,24290.05,75,24294.95,50,25,1230550
NIFTY-II.NFO,05/08/2024,13:51:19,24292.7,24293.3,75,24297.55,250,25,1230550
NIFTY-II.NFO,05/08/2024,13:51:20,24292.7,24294.4,75,24298.2,175,0,1230550
NIFTY-II.NFO,05/08/2024,13:51:22,24293.8,24294.25,100,24298.7,175,50,1230550
NIFTY-II.NFO,05/08/2024,13:51:23,24293.8,24291.95,50,24297.55,50,0,1230550
NIFTY-II.NFO,05/08/2024,13:51:25,24293.8,24293.85,50,24297.4,50,0,1230550
NIFTY-II.NFO,05/08/2024,13:51:27,24293.8,24291.9,50,24296.3,50,0,1230550
NIFTY-II.NFO,05/08/2024,13:51:28,24293.8,24292,50,24296.05,50,0,1230550
NIFTY-II.NFO,05/08/2024,13:51:30,24291.8,24292.1,50,24294.4,50,25,1230550
NIFTY-II.NFO,05/08/2024,13:51:32,24291.1,24292.4,50,24294.4,50,25,1230550
NIFTY-II.NFO,05/08/2024,13:51:33,24289.55,24289.5,175,24290,25,250,1230550
NIFTY-II.NFO,05/08/2024,13:51:35,24290,24288.35,250,24292.4,50,25,1230550
NIFTY-II.NFO,05/08/2024,13:51:37,24289.6,24284.25,25,24288.15,50,25,1230550
NIFTY-II.NFO,05/08/2024,13:51:38,24289.6,24286.15,25,24289.4,25,0,1230550
NIFTY-II.NFO,05/08/2024,13:51:40,24289.6,24284.05,25,24289.7,200,0,1230550
NIFTY-II.NFO,05/08/2024,13:51:42,24289.6,24285.85,25,24290.8,200,0,1230550
NIFTY-II.NFO,05/08/2024,13:51:43,24289.6,24286.95,25,24289.6,25,0,1230550
NIFTY-II.NFO,05/08/2024,13:51:45,24289.5,24289.7,75,24293.95,175,100,1230550
NIFTY-II.NFO,05/08/2024,13:51:47,24291.6,24290.8,75,24294.4,50,750,1230550
NIFTY-II.NFO,05/08/2024,13:51:48,24293.95,24288.6,25,24294.15,200,25,1230550
NIFTY-II.NFO,05/08/2024,13:51:50,24293.95,24289.3,25,24294.35,375,0,1230550
NIFTY-II.NFO,05/08/2024,13:51:52,24294.35,24289.9,150,24294.4,50,25,1230550
NIFTY-II.NFO,05/08/2024,13:51:53,24294.35,24293.25,125,24293.95,25,0,1230550
NIFTY-II.NFO,05/08/2024,13:51:55,24294.35,24292.5,25,24293.95,25,0,1230550
NIFTY-II.NFO,05/08/2024,13:51:57,24294.35,24287.4,25,24292.85,200,0,1230550
NIFTY-II.NFO,05/08/2024,13:51:58,24293.25,24289.3,200,24293.3,25,150,1230550
NIFTY-II.NFO,05/08/2024,13:52:00,24293.95,24294.35,50,24294.4,50,50,1230550
NIFTY-II.NFO,05/08/2024,13:52:02,24297.05,24291.7,250,24294,25,150,1230550
NIFTY-II.NFO,05/08/2024,13:52:03,24297.05,24291.85,200,24294,25,0,1230550
NIFTY-II.NFO,05/08/2024,13:52:05,24297.05,24291.7,125,24294,25,0,1230550
NIFTY-II.NFO,05/08/2024,13:52:07,24294,24294.35,25,24296.35,275,25,1230550
NIFTY-II.NFO,05/08/2024,13:52:08,24294.35,24287.05,200,24292.6,200,25,1230550
NIFTY-II.NFO,05/08/2024,13:52:10,24293.25,24287.7,200,24292.35,50,25,1230550
NIFTY-II.NFO,05/08/2024,13:52:12,24289.4,24290.15,250,24294.55,200,25,1230550
NIFTY-II.NFO,05/08/2024,13:52:13,24289.4,24289.8,200,24293.95,75,0,1230550
NIFTY-II.NFO,05/08/2024,13:52:15,24289,24287.45,175,24291.65,50,25,1230550
NIFTY-II.NFO,05/08/2024,13:52:17,24289,24286.3,175,24290.9,200,0,1230550
NIFTY-II.NFO,05/08/2024,13:52:18,24284.6,24284.6,125,24289.25,50,50,1229850
NIFTY-II.NFO,05/08/2024,13:52:20,24284.8,24284.8,75,24289.35,200,50,1229850
NIFTY-II.NFO,05/08/2024,13:52:22,24284.1,24283.3,50,24287.85,325,25,1229850
NIFTY-II.NFO,05/08/2024,13:52:23,24284.1,24284.1,125,24289.25,200,0,1229850
NIFTY-II.NFO,05/08/2024,13:52:25,24287.65,24281,25,24285.05,125,25,1229850
NIFTY-II.NFO,05/08/2024,13:52:27,24287.65,24281.2,75,24285.8,50,0,1229850
NIFTY-II.NFO,05/08/2024,13:52:28,24287.65,24281,25,24282.95,50,0,1229850
NIFTY-II.NFO,05/08/2024,13:52:30,24282.95,24281,25,24284,50,50,1229850
NIFTY-II.NFO,05/08/2024,13:52:32,24281.05,24281,25,24284.8,50,50,1229850
NIFTY-II.NFO,05/08/2024,13:52:33,24284.65,24281,25,24284.45,200,25,1229850
NIFTY-II.NFO,05/08/2024,13:52:35,24281.05,24281.05,100,24284.8,50,50,1229850
NIFTY-II.NFO,05/08/2024,13:52:37,24281.05,24281,25,24283.15,25,0,1229850
NIFTY-II.NFO,05/08/2024,13:52:38,24281,24280,25,24281.15,200,25,1229850
NIFTY-II.NFO,05/08/2024,13:52:40,24279.6,24275,25,24275.65,50,50,1229850
NIFTY-II.NFO,05/08/2024,13:52:42,24275.65,24275,25,24275.65,200,50,1229850
NIFTY-II.NFO,05/08/2024,13:52:43,24275.65,24275.05,25,24279.45,200,0,1229850
NIFTY-II.NFO,05/08/2024,13:52:45,24275.65,24275,25,24278.2,250,0,1229850
NIFTY-II.NFO,05/08/2024,13:52:47,24275.65,24275,25,24278.65,200,0,1229850
NIFTY-II.NFO,05/08/2024,13:52:48,24275.65,24275.05,25,24278.7,25,0,1229850
NIFTY-II.NFO,05/08/2024,13:52:50,24275.65,24275,25,24278.7,25,0,1229850
NIFTY-II.NFO,05/08/2024,13:52:51,24274.55,24274.5,25,24278.65,200,75,1229850
NIFTY-II.NFO,05/08/2024,13:52:53,24276.1,24273.15,175,24278.5,275,100,1229850
NIFTY-II.NFO,05/08/2024,13:52:55,24276.1,24274.9,175,24278.7,25,0,1229850
NIFTY-II.NFO,05/08/2024,13:52:56,24276.1,24275.45,175,24278.65,25,0,1229850
NIFTY-II.NFO,05/08/2024,13:52:58,24278.7,24277.25,175,24280,250,50,1229850
NIFTY-II.NFO,05/08/2024,13:53:00,24278.3,24278.3,150,24280,250,25,1229850
NIFTY-II.NFO,05/08/2024,13:53:01,24280,24277.35,75,24280,225,25,1229850
NIFTY-II.NFO,05/08/2024,13:53:03,24280,24277.5,275,24280,225,0,1229850
NIFTY-II.NFO,05/08/2024,13:53:05,24278.1,24277.75,150,24280,225,25,1229850
NIFTY-II.NFO,05/08/2024,13:53:06,24278.1,24277.7,125,24280,225,0,1229850
NIFTY-II.NFO,05/08/2024,13:53:08,24278.1,24277.35,150,24280,225,0,1229850
NIFTY-II.NFO,05/08/2024,13:53:10,24278.1,24277.3,125,24279.95,50,0,1229850
NIFTY-II.NFO,05/08/2024,13:53:15,24278.1,24278.4,125,24279.95,50,0,1229850
NIFTY-II.NFO,05/08/2024,13:53:16,24280.3,24280.05,25,24283.8,200,325,1229850
NIFTY-II.NFO,05/08/2024,13:53:18,24280.3,24280,25,24282.85,200,0,1229850
NIFTY-II.NFO,05/08/2024,13:53:19,24280.3,24280,25,24281.15,200,0,1229850
NIFTY-II.NFO,05/08/2024,13:53:21,24274.55,24273.55,125,24279.85,325,225,1229850
NIFTY-II.NFO,05/08/2024,13:53:23,24274.55,24275.1,75,24281.2,325,0,1229850
NIFTY-II.NFO,05/08/2024,13:53:24,24274.55,24275.85,75,24278.1,50,0,1229850
NIFTY-II.NFO,05/08/2024,13:53:26,24274.55,24274.15,150,24278.1,50,0,1229850
NIFTY-II.NFO,05/08/2024,13:53:28,24274.55,24274.3,150,24278.1,50,0,1229850
NIFTY-II.NFO,05/08/2024,13:53:29,24278.1,24276.3,125,24278.1,25,25,1229850
NIFTY-II.NFO,05/08/2024,13:53:31,24278.1,24274.4,150,24278.1,25,0,1229850
NIFTY-II.NFO,05/08/2024,13:53:33,24278.1,24275.85,200,24278.1,25,0,1229850
NIFTY-II.NFO,05/08/2024,13:53:34,24280,24278.05,25,24282.75,275,50,1229850
NIFTY-II.NFO,05/08/2024,13:53:36,24280,24278.1,50,24280,25,0,1229850
NIFTY-II.NFO,05/08/2024,13:53:38,24280,24281.05,75,24284.75,200,25,1229850
NIFTY-II.NFO,05/08/2024,13:53:39,24280,24281.05,75,24284.8,50,0,1229850
NIFTY-II.NFO,05/08/2024,13:53:41,24284.8,24282.05,150,24284.8,25,50,1229850
NIFTY-II.NFO,05/08/2024,13:53:43,24284.8,24280,125,24284.75,200,0,1229850
NIFTY-II.NFO,05/08/2024,13:53:44,24284.8,24280,50,24284.75,200,0,1229850
NIFTY-II.NFO,05/08/2024,13:53:46,24284.35,24280.05,25,24284.35,275,25,1229850
NIFTY-II.NFO,05/08/2024,13:53:48,24280,24278.1,50,24281.75,325,50,1229850
NIFTY-II.NFO,05/08/2024,13:53:49,24280,24278.1,50,24280,25,0,1229850
NIFTY-II.NFO,05/08/2024,13:53:51,24278.1,24275,25,24278.6,100,325,1229850
NIFTY-II.NFO,05/08/2024,13:53:53,24278.1,24275,25,24277.5,175,0,1229850
NIFTY-II.NFO,05/08/2024,13:53:54,24278.1,24275,25,24275.9,100,0,1229850
NIFTY-II.NFO,05/08/2024,13:53:56,24269,24267.65,200,24272.75,50,225,1229850
NIFTY-II.NFO,05/08/2024,13:53:58,24271.75,24268.1,200,24272.55,50,50,1229850
NIFTY-II.NFO,05/08/2024,13:53:59,24271.75,24267.7,200,24273.3,150,0,1229850
NIFTY-II.NFO,05/08/2024,13:54:01,24271.75,24269.3,200,24273.7,75,0,1229850
NIFTY-II.NFO,05/08/2024,13:54:03,24274.85,24267.65,400,24273.45,75,50,1229850
NIFTY-II.NFO,05/08/2024,13:54:04,24270.1,24269.35,200,24271.75,25,25,1229850
NIFTY-II.NFO,05/08/2024,13:54:06,24270.1,24269.2,200,24271.75,25,0,1229850
NIFTY-II.NFO,05/08/2024,13:54:08,24270.1,24268.25,200,24271.75,25,0,1229850
NIFTY-II.NFO,05/08/2024,13:54:09,24271.75,24272.6,275,24278.75,125,25,1229850
NIFTY-II.NFO,05/08/2024,13:54:11,24271.75,24268.75,200,24274.35,175,0,1229850
NIFTY-II.NFO,05/08/2024,13:54:13,24271.75,24271.1,275,24276,50,0,1229850
NIFTY-II.NFO,05/08/2024,13:54:14,24277.5,24272.1,250,24277.5,150,75,1229850
NIFTY-II.NFO,05/08/2024,13:54:16,24277.5,24273,275,24278.75,150,0,1229850
NIFTY-II.NFO,05/08/2024,13:54:18,24277.5,24273.1,325,24278.95,150,0,1229850
NIFTY-II.NFO,05/08/2024,13:54:19,24277.5,24277.5,100,24278.45,75,0,1229850
NIFTY-II.NFO,05/08/2024,13:54:21,24271.1,24272.2,200,24275,25,150,1229850
NIFTY-II.NFO,05/08/2024,13:54:23,24279.45,24277.5,25,24279.45,75,50,1229850
NIFTY-II.NFO,05/08/2024,13:54:24,24279.95,24277.5,25,24279.95,25,50,1229850
NIFTY-II.NFO,05/08/2024,13:54:26,24280,24277.55,325,24280,50,50,1229850
NIFTY-II.NFO,05/08/2024,13:54:28,24280,24278.1,250,24283.9,25,50,1229850
NIFTY-II.NFO,05/08/2024,13:54:29,24280,24282.75,150,24284.95,25,0,1229850
NIFTY-II.NFO,05/08/2024,13:54:31,24282.75,24277.55,125,24283.55,100,175,1229850
NIFTY-II.NFO,05/08/2024,13:54:33,24284,24278.05,150,24283.9,200,50,1229850
NIFTY-II.NFO,05/08/2024,13:54:34,24283,24277.5,75,24282.75,200,50,1229850
NIFTY-II.NFO,05/08/2024,13:54:36,24282,24277.5,25,24281,200,25,1229850
NIFTY-II.NFO,05/08/2024,13:54:38,24277.5,24280,25,24281.7,125,25,1229850
NIFTY-II.NFO,05/08/2024,13:54:39,24276.35,24276.05,25,24281.8,50,100,1229850
NIFTY-II.NFO,05/08/2024,13:54:41,24276.35,24276.05,25,24281.6,75,0,1229850
NIFTY-II.NFO,05/08/2024,13:54:43,24281.75,24276.05,25,24281.75,300,25,1229850
NIFTY-II.NFO,05/08/2024,13:54:44,24281.75,24278.05,25,24283,125,0,1229850
NIFTY-II.NFO,05/08/2024,13:54:46,24283,24276.9,200,24280,25,25,1229850
NIFTY-II.NFO,05/08/2024,13:54:48,24282.95,24278.45,200,24285,150,50,1229850
NIFTY-II.NFO,05/08/2024,13:54:49,24282.95,24279.1,125,24284.95,175,0,1229850
NIFTY-II.NFO,05/08/2024,13:54:51,24282.95,24279.05,25,24284.4,225,0,1229850
NIFTY-II.NFO,05/08/2024,13:54:53,24282.95,24276.45,125,24282.3,175,0,1229850
NIFTY-II.NFO,05/08/2024,13:54:54,24282.3,24276.05,25,24281,75,25,1229850
NIFTY-II.NFO,05/08/2024,13:54:56,24281,24273.2,325,24279.75,50,50,1229850
NIFTY-II.NFO,05/08/2024,13:54:58,24281,24274.05,25,24278.8,50,0,1229850
NIFTY-II.NFO,05/08/2024,13:54:59,24281,24271.3,75,24277.7,50,0,1229850
NIFTY-II.NFO,05/08/2024,13:55:01,24281,24273.1,275,24278.25,50,0,1229850
NIFTY-II.NFO,05/08/2024,13:55:03,24276.05,24272.05,275,24278,125,25,1229850
NIFTY-II.NFO,05/08/2024,13:55:04,24274.7,24270,50,24274.7,25,50,1229850
NIFTY-II.NFO,05/08/2024,13:55:06,24274.95,24270,50,24273.85,125,25,1229850
NIFTY-II.NFO,05/08/2024,13:55:08,24273.4,24270,50,24273.4,50,50,1229850
NIFTY-II.NFO,05/08/2024,13:55:09,24272.3,24270,50,24272.3,25,50,1229850
NIFTY-II.NFO,05/08/2024,13:55:11,24270,24265.7,75,24269.85,125,75,1229850
NIFTY-II.NFO,05/08/2024,13:55:13,24265,24265,25,24269.4,125,50,1229850
NIFTY-II.NFO,05/08/2024,13:55:14,24269.75,24265.05,25,24269.75,200,175,1229850
NIFTY-II.NFO,05/08/2024,13:55:16,24269.75,24265,25,24269.15,200,0,1229850
NIFTY-II.NFO,05/08/2024,13:55:18,24263.65,24262.85,75,24268.3,50,250,1229850
NIFTY-II.NFO,05/08/2024,13:55:19,24263.65,24264.1,75,24269.45,275,0,1229850
NIFTY-II.NFO,05/08/2024,13:55:21,24263.65,24262.7,75,24267.35,125,0,1229850
NIFTY-II.NFO,05/08/2024,13:55:22,24263.65,24260.1,25,24263.8,200,0,1229850
NIFTY-II.NFO,05/08/2024,13:55:24,24263.35,24260.45,175,24264.25,50,25,1230100
NIFTY-II.NFO,05/08/2024,13:55:26,24263.35,24260.9,100,24265.3,50,0,1230100
NIFTY-II.NFO,05/08/2024,13:55:27,24263.35,24260.1,25,24263.3,300,0,1230100
NIFTY-II.NFO,05/08/2024,13:55:29,24263.35,24260.15,100,24263.35,25,0,1230100
NIFTY-II.NFO,05/08/2024,13:55:31,24260.25,24260.25,75,24263.35,25,25,1230100
NIFTY-II.NFO,05/08/2024,13:55:32,24263.35,24260.15,75,24265.6,200,25,1230100
NIFTY-II.NFO,05/08/2024,13:55:34,24260,24260.2,75,24263.35,50,50,1230100
NIFTY-II.NFO,05/08/2024,13:55:36,24260.2,24260,25,24263.35,100,75,1230100
NIFTY-II.NFO,05/08/2024,13:55:37,24259.7,24260.05,100,24263.35,125,50,1230100
NIFTY-II.NFO,05/08/2024,13:55:39,24259.7,24259.4,125,24263.35,125,0,1230100
NIFTY-II.NFO,05/08/2024,13:55:41,24260,24256.7,50,24263,125,175,1230100
NIFTY-II.NFO,05/08/2024,13:55:42,24258.6,24258.25,250,24260.25,50,25,1230100
NIFTY-II.NFO,05/08/2024,13:55:44,24262.5,24259.05,175,24263.35,125,75,1230100
NIFTY-II.NFO,05/08/2024,13:55:46,24262.5,24259.05,25,24263.35,125,0,1230100
NIFTY-II.NFO,05/08/2024,13:55:47,24262.5,24257.35,200,24263,125,0,1230100
NIFTY-II.NFO,05/08/2024,13:55:49,24263.35,24265.05,25,24268.85,200,125,1230100
NIFTY-II.NFO,05/08/2024,13:55:50,24263.35,24263.05,100,24267.05,250,0,1230100
NIFTY-II.NFO,05/08/2024,13:55:52,24263,24265.1,125,24269.9,25,125,1230100
NIFTY-II.NFO,05/08/2024,13:55:54,24263.1,24263.15,125,24269.7,200,50,1230100
NIFTY-II.NFO,05/08/2024,13:55:55,24263.1,24260.65,50,24266.5,275,0,1230100
NIFTY-II.NFO,05/08/2024,13:55:57,24262.05,24261.05,25,24265.5,250,25,1230100
NIFTY-II.NFO,05/08/2024,13:55:59,24265.35,24261.2,25,24266.95,200,25,1230100
NIFTY-II.NFO,05/08/2024,13:56:00,24258.6,24259.05,200,24264.7,200,100,1230100
NIFTY-II.NFO,05/08/2024,13:56:02,24258.6,24261.45,200,24263,50,0,1230100
NIFTY-II.NFO,05/08/2024,13:56:04,24263,24263.05,25,24268.6,200,50,1230100
NIFTY-II.NFO,05/08/2024,13:56:05,24263.1,24263.9,25,24265.35,25,25,1230100
NIFTY-II.NFO,05/08/2024,13:56:07,24263.1,24263.9,25,24265.35,25,0,1230100
NIFTY-II.NFO,05/08/2024,13:56:09,24265.35,24265.6,125,24269.9,25,50,1230100
NIFTY-II.NFO,05/08/2024,13:56:10,24265.75,24266.05,25,24269.9,25,25,1230100
NIFTY-II.NFO,05/08/2024,13:56:12,24265.75,24261.45,125,24266.9,125,0,1230100
NIFTY-II.NFO,05/08/2024,13:56:14,24265.75,24264.05,25,24268.05,25,0,1230100
NIFTY-II.NFO,05/08/2024,13:56:15,24265.75,24266.1,50,24269.9,25,0,1230100
NIFTY-II.NFO,05/08/2024,13:56:17,24265.75,24267.75,125,24269.9,25,0,1230100
NIFTY-II.NFO,05/08/2024,13:56:19,24265.75,24267.95,50,24269.9,25,0,1230100
NIFTY-II.NFO,05/08/2024,13:56:20,24267.55,24267.55,25,24269.9,25,25,1230100
NIFTY-II.NFO,05/08/2024,13:56:22,24268.2,24267.35,125,24269.9,25,200,1230100
NIFTY-II.NFO,05/08/2024,13:56:24,24268.2,24265.8,200,24269.9,25,0,1230100
NIFTY-II.NFO,05/08/2024,13:56:25,24268.2,24267.05,25,24269.9,25,0,1230100
NIFTY-II.NFO,05/08/2024,13:56:27,24271.1,24266.45,200,24271.5,200,250,1230100
NIFTY-II.NFO,05/08/2024,13:56:29,24271.1,24268.05,25,24272.25,200,0,1230100
NIFTY-II.NFO,05/08/2024,13:56:31,24271.1,24269.05,25,24273.15,200,0,1230100
NIFTY-II.NFO,05/08/2024,13:56:32,24271.1,24267.25,200,24271.1,25,0,1230100
NIFTY-II.NFO,05/08/2024,13:56:34,24271.1,24269.05,100,24274.15,200,50,1230100
NIFTY-II.NFO,05/08/2024,13:56:36,24271.1,24270.05,75,24274.3,75,0,1230100
NIFTY-II.NFO,05/08/2024,13:56:37,24271.1,24268.45,200,24274.35,200,0,1230100
NIFTY-II.NFO,05/08/2024,13:56:39,24271.1,24270.05,150,24274.5,200,0,1230100
NIFTY-II.NFO,05/08/2024,13:56:41,24271.1,24271.1,200,24274.55,25,0,1230100
NIFTY-II.NFO,05/08/2024,13:56:42,24274.55,24276.05,75,24279.95,200,25,1230100
NIFTY-II.NFO,05/08/2024,13:56:44,24274.55,24275.05,75,24279.95,200,0,1230100
NIFTY-II.NFO,05/08/2024,13:56:46,24274.55,24276.05,75,24279.95,200,0,1230100
NIFTY-II.NFO,05/08/2024,13:56:47,24274.55,24276.05,75,24280,25,0,1230100
NIFTY-II.NFO,05/08/2024,13:56:49,24275.75,24273.5,200,24279.95,275,100,1230100
NIFTY-II.NFO,05/08/2024,13:56:51,24275.75,24273.3,100,24279.95,275,0,1230100
NIFTY-II.NFO,05/08/2024,13:56:52,24275.75,24275.05,75,24279.95,200,0,1230100
NIFTY-II.NFO,05/08/2024,13:56:54,24275.75,24272.05,150,24279.5,275,0,1230100
NIFTY-II.NFO,05/08/2024,13:56:56,24275.75,24271,25,24274.55,25,0,1230100
NIFTY-II.NFO,05/08/2024,13:56:59,24274.55,24273.05,25,24277.4,200,25,1230100
NIFTY-II.NFO,05/08/2024,13:57:01,24274.55,24271,25,24274.45,325,0,1230100
NIFTY-II.NFO,05/08/2024,13:57:02,24274.55,24271,25,24276,275,0,1230100
NIFTY-II.NFO,05/08/2024,13:57:04,24274.55,24272.05,150,24278.15,250,0,1230100
NIFTY-II.NFO,05/08/2024,13:57:06,24273.05,24274.05,150,24279.85,275,25,1230100
NIFTY-II.NFO,05/08/2024,13:57:07,24279.1,24273.1,225,24279.65,200,125,1230100
NIFTY-II.NFO,05/08/2024,13:57:09,24280,24276.05,150,24281.95,75,1025,1230100
NIFTY-II.NFO,05/08/2024,13:57:11,24280,24280.3,325,24282,125,0,1230100
NIFTY-II.NFO,05/08/2024,13:57:12,24280,24279.5,325,24282,125,0,1230100
NIFTY-II.NFO,05/08/2024,13:57:14,24279.8,24279.85,325,24282,100,75,1230100
NIFTY-II.NFO,05/08/2024,13:57:16,24282,24279.9,250,24282,75,50,1230100
NIFTY-II.NFO,05/08/2024,13:57:17,24279.5,24278.1,325,24282,75,25,1230100
NIFTY-II.NFO,05/08/2024,13:57:19,24279.5,24277.65,250,24282,75,0,1230100
NIFTY-II.NFO,05/08/2024,13:57:21,24279.5,24277.1,325,24281.95,175,0,1230100
NIFTY-II.NFO,05/08/2024,13:57:22,24277.4,24276.85,300,24281.95,200,50,1230100
NIFTY-II.NFO,05/08/2024,13:57:24,24276.4,24277.1,250,24282,75,50,1230100
NIFTY-II.NFO,05/08/2024,13:57:26,24277.1,24277.45,225,24280.85,125,25,1230100
NIFTY-II.NFO,05/08/2024,13:57:27,24281.95,24277.8,50,24282,75,75,1230100
NIFTY-II.NFO,05/08/2024,13:57:29,24276.15,24277.4,150,24280.45,100,25,1230100
NIFTY-II.NFO,05/08/2024,13:57:31,24276.15,24278.9,150,24282,75,0,1230100
NIFTY-II.NFO,05/08/2024,13:57:32,24276.15,24280.5,75,24282,75,0,1230100
NIFTY-II.NFO,05/08/2024,13:57:34,24282,24279.6,150,24283.95,100,75,1230100
NIFTY-II.NFO,05/08/2024,13:57:36,24282,24278.5,75,24282.1,100,0,1230100
NIFTY-II.NFO,05/08/2024,13:57:37,24282,24279.1,150,24283.9,100,0,1230100
NIFTY-II.NFO,05/08/2024,13:57:39,24279.25,24278.2,25,24283.1,200,25,1230100
NIFTY-II.NFO,05/08/2024,13:57:41,24279.25,24276.1,150,24282.5,200,0,1230100
NIFTY-II.NFO,05/08/2024,13:57:42,24278,24276.9,150,24280,25,25,1230100
NIFTY-II.NFO,05/08/2024,13:57:44,24278,24275.15,75,24278.45,100,0,1230100
NIFTY-II.NFO,05/08/2024,13:57:45,24280,24276.55,25,24281.85,200,25,1230100
NIFTY-II.NFO,05/08/2024,13:57:47,24280,24273.5,75,24279.6,200,0,1230100
NIFTY-II.NFO,05/08/2024,13:57:49,24278,24274.1,100,24279.55,200,25,1230100
NIFTY-II.NFO,05/08/2024,13:57:50,24278,24276.1,150,24281.75,200,0,1230100
NIFTY-II.NFO,05/08/2024,13:57:52,24278,24277.8,150,24281.2,100,0,1230100
NIFTY-II.NFO,05/08/2024,13:57:54,24281.2,24278.35,100,24282,25,25,1230100
NIFTY-II.NFO,05/08/2024,13:57:55,24281.2,24277.1,75,24281.95,200,0,1230100
NIFTY-II.NFO,05/08/2024,13:57:57,24281.2,24277.6,150,24282,50,0,1230100
NIFTY-II.NFO,05/08/2024,13:57:58,24280.05,24278.5,50,24282,50,25,1230100
NIFTY-II.NFO,05/08/2024,13:58:00,24280.05,24278.1,100,24282,50,0,1230100
NIFTY-II.NFO,05/08/2024,13:58:03,24280.05,24278.6,150,24282,50,0,1230100
NIFTY-II.NFO,05/08/2024,13:58:05,24280.05,24279.25,25,24282,50,0,1230100
NIFTY-II.NFO,05/08/2024,13:58:07,24282,24279.8,150,24282,25,25,1230100
NIFTY-II.NFO,05/08/2024,13:58:08,24284.75,24280.1,125,24284.8,75,100,1230100
NIFTY-II.NFO,05/08/2024,13:58:10,24280.1,24280.1,100,24284.95,25,75,1230100
NIFTY-II.NFO,05/08/2024,13:58:12,24280.1,24279.3,175,24284.2,200,0,1230100
NIFTY-II.NFO,05/08/2024,13:58:13,24280.1,24279.6,175,24285,25,0,1230100
NIFTY-II.NFO,05/08/2024,13:58:15,24280.85,24280.85,150,24284.95,25,25,1230100
NIFTY-II.NFO,05/08/2024,13:58:17,24280.85,24277.35,150,24283.9,200,0,1230100
NIFTY-II.NFO,05/08/2024,13:58:18,24280.85,24278.6,75,24284.5,200,0,1230100
NIFTY-II.NFO,05/08/2024,13:58:20,24280.85,24279.45,75,24284.35,25,0,1230100
NIFTY-II.NFO,05/08/2024,13:58:21,24280.85,24279.85,25,24284.75,200,0,1230100
NIFTY-II.NFO,05/08/2024,13:58:23,24277.15,24277,125,24283.15,200,25,1231625
NIFTY-II.NFO,05/08/2024,13:58:25,24277.15,24278.05,150,24284.55,200,0,1231625
NIFTY-II.NFO,05/08/2024,13:58:26,24277.15,24280,175,24284.9,200,0,1231625
NIFTY-II.NFO,05/08/2024,13:58:28,24277.15,24280,50,24284.8,200,0,1231625
NIFTY-II.NFO,05/08/2024,13:58:30,24280,24280,125,24284.75,25,50,1231625
NIFTY-II.NFO,05/08/2024,13:58:31,24284.65,24279.45,125,24284.95,200,25,1231625
NIFTY-II.NFO,05/08/2024,13:58:33,24284.65,24279.55,125,24285,50,0,1231625
NIFTY-II.NFO,05/08/2024,13:58:35,24284.65,24280.85,125,24285,50,0,1231625
NIFTY-II.NFO,05/08/2024,13:58:36,24280.85,24278.75,125,24280.15,25,25,1231625
NIFTY-II.NFO,05/08/2024,13:58:38,24280.85,24279.45,175,24280.15,25,0,1231625
NIFTY-II.NFO,05/08/2024,13:58:40,24279.55,24279.45,175,24280.15,25,25,1231625
NIFTY-II.NFO,05/08/2024,13:58:41,24280.15,24282.2,75,24285,75,25,1231625
NIFTY-II.NFO,05/08/2024,13:58:43,24280.15,24281.45,150,24285,75,0,1231625
NIFTY-II.NFO,05/08/2024,13:58:45,24282.2,24281.5,150,24285,75,50,1231625
NIFTY-II.NFO,05/08/2024,13:58:47,24282.2,24282.05,250,24285,75,0,1231625
NIFTY-II.NFO,05/08/2024,13:58:48,24282.2,24282.15,25,24285,75,0,1231625
NIFTY-II.NFO,05/08/2024,13:58:50,24282.2,24283,100,24285,75,0,1231625
NIFTY-II.NFO,05/08/2024,13:58:52,24285,24283,75,24285,25,75,1231625
NIFTY-II.NFO,05/08/2024,13:58:53,24283,24283,50,24285,25,25,1231625
NIFTY-II.NFO,05/08/2024,13:58:55,24283,24283,50,24285,25,0,1231625
NIFTY-II.NFO,05/08/2024,13:59:01,24283,24280.85,25,24281.85,125,50,1231625
NIFTY-II.NFO,05/08/2024,13:59:03,24283,24280.85,25,24283.5,50,0,1231625
NIFTY-II.NFO,05/08/2024,13:59:05,24283,24280.85,25,24285,25,0,1231625
NIFTY-II.NFO,05/08/2024,13:59:06,24290.4,24280.9,200,24286.8,200,700,1231625
NIFTY-II.NFO,05/08/2024,13:59:08,24290.4,24280.85,25,24283,50,0,1231625
NIFTY-II.NFO,05/08/2024,13:59:10,24290.4,24280.85,25,24282.65,200,0,1231625
NIFTY-II.NFO,05/08/2024,13:59:11,24277.25,24278.05,275,24283,50,50,1231625
NIFTY-II.NFO,05/08/2024,13:59:13,24277.25,24279.15,275,24283,50,0,1231625
NIFTY-II.NFO,05/08/2024,13:59:15,24279.75,24277.8,125,24283,50,200,1231625
NIFTY-II.NFO,05/08/2024,13:59:16,24279.75,24276,125,24282.1,200,0,1231625
NIFTY-II.NFO,05/08/2024,13:59:18,24279.75,24279.35,50,24283,50,0,1231625
NIFTY-II.NFO,05/08/2024,13:59:20,24279.75,24275.35,100,24282.45,200,0,1231625
NIFTY-II.NFO,05/08/2024,13:59:21,24279.75,24275,25,24279.6,200,0,1231625
NIFTY-II.NFO,05/08/2024,13:59:23,24279.75,24275,25,24278.4,200,0,1231625
NIFTY-II.NFO,05/08/2024,13:59:24,24278.1,24272.6,125,24278.1,200,75,1231625
NIFTY-II.NFO,05/08/2024,13:59:26,24278.1,24274.2,50,24280.45,200,0,1231625
NIFTY-II.NFO,05/08/2024,13:59:28,24273.25,24273.2,50,24279.55,200,125,1231625
NIFTY-II.NFO,05/08/2024,13:59:29,24273.25,24273.05,100,24279.25,200,0,1231625
NIFTY-II.NFO,05/08/2024,13:59:31,24272.7,24273.05,75,24279.15,200,25,1231625
NIFTY-II.NFO,05/08/2024,13:59:33,24272.7,24273.2,100,24278.45,200,0,1231625
NIFTY-II.NFO,05/08/2024,13:59:34,24272.7,24273.05,100,24279.05,200,0,1231625
NIFTY-II.NFO,05/08/2024,13:59:36,24272.7,24274.15,100,24279.85,200,0,1231625
NIFTY-II.NFO,05/08/2024,13:59:38,24272.7,24272.55,100,24278.95,200,0,1231625
NIFTY-II.NFO,05/08/2024,13:59:39,24279,24272.7,125,24279.35,200,25,1231625
NIFTY-II.NFO,05/08/2024,13:59:41,24279,24273.1,50,24279.55,250,0,1231625
NIFTY-II.NFO,05/08/2024,13:59:42,24279,24272.55,100,24278.75,200,25,1231625
NIFTY-II.NFO,05/08/2024,13:59:44,24272.6,24272.05,100,24278.5,200,50,1231625
NIFTY-II.NFO,05/08/2024,13:59:46,24272.2,24270.45,75,24275.5,200,25,1231625
NIFTY-II.NFO,05/08/2024,13:59:47,24272.2,24272.7,50,24275.85,50,0,1231625
NIFTY-II.NFO,05/08/2024,13:59:49,24269.3,24269.35,100,24275.45,125,1000,1231625
NIFTY-II.NFO,05/08/2024,13:59:50,24275.45,24269.3,25,24275,125,250,1231625
NIFTY-II.NFO,05/08/2024,13:59:52,24275.45,24269.3,25,24273.95,50,0,1231625
NIFTY-II.NFO,05/08/2024,13:59:54,24269.3,24269.3,25,24272,25,25,1231625
NIFTY-II.NFO,05/08/2024,13:59:55,24272,24265.95,75,24272.25,50,25,1231625
NIFTY-II.NFO,05/08/2024,13:59:57,24272,24266.45,75,24272.6,275,0,1231625
NIFTY-II.NFO,05/08/2024,13:59:59,24272,24266.4,75,24272.6,200,0,1231625
NIFTY-II.NFO,05/08/2024,14:00:00,24272,24266.4,150,24271.9,50,0,1231625
NIFTY-II.NFO,05/08/2024,14:00:02,24273.7,24271.45,125,24274,25,25,1231625
NIFTY-II.NFO,05/08/2024,14:00:04,24273.7,24271.3,25,24274,25,0,1231625
NIFTY-II.NFO,05/08/2024,14:00:05,24273.7,24269,25,24272.6,50,0,1231625
NIFTY-II.NFO,05/08/2024,14:00:07,24273.7,24269.4,125,24274,25,0,1231625
NIFTY-II.NFO,05/08/2024,14:00:08,24273.7,24270.05,75,24274,25,0,1231625
NIFTY-II.NFO,05/08/2024,14:00:10,24274.6,24269.4,125,24275.75,200,100,1231625
NIFTY-II.NFO,05/08/2024,14:00:12,24274.6,24270.6,125,24276.8,275,0,1231625
NIFTY-II.NFO,05/08/2024,14:00:13,24274.6,24275,75,24277.8,200,0,1231625
NIFTY-II.NFO,05/08/2024,14:00:15,24274.6,24275,75,24278.6,275,0,1231625
NIFTY-II.NFO,05/08/2024,14:00:17,24274.6,24275.4,125,24280,25,0,1231625
NIFTY-II.NFO,05/08/2024,14:00:18,24274.6,24275.05,125,24280,25,0,1231625
NIFTY-II.NFO,05/08/2024,14:00:20,24274.6,24275.25,50,24280,25,0,1231625
NIFTY-II.NFO,05/08/2024,14:00:21,24274.6,24275.15,125,24279.7,100,0,1231625
NIFTY-II.NFO,05/08/2024,14:00:23,24274.6,24277.4,50,24279.7,100,0,1231625
NIFTY-II.NFO,05/08/2024,14:00:26,24280,24277.4,50,24281.95,200,125,1231625
NIFTY-II.NFO,05/08/2024,14:00:28,24280,24277.4,150,24282.8,75,0,1231625
NIFTY-II.NFO,05/08/2024,14:00:30,24280,24277.6,50,24282,200,0,1231625
NIFTY-II.NFO,05/08/2024,14:00:31,24280,24277.8,125,24282.9,200,0,1231625
NIFTY-II.NFO,05/08/2024,14:00:33,24280,24277.8,50,24282.2,200,0,1231625
NIFTY-II.NFO,05/08/2024,14:00:35,24277.8,24277.8,25,24282.8,200,25,1231625
NIFTY-II.NFO,05/08/2024,14:00:36,24277.8,24277.8,50,24281.9,200,0,1231625
NIFTY-II.NFO,05/08/2024,14:00:38,24277.8,24276.4,125,24281.9,275,0,1231625
NIFTY-II.NFO,05/08/2024,14:00:40,24277.8,24275.05,50,24281,275,0,1231625
NIFTY-II.NFO,05/08/2024,14:00:41,24277.8,24275.15,50,24281.9,275,0,1231625
NIFTY-II.NFO,05/08/2024,14:00:43,24277,24275.15,125,24277,275,25,1231625
NIFTY-II.NFO,05/08/2024,14:00:45,24277,24275.6,50,24277,150,150,1231625
NIFTY-II.NFO,05/08/2024,14:00:46,24277,24278.55,175,24281.95,25,150,1231625
NIFTY-II.NFO,05/08/2024,14:00:48,24277,24278.55,125,24281.95,25,0,1231625
NIFTY-II.NFO,05/08/2024,14:00:50,24277,24278.7,125,24281.95,25,0,1231625
NIFTY-II.NFO,05/08/2024,14:00:51,24278.7,24279.65,50,24281.95,25,25,1231625
NIFTY-II.NFO,05/08/2024,14:00:53,24278.7,24279.05,125,24282,25,0,1231625
NIFTY-II.NFO,05/08/2024,14:00:55,24278.7,24278.75,125,24282,25,0,1231625
NIFTY-II.NFO,05/08/2024,14:00:56,24282,24280.05,75,24286.95,200,25,1231625
NIFTY-II.NFO,05/08/2024,14:00:58,24282,24280.05,75,24286.95,275,0,1231625
NIFTY-II.NFO,05/08/2024,14:01:00,24282,24280.45,125,24282,300,0,1231625
NIFTY-II.NFO,05/08/2024,14:01:01,24282,24279.55,125,24282,300,0,1231625
NIFTY-II.NFO,05/08/2024,14:01:03,24282,24279.8,125,24282,300,0,1231625
NIFTY-II.NFO,05/08/2024,14:01:05,24282,24280.1,250,24282,275,25,1231625
NIFTY-II.NFO,05/08/2024,14:01:07,24282,24279.25,125,24282,275,0,1231625
NIFTY-II.NFO,05/08/2024,14:01:08,24282,24280,125,24282,275,0,1231625
NIFTY-II.NFO,05/08/2024,14:01:10,24285,24282.35,50,24286.3,200,300,1231625
NIFTY-II.NFO,05/08/2024,14:01:12,24285,24281.85,125,24286.8,200,0,1231625
NIFTY-II.NFO,05/08/2024,14:01:13,24285,24282.25,50,24286.95,200,0,1231625
NIFTY-II.NFO,05/08/2024,14:01:15,24285,24283,125,24285,25,0,1231625
NIFTY-II.NFO,05/08/2024,14:01:17,24285,24284.45,50,24287,25,25,1231625
NIFTY-II.NFO,05/08/2024,14:01:18,24285,24284.1,50,24285,25,0,1231625
NIFTY-II.NFO,05/08/2024,14:01:20,24285,24285.95,50,24287,25,25,1231625
NIFTY-II.NFO,05/08/2024,14:01:21,24285.7,24285.7,50,24287,25,25,1231775
NIFTY-II.NFO,05/08/2024,14:01:23,24285.7,24285.4,50,24287,25,0,1231775
NIFTY-II.NFO,05/08/2024,14:01:25,24285.7,24286.3,50,24287,25,0,1231775
NIFTY-II.NFO,05/08/2024,14:01:26,24285.7,24285.75,50,24287,25,0,1231775
NIFTY-II.NFO,05/08/2024,14:01:28,24285.7,24286.25,250,24287,25,0,1231775
NIFTY-II.NFO,05/08/2024,14:01:30,24289.1,24289.2,225,24290,1050,50,1231775
NIFTY-II.NFO,05/08/2024,14:01:31,24298.4,24296,25,24299.3,200,1225,1231775
NIFTY-II.NFO,05/08/2024,14:01:33,24298,24293.05,25,24297.55,200,25,1231775
NIFTY-II.NFO,05/08/2024,14:01:35,24297.65,24293.05,25,24297.95,275,50,1231775
NIFTY-II.NFO,05/08/2024,14:01:36,24297.65,24294.05,25,24297.95,275,0,1231775
NIFTY-II.NFO,05/08/2024,14:01:38,24297.65,24293.05,25,24297.7,275,0,1231775
NIFTY-II.NFO,05/08/2024,14:01:40,24297.65,24292.2,150,24297.75,550,0,1231775
NIFTY-II.NFO,05/08/2024,14:01:41,24297.65,24293.05,25,24297.5,200,0,1231775
NIFTY-II.NFO,05/08/2024,14:01:43,24297.65,24293.05,25,24297.95,200,25,1231775
NIFTY-II.NFO,05/08/2024,14:01:45,24297.45,24295.05,25,24299.5,325,50,1231775
NIFTY-II.NFO,05/08/2024,14:01:46,24297.9,24289.05,225,24294.8,275,125,1231775
NIFTY-II.NFO,05/08/2024,14:01:48,24297.9,24289.4,225,24295,250,0,1231775
NIFTY-II.NFO,05/08/2024,14:01:49,24297.9,24288.55,225,24294.2,275,0,1231775
NIFTY-II.NFO,05/08/2024,14:01:51,24288,24285.8,150,24292.2,275,50,1231775
NIFTY-II.NFO,05/08/2024,14:01:53,24290.8,24286.1,200,24290.8,175,125,1231775
NIFTY-II.NFO,05/08/2024,14:01:54,24290.8,24290.1,200,24295.05,175,0,1231775
NIFTY-II.NFO,05/08/2024,14:01:56,24290.1,24290.3,275,24295.15,25,25,1231775
NIFTY-II.NFO,05/08/2024,14:01:58,24291.05,24288.1,350,24293.95,275,25,1231775
NIFTY-II.NFO,05/08/2024,14:01:59,24290.1,24290.1,150,24295,275,50,1231775
NIFTY-II.NFO,05/08/2024,14:02:01,24286.25,24286.25,100,24290.95,50,50,1231775
NIFTY-II.NFO,05/08/2024,14:02:03,24285.4,24288,25,24290.9,50,25,1231775
NIFTY-II.NFO,05/08/2024,14:02:04,24290.6,24285.3,75,24290.6,125,50,1231775
NIFTY-II.NFO,05/08/2024,14:02:06,24289.5,24283.6,75,24289.45,275,25,1231775
NIFTY-II.NFO,05/08/2024,14:02:08,24282.85,24282.85,25,24287,50,50,1231775
NIFTY-II.NFO,05/08/2024,14:02:09,24280.45,24281.55,150,24285.7,50,75,1231775
NIFTY-II.NFO,05/08/2024,14:02:11,24282.05,24281.35,50,24286.05,75,50,1231775
NIFTY-II.NFO,05/08/2024,14:02:13,24282.05,24282.95,50,24285.3,100,0,1231775
NIFTY-II.NFO,05/08/2024,14:02:14,24282.95,24283.15,25,24285.3,100,25,1231775
NIFTY-II.NFO,05/08/2024,14:02:16,24285.3,24285.1,125,24290,25,150,1231775
NIFTY-II.NFO,05/08/2024,14:02:17,24286.05,24285.8,125,24290,100,50,1231775
NIFTY-II.NFO,05/08/2024,14:02:19,24286.05,24285.8,50,24290,25,0,1231775
NIFTY-II.NFO,05/08/2024,14:02:21,24286.05,24285,50,24290,100,0,1231775
NIFTY-II.NFO,05/08/2024,14:02:22,24287.2,24287.15,150,24290,25,50,1231775
NIFTY-II.NFO,05/08/2024,14:02:24,24285,24284.95,250,24289.95,50,25,1231775
NIFTY-II.NFO,05/08/2024,14:02:26,24284.95,24287.4,100,24290,25,25,1231775
NIFTY-II.NFO,05/08/2024,14:02:27,24285.25,24284.5,25,24290,25,25,1231775
NIFTY-II.NFO,05/08/2024,14:02:29,24286.8,24285.1,25,24290,100,50,1231775
NIFTY-II.NFO,05/08/2024,14:02:31,24284.35,24283.75,225,24288.9,325,25,1231775
NIFTY-II.NFO,05/08/2024,14:02:32,24284.6,24283.75,225,24288.6,125,25,1231775
NIFTY-II.NFO,05/08/2024,14:02:34,24284.6,24284.9,25,24289.35,200,0,1231775
NIFTY-II.NFO,05/08/2024,14:02:35,24284.6,24282.25,25,24287.45,275,0,1231775
NIFTY-II.NFO,05/08/2024,14:02:37,24282.3,24282.25,25,24286.6,200,50,1231775
NIFTY-II.NFO,05/08/2024,14:02:39,24282.3,24282.25,25,24284,50,0,1231775
NIFTY-II.NFO,05/08/2024,14:02:45,24282.25,24282.45,25,24284,50,25,1231775
NIFTY-II.NFO,05/08/2024,14:02:47,24284,24282.65,50,24284,25,25,1231775
NIFTY-II.NFO,05/08/2024,14:02:48,24284,24284.85,75,24289.95,200,25,1231775
NIFTY-II.NFO,05/08/2024,14:02:50,24284,24283.45,225,24289.5,325,0,1231775
NIFTY-II.NFO,05/08/2024,14:02:52,24286.8,24282.3,25,24286.8,200,25,1231775
NIFTY-II.NFO,05/08/2024,14:02:53,24286.8,24282.35,25,24287.8,275,0,1231775
NIFTY-II.NFO,05/08/2024,14:02:55,24286.8,24284,100,24286.55,200,0,1231775
NIFTY-II.NFO,05/08/2024,14:02:56,24286.8,24284,100,24287.5,275,0,1231775
NIFTY-II.NFO,05/08/2024,14:02:58,24282.3,24280,125,24283.15,200,125,1231775
NIFTY-II.NFO,05/08/2024,14:03:00,24282.5,24280,50,24280.75,200,75,1231775
NIFTY-II.NFO,05/08/2024,14:03:01,24280,24280,25,24281.5,50,25,1231775
NIFTY-II.NFO,05/08/2024,14:03:03,24280,24280,25,24282.3,275,0,1231775
NIFTY-II.NFO,05/08/2024,14:03:05,24280,24276.15,75,24280,25,25,1231775
NIFTY-II.NFO,05/08/2024,14:03:06,24280,24275.85,25,24279.9,275,0,1231775
NIFTY-II.NFO,05/08/2024,14:03:08,24278.8,24275.85,25,24278.9,50,50,1231775
NIFTY-II.NFO,05/08/2024,14:03:10,24278.8,24275.85,25,24277.65,200,0,1231775
NIFTY-II.NFO,05/08/2024,14:03:11,24275.85,24275,325,24276.8,200,25,1231775
NIFTY-II.NFO,05/08/2024,14:03:13,24275,24275,75,24279.05,275,250,1231775
NIFTY-II.NFO,05/08/2024,14:03:14,24275,24275,75,24276,25,0,1231775
NIFTY-II.NFO,05/08/2024,14:03:18,24275,24271.25,75,24275.95,275,625,1231775
NIFTY-II.NFO,05/08/2024,14:03:19,24275,24271.45,225,24276,25,0,1231775
NIFTY-II.NFO,05/08/2024,14:03:21,24275,24271,25,24275.7,325,0,1231775
NIFTY-II.NFO,05/08/2024,14:03:23,24275,24273.55,125,24276,25,0,1231775
NIFTY-II.NFO,05/08/2024,14:03:24,24275,24272.8,50,24278.8,200,0,1231775
NIFTY-II.NFO,05/08/2024,14:03:26,24275,24272.8,50,24278.4,200,0,1231775
NIFTY-II.NFO,05/08/2024,14:03:28,24272.8,24272.2,50,24277.95,275,25,1231775
NIFTY-II.NFO,05/08/2024,14:03:29,24274.45,24271,25,24274.3,275,75,1231775
NIFTY-II.NFO,05/08/2024,14:03:31,24274.45,24271,25,24273.2,325,0,1231775
NIFTY-II.NFO,05/08/2024,14:03:33,24273.2,24271,25,24275.05,275,125,1231775
NIFTY-II.NFO,05/08/2024,14:03:34,24273.2,24271,25,24273.55,275,0,1231775
NIFTY-II.NFO,05/08/2024,14:03:36,24273.2,24271,25,24273,275,0,1231775
NIFTY-II.NFO,05/08/2024,14:03:37,24271,24266.85,200,24272,50,25,1231775
NIFTY-II.NFO,05/08/2024,14:03:39,24266.2,24266.2,100,24271.4,325,100,1231775
NIFTY-II.NFO,05/08/2024,14:03:41,24268.7,24268.7,150,24274.4,200,100,1231775
NIFTY-II.NFO,05/08/2024,14:03:42,24269.05,24269.2,25,24270,25,125,1231775
NIFTY-II.NFO,05/08/2024,14:03:44,24268.5,24268.15,250,24270,25,50,1231775
NIFTY-II.NFO,05/08/2024,14:03:46,24268.5,24268.55,125,24270,25,0,1231775
NIFTY-II.NFO,05/08/2024,14:03:47,24268.5,24268.3,125,24270,25,0,1231775
NIFTY-II.NFO,05/08/2024,14:03:49,24268.5,24269.1,125,24270,25,0,1231775
NIFTY-II.NFO,05/08/2024,14:03:51,24269.45,24268.3,125,24273.6,275,100,1231775
NIFTY-II.NFO,05/08/2024,14:03:52,24269.45,24266.8,50,24272.45,200,0,1231775
NIFTY-II.NFO,05/08/2024,14:03:54,24269.45,24266,175,24271.45,275,0,1231775
NIFTY-II.NFO,05/08/2024,14:03:56,24269.45,24266.5,50,24270,25,0,1231775
NIFTY-II.NFO,05/08/2024,14:03:57,24269.45,24266,175,24269.45,25,0,1231775
NIFTY-II.NFO,05/08/2024,14:03:59,24269.45,24266,175,24267.5,200,0,1231775
NIFTY-II.NFO,05/08/2024,14:04:01,24266,24265.1,25,24266.8,200,175,1231775
NIFTY-II.NFO,05/08/2024,14:04:02,24266,24265.1,25,24266.7,275,0,1231775
NIFTY-II.NFO,05/08/2024,14:04:04,24265.1,24260.3,75,24264.65,275,25,1231775
NIFTY-II.NFO,05/08/2024,14:04:06,24265.1,24260,25,24262.5,275,0,1231775
NIFTY-II.NFO,05/08/2024,14:04:07,24260,24256,25,24259.45,200,25,1231775
NIFTY-II.NFO,05/08/2024,14:04:09,24260,24256,25,24259.5,50,0,1231775
NIFTY-II.NFO,05/08/2024,14:04:11,24260,24256,25,24259.15,50,0,1231775
NIFTY-II.NFO,05/08/2024,14:04:12,24257.25,24256,25,24256.3,250,50,1231775
NIFTY-II.NFO,05/08/2024,14:04:14,24255.1,24254.8,125,24259.45,50,50,1231775
NIFTY-II.NFO,05/08/2024,14:04:16,24255.1,24252.35,75,24257,150,0,1231775
NIFTY-II.NFO,05/08/2024,14:04:17,24255.1,24253.05,125,24258.85,275,0,1231775
NIFTY-II.NFO,05/08/2024,14:04:19,24255.1,24253,325,24257.6,200,0,1231775
NIFTY-II.NFO,05/08/2024,14:04:21,24255.1,24254.2,25,24259.55,200,0,1231775
NIFTY-II.NFO,05/08/2024,14:04:22,24255.1,24255.25,125,24259.4,50,25,1230200
NIFTY-II.NFO,05/08/2024,14:04:24,24257.2,24256.95,125,24260,750,25,1230200
NIFTY-II.NFO,05/08/2024,14:04:26,24257.2,24255.5,125,24260,750,0,1230200
NIFTY-II.NFO,05/08/2024,14:04:27,24254.65,24256.1,250,24260,725,125,1230200
NIFTY-II.NFO,05/08/2024,14:04:29,24254.65,24257.2,100,24260,725,0,1230200
NIFTY-II.NFO,05/08/2024,14:04:31,24254.65,24255,25,24259.65,275,0,1230200
NIFTY-II.NFO,05/08/2024,14:04:32,24254.65,24256.75,250,24260,725,0,1230200
NIFTY-II.NFO,05/08/2024,14:04:34,24260,24259.5,250,24260,675,75,1230200
NIFTY-II.NFO,05/08/2024,14:04:36,24260.1,24262.25,25,24267.15,275,700,1230200
NIFTY-II.NFO,05/08/2024,14:04:37,24262.5,24262.05,50,24267.4,200,25,1230200
NIFTY-II.NFO,05/08/2024,14:04:39,24262.5,24262.3,50,24267.55,275,0,1230200
NIFTY-II.NFO,05/08/2024,14:04:41,24261.85,24262.5,500,24268.2,200,25,1230200
NIFTY-II.NFO,05/08/2024,14:04:42,24262.5,24265.75,475,24270,25,25,1230200
NIFTY-II.NFO,05/08/2024,14:04:44,24262.5,24265.25,475,24270,25,0,1230200
NIFTY-II.NFO,05/08/2024,14:04:46,24262.5,24263.5,475,24268.85,200,0,1230200
NIFTY-II.NFO,05/08/2024,14:04:47,24264.1,24265.7,125,24270,25,325,1230200
NIFTY-II.NFO,05/08/2024,14:04:49,24264.1,24264.4,125,24269.95,200,0,1230200
NIFTY-II.NFO,05/08/2024,14:04:51,24269.95,24264.1,25,24269.7,200,25,1230200
NIFTY-II.NFO,05/08/2024,14:04:52,24269.95,24266.9,200,24270,25,0,1230200
NIFTY-II.NFO,05/08/2024,14:04:54,24269.95,24268.65,125,24270,25,0,1230200
NIFTY-II.NFO,05/08/2024,14:04:56,24267,24266.9,200,24270,25,25,1230200
NIFTY-II.NFO,05/08/2024,14:04:57,24267,24267.75,75,24269,25,0,1230200
NIFTY-II.NFO,05/08/2024,14:04:59,24267,24266.9,200,24269,25,0,1230200
NIFTY-II.NFO,05/08/2024,14:05:01,24267,24267.45,25,24269,25,0,1230200
NIFTY-II.NFO,05/08/2024,14:05:02,24270,24270.25,250,24274.95,200,50,1230200
NIFTY-II.NFO,05/08/2024,14:05:04,24270,24271.75,100,24275,25,0,1230200
NIFTY-II.NFO,05/08/2024,14:05:06,24270,24270.85,250,24275,25,0,1230200
NIFTY-II.NFO,05/08/2024,14:05:07,24270,24268.6,200,24273.3,250,0,1230200
NIFTY-II.NFO,05/08/2024,14:05:09,24268.6,24269,50,24274.4,275,100,1230200
NIFTY-II.NFO,05/08/2024,14:05:11,24268.6,24269.3,125,24274.6,275,0,1230200
NIFTY-II.NFO,05/08/2024,14:05:12,24268.6,24266.9,200,24272.55,200,0,1230200
NIFTY-II.NFO,05/08/2024,14:05:14,24266.9,24269,125,24274.6,200,25,1230200
NIFTY-II.NFO,05/08/2024,14:05:16,24266.9,24267.6,250,24273.6,275,0,1230200
NIFTY-II.NFO,05/08/2024,14:05:17,24266.9,24266.9,175,24271.9,50,0,1230200
NIFTY-II.NFO,05/08/2024,14:05:19,24266.9,24266.9,175,24270,125,0,1230200
NIFTY-II.NFO,05/08/2024,14:05:21,24266.9,24266.9,175,24269.95,50,0,1230200
NIFTY-II.NFO,05/08/2024,14:05:22,24266.9,24266.9,175,24269.4,275,0,1230200
NIFTY-II.NFO,05/08/2024,14:05:24,24266.9,24266.9,175,24269.25,50,0,1230200
NIFTY-II.NFO,05/08/2024,14:05:26,24266.9,24263.05,25,24266.1,50,200,1230200
NIFTY-II.NFO,05/08/2024,14:05:27,24266.9,24260.85,100,24264.65,50,0,1230200
NIFTY-II.NFO,05/08/2024,14:05:29,24266.9,24261.6,75,24266.3,50,0,1230200
NIFTY-II.NFO,05/08/2024,14:05:30,24266.9,24264.45,125,24267,50,0,1230200
NIFTY-II.NFO,05/08/2024,14:05:32,24266.9,24263.3,225,24268.75,275,0,1230200
NIFTY-II.NFO,05/08/2024,14:05:34,24267.1,24262.6,300,24267.4,200,50,1230200
NIFTY-II.NFO,05/08/2024,14:05:36,24267.1,24265.3,50,24269.95,200,0,1230200
NIFTY-II.NFO,05/08/2024,14:05:37,24267.1,24265.05,50,24269.75,275,0,1230200
NIFTY-II.NFO,05/08/2024,14:05:39,24267.1,24266.85,50,24270,150,0,1230200
NIFTY-II.NFO,05/08/2024,14:05:40,24267.1,24267.55,50,24270,150,0,1230200
NIFTY-II.NFO,05/08/2024,14:05:42,24267.1,24266.95,125,24270,150,0,1230200
NIFTY-II.NFO,05/08/2024,14:05:44,24270,24269.15,100,24270,125,25,1230200
NIFTY-II.NFO,05/08/2024,14:05:45,24270,24269.6,50,24270,50,75,1230200
NIFTY-II.NFO,05/08/2024,14:05:47,24270,24268.6,175,24270,50,0,1230200
NIFTY-II.NFO,05/08/2024,14:05:49,24270,24273.55,50,24275,25,50,1230200
NIFTY-II.NFO,05/08/2024,14:05:50,24270,24271.95,50,24275,25,0,1230200
NIFTY-II.NFO,05/08/2024,14:05:52,24270,24271.2,50,24275,25,0,1230200
NIFTY-II.NFO,05/08/2024,14:05:54,24271.65,24271.55,25,24275,25,25,1230200
NIFTY-II.NFO,05/08/2024,14:05:55,24271.65,24270.45,150,24275,25,0,1230200
NIFTY-II.NFO,05/08/2024,14:05:57,24275,24270.1,25,24274,275,25,1230200
NIFTY-II.NFO,05/08/2024,14:05:59,24275,24268.5,125,24273,200,0,1230200
NIFTY-II.NFO,05/08/2024,14:06:00,24275,24267.9,25,24274.1,200,0,1230200
NIFTY-II.NFO,05/08/2024,14:06:02,24275,24268.5,25,24273.3,200,0,1230200
NIFTY-II.NFO,05/08/2024,14:06:04,24275,24269.25,75,24274.25,200,0,1230200
NIFTY-II.NFO,05/08/2024,14:06:05,24275,24268.8,25,24273.2,200,0,1230200
NIFTY-II.NFO,05/08/2024,14:06:07,24275,24268.35,25,24273.15,200,0,1230200
NIFTY-II.NFO,05/08/2024,14:06:08,24267.6,24267.6,100,24272.3,275,100,1230200
NIFTY-II.NFO,05/08/2024,14:06:10,24266.9,24266.9,25,24271.8,200,25,1230200
NIFTY-II.NFO,05/08/2024,14:06:12,24266.9,24266.9,25,24270.6,275,0,1230200
NIFTY-II.NFO,05/08/2024,14:06:13,24266.9,24266.9,25,24270.4,275,0,1230200
NIFTY-II.NFO,05/08/2024,14:06:15,24266.9,24262.35,75,24268.55,275,25,1230200
NIFTY-II.NFO,05/08/2024,14:06:17,24262.35,24261.95,100,24266.95,125,25,1230200
NIFTY-II.NFO,05/08/2024,14:06:18,24262.35,24262.65,100,24267.25,50,0,1230200
NIFTY-II.NFO,05/08/2024,14:06:20,24262.35,24262.4,250,24267.15,75,0,1230200
NIFTY-II.NFO,05/08/2024,14:06:21,24262.35,24260.7,100,24266.35,275,0,1230200
NIFTY-II.NFO,05/08/2024,14:06:23,24260.65,24260.9,75,24265.75,275,50,1230200
NIFTY-II.NFO,05/08/2024,14:06:25,24261.7,24261.65,50,24266.25,200,25,1230200
NIFTY-II.NFO,05/08/2024,14:06:26,24261.7,24262.05,250,24266.1,50,0,1230200
NIFTY-II.NFO,05/08/2024,14:06:28,24261.7,24263.85,250,24268.35,125,0,1230200
NIFTY-II.NFO,05/08/2024,14:06:30,24262.6,24262.3,250,24267.65,275,50,1230200
NIFTY-II.NFO,05/08/2024,14:06:31,24262.3,24262.85,250,24267.75,275,25,1230200
NIFTY-II.NFO,05/08/2024,14:06:33,24262.3,24263.6,25,24268.45,50,0,1230200
NIFTY-II.NFO,05/08/2024,14:06:34,24262.3,24264.85,250,24269.55,275,0,1230200
NIFTY-II.NFO,05/08/2024,14:06:36,24264.85,24266.85,125,24270,175,25,1230200
NIFTY-II.NFO,05/08/2024,14:06:38,24266,24267,250,24270,175,25,1230200
NIFTY-II.NFO,05/08/2024,14:06:39,24266,24267.9,25,24270,175,0,1230200
NIFTY-II.NFO,05/08/2024,14:06:41,24267.75,24267.85,50,24270,175,25,1230200
NIFTY-II.NFO,05/08/2024,14:06:43,24267.75,24267.25,25,24270,175,0,1230200
NIFTY-II.NFO,05/08/2024,14:06:44,24268.55,24268.6,425,24270,175,25,1230200
NIFTY-II.NFO,05/08/2024,14:06:46,24268.55,24268.65,75,24274.1,200,0,1230200
NIFTY-II.NFO,05/08/2024,14:06:48,24269.3,24269.05,25,24273.9,275,25,1230200
NIFTY-II.NFO,05/08/2024,14:06:49,24268.15,24268.15,50,24273.7,275,50,1230200
NIFTY-II.NFO,05/08/2024,14:06:51,24269.2,24269.2,50,24273.9,275,25,1230200
NIFTY-II.NFO,05/08/2024,14:06:53,24269.2,24269.2,50,24273.8,275,0,1230200
NIFTY-II.NFO,05/08/2024,14:06:54,24269,24268.55,200,24273.8,275,100,1230200
NIFTY-II.NFO,05/08/2024,14:06:56,24269,24265.65,75,24270.85,200,0,1230200
NIFTY-II.NFO,05/08/2024,14:06:58,24262.6,24262.3,25,24267.45,275,25,1230200
NIFTY-II.NFO,05/08/2024,14:06:59,24261,24261,100,24265.35,275,50,1230200
NIFTY-II.NFO,05/08/2024,14:07:01,24261,24261,75,24262.85,275,25,1230200
NIFTY-II.NFO,05/08/2024,14:07:03,24261,24261,50,24262.15,275,25,1230200
NIFTY-II.NFO,05/08/2024,14:07:04,24261,24257.7,75,24261.45,275,50,1230200
NIFTY-II.NFO,05/08/2024,14:07:06,24261,24255.7,25,24260.75,275,0,1230200
NIFTY-II.NFO,05/08/2024,14:07:07,24261,24255.7,25,24260.95,275,0,1230200
NIFTY-II.NFO,05/08/2024,14:07:09,24261,24261,25,24262.15,200,0,1230200
NIFTY-II.NFO,05/08/2024,14:07:11,24256.2,24255.8,50,24260,25,125,1230200
NIFTY-II.NFO,05/08/2024,14:07:12,24256.2,24257.5,125,24260,25,0,1230200
NIFTY-II.NFO,05/08/2024,14:07:14,24256.2,24256.35,250,24260,200,0,1230200
NIFTY-II.NFO,05/08/2024,14:07:16,24256.2,24256.25,100,24260,200,0,1230200
NIFTY-II.NFO,05/08/2024,14:07:17,24256.75,24256.7,125,24260,200,25,1230200
NIFTY-II.NFO,05/08/2024,14:07:19,24256.75,24258.6,250,24260,200,0,1230200
NIFTY-II.NFO,05/08/2024,14:07:20,24256.75,24256.7,250,24260,200,0,1230200
NIFTY-II.NFO,05/08/2024,14:07:22,24256.75,24256.15,100,24259.95,50,0,1230200
NIFTY-II.NFO,05/08/2024,14:07:24,24256.6,24256.15,100,24260,200,50,1229400
NIFTY-II.NFO,05/08/2024,14:07:25,24256.6,24256.2,250,24260,200,0,1229400
NIFTY-II.NFO,05/08/2024,14:07:27,24257.05,24257.05,50,24260,200,25,1229400
NIFTY-II.NFO,05/08/2024,14:07:29,24257.05,24256.85,75,24260,200,0,1229400
NIFTY-II.NFO,05/08/2024,14:07:30,24257.05,24257.55,250,24260,200,75,1229400
NIFTY-II.NFO,05/08/2024,14:07:32,24257.05,24256.35,125,24260,200,0,1229400
NIFTY-II.NFO,05/08/2024,14:07:34,24257.05,24258.85,75,24260,200,0,1229400
NIFTY-II.NFO,05/08/2024,14:07:35,24260,24258.8,75,24260,175,25,1229400
NIFTY-II.NFO,05/08/2024,14:07:37,24260,24257.75,250,24259,25,0,1229400
NIFTY-II.NFO,05/08/2024,14:07:39,24260,24256.65,75,24259,25,0,1229400
NIFTY-II.NFO,05/08/2024,14:07:42,24260,24256.95,75,24259,25,0,1229400
NIFTY-II.NFO,05/08/2024,14:07:45,24256.95,24256.6,75,24258.25,200,75,1229400
NIFTY-II.NFO,05/08/2024,14:07:47,24255,24251.2,75,24255.1,275,200,1229400
NIFTY-II.NFO,05/08/2024,14:07:49,24255,24251.1,25,24253.2,50,0,1229400
NIFTY-II.NFO,05/08/2024,14:07:50,24255,24251.95,125,24256.7,50,0,1229400
NIFTY-II.NFO,05/08/2024,14:07:52,24255,24252.05,50,24256.95,50,0,1229400
NIFTY-II.NFO,05/08/2024,14:07:54,24255,24255.45,250,24256.95,25,0,1229400
NIFTY-II.NFO,05/08/2024,14:07:56,24255,24254.55,125,24256.95,25,0,1229400
NIFTY-II.NFO,05/08/2024,14:07:57,24259,24257.3,125,24260,200,50,1229400
NIFTY-II.NFO,05/08/2024,14:07:59,24259,24256.85,75,24260,200,0,1229400
NIFTY-II.NFO,05/08/2024,14:08:01,24259,24257.9,75,24260,200,0,1229400
NIFTY-II.NFO,05/08/2024,14:08:02,24259,24255.85,125,24260,200,0,1229400
NIFTY-II.NFO,05/08/2024,14:08:04,24259,24257,125,24260,200,0,1229400
NIFTY-II.NFO,05/08/2024,14:08:06,24259,24256.75,50,24260,200,0,1229400
NIFTY-II.NFO,05/08/2024,14:08:07,24259,24255.35,75,24259.95,275,0,1229400
NIFTY-II.NFO,05/08/2024,14:08:09,24259.85,24252.4,100,24257.55,275,25,1229400
NIFTY-II.NFO,05/08/2024,14:08:11,24259.85,24251.1,25,24255.6,325,0,1229400
NIFTY-II.NFO,05/08/2024,14:08:12,24259.85,24251.25,100,24256.05,200,0,1229400
NIFTY-II.NFO,05/08/2024,14:08:14,24251.25,24251.1,25,24254.6,275,25,1229400
NIFTY-II.NFO,05/08/2024,14:08:16,24251.25,24251.1,25,24254.9,275,0,1229400
NIFTY-II.NFO,05/08/2024,14:08:17,24251.25,24251.1,25,24254.5,275,0,1229400
NIFTY-II.NFO,05/08/2024,14:08:19,24251.25,24251.1,25,24254.9,275,0,1229400
NIFTY-II.NFO,05/08/2024,14:08:21,24251.25,24251.1,25,24255.3,200,0,1229400
NIFTY-II.NFO,05/08/2024,14:08:22,24251.25,24251.1,25,24255.25,300,0,1229400
NIFTY-II.NFO,05/08/2024,14:08:24,24251.25,24251.3,75,24255.2,275,0,1229400
NIFTY-II.NFO,05/08/2024,14:08:26,24251.25,24251.3,75,24255.25,25,0,1229400
NIFTY-II.NFO,05/08/2024,14:08:27,24251.3,24251.3,50,24255,25,25,1229400
NIFTY-II.NFO,05/08/2024,14:08:29,24255,24252.1,75,24255.25,25,25,1229400
NIFTY-II.NFO,05/08/2024,14:08:31,24255,24252.65,75,24255.25,25,0,1229400
NIFTY-II.NFO,05/08/2024,14:08:32,24255,24251.3,75,24255.25,25,0,1229400
NIFTY-II.NFO,05/08/2024,14:08:36,24255,24251.3,75,24255.05,275,0,1229400
NIFTY-II.NFO,05/08/2024,14:08:37,24251.3,24251.3,50,24253.9,275,25,1229400
NIFTY-II.NFO,05/08/2024,14:08:39,24251.3,24251.3,50,24254.1,200,0,1229400
NIFTY-II.NFO,05/08/2024,14:08:41,24253.9,24251.25,75,24253.8,275,100,1229400
NIFTY-II.NFO,05/08/2024,14:08:42,24251.3,24251.3,75,24253.4,300,175,1229400
NIFTY-II.NFO,05/08/2024,14:08:44,24251.3,24251.25,75,24252.15,225,25,1229400
NIFTY-II.NFO,05/08/2024,14:08:46,24253,24251.25,50,24253.4,150,50,1229400
NIFTY-II.NFO,05/08/2024,14:08:47,24251.25,24251.25,25,24253.35,150,25,1229400
NIFTY-II.NFO,05/08/2024,14:08:49,24251.25,24251.25,25,24253.5,225,0,1229400
NIFTY-II.NFO,05/08/2024,14:08:51,24251.25,24251.1,25,24253.35,225,25,1229400
NIFTY-II.NFO,05/08/2024,14:08:52,24250.05,24250.05,225,24251.7,325,75,1229400
NIFTY-II.NFO,05/08/2024,14:08:54,24250.05,24250.05,225,24252.35,300,0,1229400
NIFTY-II.NFO,05/08/2024,14:08:56,24250.05,24250.05,200,24251.95,75,25,1229400
NIFTY-II.NFO,05/08/2024,14:08:57,24250.05,24250.05,150,24251.95,150,50,1229400
NIFTY-II.NFO,05/08/2024,14:08:59,24250.05,24250.05,150,24252.95,225,0,1229400
NIFTY-II.NFO,05/08/2024,14:09:01,24250.05,24250.05,75,24251.85,150,75,1229400
NIFTY-II.NFO,05/08/2024,14:09:02,24250.05,24250.05,75,24253,25,0,1229400
NIFTY-II.NFO,05/08/2024,14:09:04,24250.05,24250.05,75,24253,50,0,1229400
NIFTY-II.NFO,05/08/2024,14:09:06,24250.05,24250.4,200,24253,50,0,1229400
NIFTY-II.NFO,05/08/2024,14:09:07,24250.05,24250.1,200,24252.95,25,0,1229400
NIFTY-II.NFO,05/08/2024,14:09:09,24250.05,24250.35,50,24253,50,0,1229400
NIFTY-II.NFO,05/08/2024,14:09:11,24250.15,24250.1,250,24253,50,100,1229400
NIFTY-II.NFO,05/08/2024,14:09:12,24250.15,24251.05,250,24253,50,0,1229400
NIFTY-II.NFO,05/08/2024,14:09:14,24251.5,24251.65,50,24253,50,200,1229400
NIFTY-II.NFO,05/08/2024,14:09:16,24252.6,24252.65,25,24253,50,25,1229400
NIFTY-II.NFO,05/08/2024,14:09:17,24253,24253.4,25,24255,100,50,1229400
NIFTY-II.NFO,05/08/2024,14:09:19,24253,24254.8,25,24255,100,0,1229400
NIFTY-II.NFO,05/08/2024,14:09:20,24254.45,24253.1,25,24255,100,25,1229400
NIFTY-II.NFO,05/08/2024,14:09:22,24254.45,24253,675,24255,100,0,1229400
NIFTY-II.NFO,05/08/2024,14:09:25,24254.45,24253.05,75,24255,100,0,1229400
NIFTY-II.NFO,05/08/2024,14:09:27,24254.45,24254.6,25,24255,100,0,1229400
NIFTY-II.NFO,05/08/2024,14:09:29,24259.65,24255.45,125,24259.7,175,450,1229400
NIFTY-II.NFO,05/08/2024,14:09:30,24259.65,24253.05,250,24258.9,175,0,1229400
NIFTY-II.NFO,05/08/2024,14:09:32,24259.65,24255.2,250,24260,200,0,1229400
NIFTY-II.NFO,05/08/2024,14:09:34,24259.65,24255.75,175,24259.95,200,0,1229400
NIFTY-II.NFO,05/08/2024,14:09:35,24260,24260,25,24260.7,75,200,1229400
NIFTY-II.NFO,05/08/2024,14:09:37,24260,24253.2,250,24256.95,25,25,1229400
NIFTY-II.NFO,05/08/2024,14:09:39,24253,24253,625,24256.95,25,50,1229400
NIFTY-II.NFO,05/08/2024,14:09:40,24257.65,24253,625,24257.25,225,25,1229400
NIFTY-II.NFO,05/08/2024,14:09:42,24257.65,24253,625,24256.95,275,0,1229400
NIFTY-II.NFO,05/08/2024,14:09:44,24253,24253,600,24257.25,225,25,1229400
NIFTY-II.NFO,05/08/2024,14:09:45,24253,24253,525,24255.85,150,75,1229400
NIFTY-II.NFO,05/08/2024,14:09:47,24253,24253,525,24255.85,150,0,1229400
NIFTY-II.NFO,05/08/2024,14:09:49,24253,24253,500,24254.2,225,25,1229400
NIFTY-II.NFO,05/08/2024,14:09:50,24253,24250.1,75,24252.9,225,500,1229400
NIFTY-II.NFO,05/08/2024,14:09:52,24253,24250.05,75,24253.2,150,0,1229400
NIFTY-II.NFO,05/08/2024,14:09:54,24253,24250.05,75,24254.75,200,0,1229400
NIFTY-II.NFO,05/08/2024,14:09:55,24253,24250.05,75,24253.9,225,0,1229400
NIFTY-II.NFO,05/08/2024,14:09:57,24250.05,24250.05,50,24252.75,50,25,1229400
NIFTY-II.NFO,05/08/2024,14:09:58,24250.05,24250.05,25,24252.55,125,50,1229400
NIFTY-II.NFO,05/08/2024,14:10:00,24250.05,24250.05,25,24253,25,0,1229400
NIFTY-II.NFO,05/08/2024,14:10:02,24253,24253,400,24256.35,150,50,1229400
NIFTY-II.NFO,05/08/2024,14:10:03,24253,24253,375,24256.55,150,25,1229400
NIFTY-II.NFO,05/08/2024,14:10:05,24253,24253,350,24255.45,200,25,1229400
NIFTY-II.NFO,05/08/2024,14:10:07,24253,24253,350,24257.35,275,0,1229400
NIFTY-II.NFO,05/08/2024,14:10:08,24253,24253,300,24254.1,225,50,1229400
NIFTY-II.NFO,05/08/2024,14:10:10,24253,24250.05,25,24253.35,150,300,1229400
NIFTY-II.NFO,05/08/2024,14:10:12,24250,24246.15,200,24249.9,75,150,1229400
NIFTY-II.NFO,05/08/2024,14:10:13,24250,24246.05,200,24250.9,50,0,1229400
NIFTY-II.NFO,05/08/2024,14:10:15,24250,24246.05,200,24249.95,100,0,1229400
NIFTY-II.NFO,05/08/2024,14:10:17,24245,24240.15,200,24243.9,125,250,1229400
NIFTY-II.NFO,05/08/2024,14:10:18,24243.8,24240.1,25,24243.65,200,25,1229400
NIFTY-II.NFO,05/08/2024,14:10:20,24243.85,24240.1,25,24243.4,50,25,1229400
NIFTY-II.NFO,05/08/2024,14:10:21,24243.85,24240.1,25,24242.9,100,0,1229400
NIFTY-II.NFO,05/08/2024,14:10:23,24241.9,24240.05,25,24242.4,250,75,1228875
NIFTY-II.NFO,05/08/2024,14:10:25,24240,24240,50,24240.7,50,75,1228875
NIFTY-II.NFO,05/08/2024,14:10:26,24240,24237.35,200,24242.85,100,75,1228875
NIFTY-II.NFO,05/08/2024,14:10:28,24240,24238.75,250,24244.9,25,0,1228875
NIFTY-II.NFO,05/08/2024,14:10:30,24240,24236.2,250,24241.95,100,0,1228875
NIFTY-II.NFO,05/08/2024,14:10:31,24240,24238.4,250,24243.85,150,0,1228875
NIFTY-II.NFO,05/08/2024,14:10:33,24240,24238.9,250,24243.85,150,0,1228875
NIFTY-II.NFO,05/08/2024,14:10:35,24238.45,24239.95,250,24243.85,150,25,1228875
NIFTY-II.NFO,05/08/2024,14:10:36,24239.95,24240.1,250,24243.85,150,25,1228875
NIFTY-II.NFO,05/08/2024,14:10:38,24241.25,24241.05,200,24243.85,150,50,1228875
NIFTY-II.NFO,05/08/2024,14:10:40,24243.85,24244.1,250,24250,75,150,1228875
NIFTY-II.NFO,05/08/2024,14:10:41,24243.85,24245.55,250,24251.55,75,0,1228875
NIFTY-II.NFO,05/08/2024,14:10:43,24245.3,24245.35,250,24250.95,25,25,1228875
NIFTY-II.NFO,05/08/2024,14:10:44,24245.35,24246.5,200,24251.6,75,100,1228875
NIFTY-II.NFO,05/08/2024,14:10:46,24252.95,24247.6,225,24253,75,25,1228875
NIFTY-II.NFO,05/08/2024,14:10:48,24252.95,24246.5,475,24252.6,200,0,1228875
NIFTY-II.NFO,05/08/2024,14:10:49,24252.95,24247.9,175,24252.95,275,0,1228875
NIFTY-II.NFO,05/08/2024,14:10:51,24252.95,24248.6,225,24253,75,0,1228875
NIFTY-II.NFO,05/08/2024,14:10:53,24252.95,24248.55,225,24253,75,0,1228875
NIFTY-II.NFO,05/08/2024,14:10:54,24252.95,24249.1,225,24253,75,0,1228875
NIFTY-II.NFO,05/08/2024,14:10:56,24253,24252.5,175,24253,50,25,1228875
NIFTY-II.NFO,05/08/2024,14:10:58,24253,24249.9,225,24253,25,25,1228875
NIFTY-II.NFO,05/08/2024,14:10:59,24253,24251.65,225,24253,25,0,1228875
NIFTY-II.NFO,05/08/2024,14:11:01,24253,24252.8,175,24255,25,25,1228875
NIFTY-II.NFO,05/08/2024,14:11:03,24251.75,24253.05,75,24255,25,25,1228875
NIFTY-II.NFO,05/08/2024,14:11:04,24251.75,24253.9,75,24255,25,0,1228875
NIFTY-II.NFO,05/08/2024,14:11:06,24256.3,24250.15,325,24256.45,325,100,1228875
NIFTY-II.NFO,05/08/2024,14:11:08,24252.1,24251.1,250,24257.8,275,25,1228875
NIFTY-II.NFO,05/08/2024,14:11:09,24252.1,24252.1,200,24257.9,200,0,1228875
NIFTY-II.NFO,05/08/2024,14:11:11,24252.1,24250.7,200,24256.6,325,0,1228875
NIFTY-II.NFO,05/08/2024,14:11:13,24252.1,24251.15,250,24257.5,275,0,1228875
NIFTY-II.NFO,05/08/2024,14:11:14,24252.1,24251.6,250,24257.6,275,0,1228875
NIFTY-II.NFO,05/08/2024,14:11:16,24253.6,24253.75,175,24259.45,325,25,1228875
NIFTY-II.NFO,05/08/2024,14:11:18,24253.6,24253.05,25,24257.95,325,0,1228875
NIFTY-II.NFO,05/08/2024,14:11:19,24256.8,24250.4,200,24256.45,325,25,1228875
NIFTY-II.NFO,05/08/2024,14:11:21,24252.1,24252.6,175,24258.15,325,25,1228875
NIFTY-II.NFO,05/08/2024,14:11:22,24252.1,24253.2,75,24258.3,200,0,1228875
NIFTY-II.NFO,05/08/2024,14:11:24,24252.1,24253.3,175,24258.05,200,0,1228875
NIFTY-II.NFO,05/08/2024,14:11:26,24252.1,24253.7,175,24259.55,275,0,1228875
NIFTY-II.NFO,05/08/2024,14:11:27,24252.1,24254.45,225,24259.9,25,0,1228875
NIFTY-II.NFO,05/08/2024,14:11:29,24252.1,24256.4,175,24259.9,25,0,1228875
NIFTY-II.NFO,05/08/2024,14:11:31,24256.4,24255.95,175,24259.9,25,50,1228875
NIFTY-II.NFO,05/08/2024,14:11:32,24259.9,24255.9,25,24260.95,275,50,1228875
NIFTY-II.NFO,05/08/2024,14:11:34,24259.9,24256.25,150,24261,75,0,1228875
NIFTY-II.NFO,05/08/2024,14:11:36,24259.9,24256.45,150,24261,75,0,1228875
NIFTY-II.NFO,05/08/2024,14:11:37,24259.9,24254.1,150,24260.8,275,0,1228875
NIFTY-II.NFO,05/08/2024,14:11:39,24259.9,24253.75,150,24259.8,275,0,1228875
NIFTY-II.NFO,05/08/2024,14:11:40,24259.9,24254.1,150,24260.9,275,0,1228875
NIFTY-II.NFO,05/08/2024,14:11:42,24259.9,24254.15,150,24260.65,200,0,1228875
NIFTY-II.NFO,05/08/2024,14:11:44,24259.9,24255.6,150,24260.95,200,0,1228875
NIFTY-II.NFO,05/08/2024,14:11:45,24259.9,24255.25,150,24260.95,275,0,1228875
NIFTY-II.NFO,05/08/2024,14:11:47,24259.9,24255.1,150,24260.95,275,0,1228875
NIFTY-II.NFO,05/08/2024,14:11:49,24259.9,24255.05,75,24260.95,275,0,1228875
NIFTY-II.NFO,05/08/2024,14:11:50,24254.95,24254.1,125,24258.8,275,25,1228875
NIFTY-II.NFO,05/08/2024,14:11:52,24254.1,24253.35,175,24259.15,200,25,1228875
NIFTY-II.NFO,05/08/2024,14:11:53,24254.1,24253.35,125,24258.15,275,0,1228875
NIFTY-II.NFO,05/08/2024,14:11:55,24253.35,24252,25,24255.9,275,25,1228875
NIFTY-II.NFO,05/08/2024,14:11:57,24252,24250,175,24253.35,275,50,1228875
NIFTY-II.NFO,05/08/2024,14:11:58,24251.65,24250,125,24251.65,200,100,1228875
NIFTY-II.NFO,05/08/2024,14:12:00,24250,24250,75,24250.4,50,50,1228875
NIFTY-II.NFO,05/08/2024,14:12:02,24250,24250.05,150,24254.75,200,0,1228875
NIFTY-II.NFO,05/08/2024,14:12:03,24250,24250.45,150,24255.85,275,0,1228875
NIFTY-II.NFO,05/08/2024,14:12:05,24250,24250.75,150,24255.85,200,0,1228875
NIFTY-II.NFO,05/08/2024,14:12:07,24250,24250,75,24253.3,275,0,1228875
NIFTY-II.NFO,05/08/2024,14:12:08,24250,24250.05,175,24254.95,200,25,1228875
NIFTY-II.NFO,05/08/2024,14:12:10,24254.35,24250,50,24253.45,175,75,1228875
NIFTY-II.NFO,05/08/2024,14:12:12,24254.35,24250,50,24251.8,225,0,1228875
NIFTY-II.NFO,05/08/2024,14:12:13,24254.35,24250,50,24252.55,50,0,1228875
NIFTY-II.NFO,05/08/2024,14:12:15,24254.2,24250.15,250,24255.75,225,25,1228875
NIFTY-II.NFO,05/08/2024,14:12:17,24250,24250.05,275,24255.65,225,25,1228875
NIFTY-II.NFO,05/08/2024,14:12:18,24250,24250.05,225,24255.5,225,0,1228875
NIFTY-II.NFO,05/08/2024,14:12:20,24250,24250.1,250,24255.85,225,0,1228875
NIFTY-II.NFO,05/08/2024,14:12:21,24250,24250.05,25,24255.35,200,0,1228875
NIFTY-II.NFO,05/08/2024,14:12:23,24250,24250,25,24254.35,225,0,1228875
NIFTY-II.NFO,05/08/2024,14:12:25,24250,24250,25,24254.75,225,0,1228875
NIFTY-II.NFO,05/08/2024,14:12:26,24250,24250.05,225,24255.75,225,0,1228875
NIFTY-II.NFO,05/08/2024,14:12:28,24250,24251.05,25,24255.85,150,0,1228875
NIFTY-II.NFO,05/08/2024,14:12:29,24250,24250.95,250,24255.9,25,0,1228875
NIFTY-II.NFO,05/08/2024,14:12:31,24255.85,24251.1,250,24255.9,25,25,1228875
NIFTY-II.NFO,05/08/2024,14:12:33,24255.85,24251.1,250,24255.85,125,0,1228875
NIFTY-II.NFO,05/08/2024,14:12:34,24255.85,24252.9,250,24255.9,25,0,1228875
NIFTY-II.NFO,05/08/2024,14:12:36,24255.85,24253.15,475,24255.9,25,0,1228875
NIFTY-II.NFO,05/08/2024,14:12:38,24255.85,24254.1,250,24260.3,125,0,1228875
NIFTY-II.NFO,05/08/2024,14:12:39,24255.85,24255.1,250,24260.8,125,0,1228875
NIFTY-II.NFO,05/08/2024,14:12:41,24255.85,24255.1,125,24260.45,125,0,1228875
NIFTY-II.NFO,05/08/2024,14:12:43,24255.85,24255.15,375,24260.95,200,0,1228875
NIFTY-II.NFO,05/08/2024,14:12:44,24255.85,24256.95,125,24261,150,0,1228875
NIFTY-II.NFO,05/08/2024,14:12:48,24255.85,24257.1,125,24261,150,0,1228875
NIFTY-II.NFO,05/08/2024,14:12:49,24255.85,24256.45,125,24260.95,125,0,1228875
NIFTY-II.NFO,05/08/2024,14:12:51,24255.85,24255.7,125,24260.45,125,0,1228875
NIFTY-II.NFO,05/08/2024,14:12:53,24255.85,24254.1,125,24259.2,125,0,1228875
NIFTY-II.NFO,05/08/2024,14:12:54,24255.85,24253.3,75,24258.2,125,0,1228875
NIFTY-II.NFO,05/08/2024,14:12:56,24255.85,24250.7,125,24255.7,200,0,1228875
NIFTY-II.NFO,05/08/2024,14:12:57,24255.85,24250.55,75,24255.45,200,0,1228875
NIFTY-II.NFO,05/08/2024,14:12:59,24255.85,24250.6,75,24255.2,200,0,1228875
NIFTY-II.NFO,05/08/2024,14:13:01,24255.85,24251.7,75,24254.3,200,0,1228875
NIFTY-II.NFO,05/08/2024,14:13:02,24255.85,24250.05,75,24253.9,125,0,1228875
NIFTY-II.NFO,05/08/2024,14:13:04,24255.85,24250.2,75,24254.9,125,0,1228875
NIFTY-II.NFO,05/08/2024,14:13:06,24255.85,24250.4,75,24254.25,250,0,1228875
NIFTY-II.NFO,05/08/2024,14:13:07,24255.85,24250.05,75,24253.3,250,0,1228875
NIFTY-II.NFO,05/08/2024,14:13:09,24255.85,24250.05,75,24252.35,125,0,1228875
NIFTY-II.NFO,05/08/2024,14:13:10,24255.85,24250.05,75,24252.7,175,0,1228875
NIFTY-II.NFO,05/08/2024,14:13:12,24255.85,24250.05,75,24252.35,200,0,1228875
NIFTY-II.NFO,05/08/2024,14:13:14,24250.05,24250.05,50,24252.2,175,25,1228875
NIFTY-II.NFO,05/08/2024,14:13:15,24250,24249,25,24251.35,200,100,1228875
NIFTY-II.NFO,05/08/2024,14:13:17,24249,24245.45,200,24250.15,125,25,1228875
NIFTY-II.NFO,05/08/2024,14:13:19,24249,24243.2,75,24247.45,125,0,1228875
NIFTY-II.NFO,05/08/2024,14:13:20,24249,24243.15,200,24247.95,125,0,1228875
NIFTY-II.NFO,05/08/2024,14:13:22,24249,24241.35,150,24246.05,200,0,1228875
NIFTY-II.NFO,05/08/2024,14:13:24,24249,24242.75,200,24247.55,125,0,1228875
NIFTY-II.NFO,05/08/2024,14:13:25,24249,24240.6,200,24246.3,125,0,1228875
NIFTY-II.NFO,05/08/2024,14:13:27,24249,24240.4,200,24245.9,200,0,1228875
NIFTY-II.NFO,05/08/2024,14:13:28,24249,24240.7,50,24244.3,125,0,1228875
NIFTY-II.NFO,05/08/2024,14:13:30,24249,24240.1,25,24244.05,200,0,1228875
NIFTY-II.NFO,05/08/2024,14:13:32,24249,24240.15,200,24244.55,50,0,1228875
NIFTY-II.NFO,05/08/2024,14:13:33,24249,24240.15,200,24244.45,50,0,1228875
NIFTY-II.NFO,05/08/2024,14:13:35,24249,24240.15,200,24244.75,75,0,1228875
NIFTY-II.NFO,05/08/2024,14:13:37,24247.25,24241.4,200,24246.95,125,50,1228700
NIFTY-II.NFO,05/08/2024,14:13:38,24247.25,24245.25,250,24251.45,150,0,1228700
NIFTY-II.NFO,05/08/2024,14:13:40,24247.25,24244.7,250,24250.9,150,0,1228700
NIFTY-II.NFO,05/08/2024,14:13:42,24247.25,24246.7,250,24252.7,150,0,1228700
NIFTY-II.NFO,05/08/2024,14:13:43,24247.25,24247.3,200,24251.95,25,0,1228700
NIFTY-II.NFO,05/08/2024,14:13:45,24247.25,24249.4,250,24255,150,0,1228700
NIFTY-II.NFO,05/08/2024,14:13:46,24247.25,24248.1,250,24253.9,75,0,1228700
NIFTY-II.NFO,05/08/2024,14:13:48,24247.25,24249.6,250,24255.2,150,0,1228700
NIFTY-II.NFO,05/08/2024,14:13:50,24247.25,24250.45,250,24256.45,75,0,1228700
NIFTY-II.NFO,05/08/2024,14:13:51,24247.25,24249.1,200,24254.5,150,0,1228700
NIFTY-II.NFO,05/08/2024,14:13:53,24247.25,24249.3,500,24254.9,75,0,1228700
NIFTY-II.NFO,05/08/2024,14:13:55,24247.25,24247.3,200,24252.45,150,0,1228700
NIFTY-II.NFO,05/08/2024,14:13:56,24247.25,24247.3,200,24252.4,150,0,1228700
NIFTY-II.NFO,05/08/2024,14:13:58,24247.25,24247.25,75,24251.05,150,0,1228700
NIFTY-II.NFO,05/08/2024,14:13:59,24247.25,24240.85,200,24246.95,150,75,1228700
NIFTY-II.NFO,05/08/2024,14:14:01,24247.25,24240.15,200,24245.35,75,0,1228700
NIFTY-II.NFO,05/08/2024,14:14:03,24247.25,24240.85,200,24245,25,0,1228700
NIFTY-II.NFO,05/08/2024,14:14:04,24247.25,24242.15,200,24245,25,0,1228700
NIFTY-II.NFO,05/08/2024,14:14:06,24247.25,24242.25,200,24245,25,0,1228700
NIFTY-II.NFO,05/08/2024,14:14:11,24247.25,24243.75,200,24245,25,0,1228700
NIFTY-II.NFO,05/08/2024,14:14:12,24245,24244.6,200,24248,25,25,1228700
NIFTY-II.NFO,05/08/2024,14:14:14,24246,24246,200,24248,25,25,1228700
NIFTY-II.NFO,05/08/2024,14:14:16,24248,24248.6,175,24253,75,125,1228700
NIFTY-II.NFO,05/08/2024,14:14:17,24248,24249.5,125,24253.1,75,0,1228700
NIFTY-II.NFO,05/08/2024,14:14:19,24248,24250.15,250,24253.95,200,0,1228700
NIFTY-II.NFO,05/08/2024,14:14:20,24248,24250.15,250,24253.5,275,0,1228700
NIFTY-II.NFO,05/08/2024,14:14:22,24248,24250.15,250,24253.25,275,0,1228700
NIFTY-II.NFO,05/08/2024,14:14:24,24250.2,24250.4,200,24254,50,25,1228700
NIFTY-II.NFO,05/08/2024,14:14:25,24250.2,24250.7,150,24254,50,0,1228700
NIFTY-II.NFO,05/08/2024,14:14:27,24250.2,24252.95,200,24254,50,0,1228700
NIFTY-II.NFO,05/08/2024,14:14:29,24252.95,24252.95,125,24254,50,75,1228700
NIFTY-II.NFO,05/08/2024,14:14:30,24252.95,24252.7,75,24254,50,0,1228700
NIFTY-II.NFO,05/08/2024,14:14:32,24259.45,24255.15,150,24260,200,75,1228700
NIFTY-II.NFO,05/08/2024,14:14:34,24259.45,24254.3,150,24260.5,275,0,1228700
NIFTY-II.NFO,05/08/2024,14:14:35,24259.45,24255.15,150,24260.95,275,0,1228700
NIFTY-II.NFO,05/08/2024,14:14:37,24259.45,24253.85,100,24259.5,200,0,1228700
NIFTY-II.NFO,05/08/2024,14:14:39,24259.45,24254.25,150,24259.8,275,0,1228700
NIFTY-II.NFO,05/08/2024,14:14:40,24259.45,24255.4,150,24260.95,200,50,1228700
NIFTY-II.NFO,05/08/2024,14:14:42,24259.45,24254.25,150,24258.65,75,0,1228700
NIFTY-II.NFO,05/08/2024,14:14:44,24259.45,24252.8,100,24255,25,0,1228700
NIFTY-II.NFO,05/08/2024,14:14:45,24259.45,24252.05,225,24255,25,0,1228700
NIFTY-II.NFO,05/08/2024,14:14:47,24252,24250.4,125,24253.95,25,50,1228700
NIFTY-II.NFO,05/08/2024,14:14:48,24249.65,24249.65,75,24254.9,275,50,1228700
NIFTY-II.NFO,05/08/2024,14:14:50,24253,24248.25,125,24252.95,100,25,1228700
NIFTY-II.NFO,05/08/2024,14:14:52,24248.2,24248,25,24251.7,75,175,1228700
NIFTY-II.NFO,05/08/2024,14:14:53,24248.95,24248.95,25,24253.6,325,25,1228700
NIFTY-II.NFO,05/08/2024,14:14:55,24248.95,24249.65,25,24255,100,0,1228700
NIFTY-II.NFO,05/08/2024,14:14:57,24251,24250.7,175,24254.95,25,50,1228700
NIFTY-II.NFO,05/08/2024,14:14:58,24251,24249,250,24252.95,25,0,1228700
NIFTY-II.NFO,05/08/2024,14:15:00,24249,24249.3,225,24250,25,25,1228700
NIFTY-II.NFO,05/08/2024,14:15:02,24251.75,24251.35,200,24255,25,50,1228700
NIFTY-II.NFO,05/08/2024,14:15:03,24252.6,24252.85,175,24253,25,25,1228700
NIFTY-II.NFO,05/08/2024,14:15:05,24253,24253.5,175,24255,25,25,1228700
NIFTY-II.NFO,05/08/2024,14:15:06,24253.5,24253.35,150,24255,25,25,1228700
NIFTY-II.NFO,05/08/2024,14:15:08,24253.5,24253.95,150,24255,25,0,1228700
NIFTY-II.NFO,05/08/2024,14:15:10,24255,24255,150,24259.45,25,25,1228700
NIFTY-II.NFO,05/08/2024,14:15:11,24255,24254.8,150,24259.45,25,0,1228700
NIFTY-II.NFO,05/08/2024,14:15:13,24255,24255.15,300,24259.45,25,0,1228700
NIFTY-II.NFO,05/08/2024,14:15:15,24256.85,24255.9,200,24259.45,25,75,1228700
NIFTY-II.NFO,05/08/2024,14:15:16,24256.85,24258.5,150,24259.45,25,0,1228700
NIFTY-II.NFO,05/08/2024,14:15:18,24258,24258.55,150,24261,250,50,1228700
NIFTY-II.NFO,05/08/2024,14:15:19,24258,24257.5,150,24261,250,0,1228700
NIFTY-II.NFO,05/08/2024,14:15:21,24255,24255.3,125,24259.95,25,25,1228700
NIFTY-II.NFO,05/08/2024,14:15:23,24255,24255.8,125,24260.95,275,0,1228700
NIFTY-II.NFO,05/08/2024,14:15:24,24255,24253.8,75,24258.75,200,0,1228700
NIFTY-II.NFO,05/08/2024,14:15:26,24252.5,24252.3,75,24255.95,25,25,1228700
NIFTY-II.NFO,05/08/2024,14:15:27,24256.9,24250.85,25,24255.9,275,25,1228700
NIFTY-II.NFO,05/08/2024,14:15:29,24256.9,24251.6,25,24255.95,25,0,1228700
NIFTY-II.NFO,05/08/2024,14:15:30,24256.9,24250.35,125,24252.95,25,0,1228700
NIFTY-II.NFO,05/08/2024,14:15:32,24256.9,24249.45,25,24252.95,25,0,1228700
NIFTY-II.NFO,05/08/2024,14:15:34,24251.7,24248.95,25,24252.95,25,25,1228700
NIFTY-II.NFO,05/08/2024,14:15:35,24248.9,24249.6,50,24253.55,50,25,1228700
NIFTY-II.NFO,05/08/2024,14:15:37,24248.9,24249.1,25,24253.6,50,0,1228700
NIFTY-II.NFO,05/08/2024,14:15:38,24248.9,24249.85,25,24254.65,50,0,1228700
NIFTY-II.NFO,05/08/2024,14:15:40,24250.9,24251.55,125,24254.95,25,25,1228700
NIFTY-II.NFO,05/08/2024,14:15:42,24251.5,24252.5,100,24255,25,25,1228700
NIFTY-II.NFO,05/08/2024,14:15:43,24251.5,24254.6,25,24255,25,0,1228700
NIFTY-II.NFO,05/08/2024,14:15:45,24251.6,24250.65,50,24255.9,275,75,1228700
NIFTY-II.NFO,05/08/2024,14:15:46,24251.6,24253.25,125,24258.5,275,0,1228700
NIFTY-II.NFO,05/08/2024,14:15:48,24253.25,24253.3,100,24258.8,275,25,1228700
NIFTY-II.NFO,05/08/2024,14:15:50,24252.45,24252.35,100,24255.95,25,25,1228700
NIFTY-II.NFO,05/08/2024,14:15:51,24252.35,24251.85,125,24255.45,50,25,1228700
NIFTY-II.NFO,05/08/2024,14:15:53,24250.9,24250.75,125,24254.9,325,25,1228700
NIFTY-II.NFO,05/08/2024,14:15:54,24250.9,24250.75,125,24254.95,75,0,1228700
NIFTY-II.NFO,05/08/2024,14:15:56,24250.9,24250.25,75,24253.95,25,0,1228700
NIFTY-II.NFO,05/08/2024,14:15:58,24250.9,24252.3,125,24256.1,50,0,1228700
NIFTY-II.NFO,05/08/2024,14:15:59,24250.9,24251.75,100,24256.05,50,0,1228700
NIFTY-II.NFO,05/08/2024,14:16:01,24250.9,24253.15,125,24258.65,275,0,1228700
NIFTY-II.NFO,05/08/2024,14:16:02,24250.9,24253.7,100,24257.95,25,0,1228700
NIFTY-II.NFO,05/08/2024,14:16:04,24250.9,24255,125,24260.45,275,0,1228700
NIFTY-II.NFO,05/08/2024,14:16:05,24259.25,24254.3,125,24259.7,325,25,1228700
NIFTY-II.NFO,05/08/2024,14:16:07,24253.25,24253.8,125,24257.9,200,25,1228700
NIFTY-II.NFO,05/08/2024,14:16:08,24253.25,24253.55,150,24259.65,275,0,1228700
NIFTY-II.NFO,05/08/2024,14:16:10,24253.25,24254.2,125,24259.8,325,0,1228700
NIFTY-II.NFO,05/08/2024,14:16:12,24253.25,24254.35,100,24259.8,325,0,1228700
NIFTY-II.NFO,05/08/2024,14:16:13,24253.25,24252.3,250,24256.95,25,0,1228700
NIFTY-II.NFO,05/08/2024,14:16:15,24253.25,24253.25,25,24254.3,50,0,1228700
NIFTY-II.NFO,05/08/2024,14:16:16,24253.25,24253.25,25,24254.95,200,0,1228700
NIFTY-II.NFO,05/08/2024,14:16:18,24253.25,24253.25,25,24256.6,200,0,1228700
NIFTY-II.NFO,05/08/2024,14:16:20,24253.25,24253.25,25,24256.05,275,0,1228700
NIFTY-II.NFO,05/08/2024,14:16:21,24253.25,24253.25,25,24256.2,275,0,1228700
NIFTY-II.NFO,05/08/2024,14:16:23,24253.25,24251.15,100,24255.9,50,25,1228225
NIFTY-II.NFO,05/08/2024,14:16:24,24253.25,24252.6,250,24257.3,200,0,1228225
NIFTY-II.NFO,05/08/2024,14:16:26,24253.25,24253.3,250,24257.9,50,0,1228225
NIFTY-II.NFO,05/08/2024,14:16:28,24253.35,24254.35,100,24258.65,200,25,1228225
NIFTY-II.NFO,05/08/2024,14:16:29,24253.35,24254.45,100,24258.95,50,0,1228225
NIFTY-II.NFO,05/08/2024,14:16:31,24253.35,24256.5,125,24260,75,0,1228225
NIFTY-II.NFO,05/08/2024,14:16:33,24253.35,24254.65,500,24258.95,25,0,1228225
NIFTY-II.NFO,05/08/2024,14:16:34,24253.35,24254.65,375,24259.45,200,0,1228225
NIFTY-II.NFO,05/08/2024,14:16:36,24253.35,24255.55,250,24260,75,0,1228225
NIFTY-II.NFO,05/08/2024,14:16:38,24253.35,24257.45,125,24260,75,0,1228225
NIFTY-II.NFO,05/08/2024,14:16:39,24253.35,24257,175,24260,100,0,1228225
NIFTY-II.NFO,05/08/2024,14:16:41,24253.35,24257.7,250,24260,100,0,1228225
NIFTY-II.NFO,05/08/2024,14:16:43,24253.35,24257.7,250,24259,25,0,1228225
NIFTY-II.NFO,05/08/2024,14:16:46,24260,24259.9,125,24261,250,150,1228225
NIFTY-II.NFO,05/08/2024,14:16:48,24260,24259.15,75,24261,250,0,1228225
NIFTY-II.NFO,05/08/2024,14:16:49,24260,24258.25,125,24261,250,0,1228225
NIFTY-II.NFO,05/08/2024,14:16:51,24257.85,24256.1,125,24260.95,250,25,1228225
NIFTY-II.NFO,05/08/2024,14:16:53,24257.85,24255.6,250,24260.3,325,0,1228225
NIFTY-II.NFO,05/08/2024,14:16:54,24257.85,24255.6,250,24259.4,275,0,1228225
NIFTY-II.NFO,05/08/2024,14:16:56,24257.85,24254.45,250,24259.2,325,0,1228225
NIFTY-II.NFO,05/08/2024,14:16:58,24257.85,24255,25,24256.95,250,0,1228225
NIFTY-II.NFO,05/08/2024,14:16:59,24257.85,24255,25,24256.95,325,0,1228225
NIFTY-II.NFO,05/08/2024,14:17:01,24255,24251.3,125,24255.45,200,25,1228225
NIFTY-II.NFO,05/08/2024,14:17:03,24255,24251.5,125,24256.1,200,0,1228225
NIFTY-II.NFO,05/08/2024,14:17:04,24255,24251.25,250,24255.65,50,0,1228225
NIFTY-II.NFO,05/08/2024,14:17:06,24255,24250.05,250,24254.3,275,0,1228225
NIFTY-II.NFO,05/08/2024,14:17:07,24255,24250.05,250,24254,200,0,1228225
NIFTY-II.NFO,05/08/2024,14:17:09,24255,24250.05,250,24254.45,200,0,1228225
NIFTY-II.NFO,05/08/2024,14:17:11,24255,24251.65,250,24255.6,275,0,1228225
NIFTY-II.NFO,05/08/2024,14:17:12,24255,24251.75,250,24254.6,200,0,1228225
NIFTY-II.NFO,05/08/2024,14:17:14,24255,24250.05,250,24253.65,250,0,1228225
NIFTY-II.NFO,05/08/2024,14:17:15,24255,24252.85,125,24257.6,200,0,1228225
NIFTY-II.NFO,05/08/2024,14:17:17,24255,24253.5,250,24257.8,275,0,1228225
NIFTY-II.NFO,05/08/2024,14:17:19,24257.8,24254.65,25,24257.85,25,25,1228225
NIFTY-II.NFO,05/08/2024,14:17:20,24257.8,24255.8,125,24257.85,25,0,1228225
NIFTY-II.NFO,05/08/2024,14:17:22,24257.8,24255.9,25,24257.85,25,0,1228225
NIFTY-II.NFO,05/08/2024,14:17:24,24257.85,24258.55,125,24259.9,250,25,1228225
NIFTY-II.NFO,05/08/2024,14:17:25,24262,24262.1,25,24266.65,200,525,1228225
NIFTY-II.NFO,05/08/2024,14:17:27,24262,24263.2,75,24268.25,75,0,1228225
NIFTY-II.NFO,05/08/2024,14:17:29,24262,24267.7,75,24269.9,150,0,1228225
NIFTY-II.NFO,05/08/2024,14:17:30,24262,24269.3,150,24269.9,150,0,1228225
NIFTY-II.NFO,05/08/2024,14:17:32,24262,24268.35,250,24269.9,150,0,1228225
NIFTY-II.NFO,05/08/2024,14:17:34,24269.9,24268.75,250,24269.9,50,100,1228225
NIFTY-II.NFO,05/08/2024,14:17:35,24269.9,24268.75,250,24269.9,50,0,1228225
NIFTY-II.NFO,05/08/2024,14:17:37,24269.9,24265.45,25,24269.9,50,0,1228225
NIFTY-II.NFO,05/08/2024,14:17:39,24269.9,24266.1,75,24268.75,25,25,1228225
NIFTY-II.NFO,05/08/2024,14:17:40,24269.9,24264.7,25,24268.75,25,0,1228225
NIFTY-II.NFO,05/08/2024,14:17:42,24269.9,24264.4,25,24268.75,25,0,1228225
NIFTY-II.NFO,05/08/2024,14:17:44,24269.9,24265.8,25,24268.75,25,0,1228225
NIFTY-II.NFO,05/08/2024,14:17:45,24269.9,24264.9,250,24268.7,125,0,1228225
NIFTY-II.NFO,05/08/2024,14:17:47,24264.95,24264.9,250,24268.75,100,25,1228225
NIFTY-II.NFO,05/08/2024,14:17:48,24264.95,24263.55,250,24268.3,275,0,1228225
NIFTY-II.NFO,05/08/2024,14:17:50,24264.95,24262.1,25,24266.3,75,0,1228225
NIFTY-II.NFO,05/08/2024,14:17:52,24264.95,24262.1,25,24265.5,50,0,1228225
NIFTY-II.NFO,05/08/2024,14:17:53,24264.95,24262.1,25,24265.55,200,0,1228225
NIFTY-II.NFO,05/08/2024,14:17:55,24264.95,24259.2,75,24264.5,200,0,1228225
NIFTY-II.NFO,05/08/2024,14:17:57,24264.95,24257.8,25,24260.8,275,0,1228225
NIFTY-II.NFO,05/08/2024,14:17:58,24264.95,24257.8,25,24260.9,200,0,1228225
NIFTY-II.NFO,05/08/2024,14:18:00,24257.8,24252.35,25,24257.05,125,50,1228225
NIFTY-II.NFO,05/08/2024,14:18:02,24257.8,24251.65,25,24257.05,325,0,1228225
NIFTY-II.NFO,05/08/2024,14:18:03,24257.8,24253.05,25,24258.6,325,0,1228225
NIFTY-II.NFO,05/08/2024,14:18:05,24257.8,24254.15,25,24260.05,250,0,1228225
NIFTY-II.NFO,05/08/2024,14:18:06,24254.25,24252.75,250,24259.25,275,25,1228225
NIFTY-II.NFO,05/08/2024,14:18:08,24252.15,24250.65,325,24256.95,275,50,1228225
NIFTY-II.NFO,05/08/2024,14:18:10,24252.15,24253.1,100,24257,50,0,1228225
NIFTY-II.NFO,05/08/2024,14:18:11,24252.15,24252.65,200,24257.65,275,0,1228225
NIFTY-II.NFO,05/08/2024,14:18:13,24256.85,24253.15,25,24258.5,325,25,1228225
NIFTY-II.NFO,05/08/2024,14:18:15,24256.85,24253.8,200,24257.55,275,0,1228225
NIFTY-II.NFO,05/08/2024,14:18:16,24256.85,24251.7,200,24256.2,275,0,1228225
NIFTY-II.NFO,05/08/2024,14:18:18,24251.75,24251.75,100,24257,275,25,1228225
NIFTY-II.NFO,05/08/2024,14:18:19,24251.75,24253.6,75,24258.8,275,0,1228225
NIFTY-II.NFO,05/08/2024,14:18:21,24251.75,24253.9,25,24258.75,325,0,1228225
NIFTY-II.NFO,05/08/2024,14:18:23,24251.75,24253.65,25,24259.6,200,0,1228225
NIFTY-II.NFO,05/08/2024,14:18:24,24251.75,24256,250,24262.3,275,0,1228225
NIFTY-II.NFO,05/08/2024,14:18:26,24251.75,24256.7,200,24262.15,275,0,1228225
NIFTY-II.NFO,05/08/2024,14:18:28,24251.75,24256.7,200,24261.6,275,0,1228225
NIFTY-II.NFO,05/08/2024,14:18:29,24264.4,24258.9,100,24264.4,275,100,1228225
NIFTY-II.NFO,05/08/2024,14:18:31,24257.7,24256.8,75,24261.9,275,25,1228225
NIFTY-II.NFO,05/08/2024,14:18:33,24256.85,24255.2,175,24259.2,275,25,1228225
NIFTY-II.NFO,05/08/2024,14:18:34,24256.85,24255.2,175,24259.75,275,0,1228225
NIFTY-II.NFO,05/08/2024,14:18:36,24256.85,24252.35,175,24257.85,325,0,1228225
NIFTY-II.NFO,05/08/2024,14:18:38,24256.85,24252.55,75,24257.65,275,0,1228225
NIFTY-II.NFO,05/08/2024,14:18:39,24256.85,24251.9,75,24256.45,275,0,1228225
NIFTY-II.NFO,05/08/2024,14:18:41,24254.25,24254.25,25,24255.5,50,50,1228225
NIFTY-II.NFO,05/08/2024,14:18:43,24254.25,24250.9,100,24255.5,50,25,1228225
NIFTY-II.NFO,05/08/2024,14:18:44,24255.75,24250.5,100,24255.75,275,25,1228225
NIFTY-II.NFO,05/08/2024,14:18:46,24255.75,24252,100,24256.2,50,0,1228225
NIFTY-II.NFO,05/08/2024,14:18:48,24255.75,24251.95,100,24256.75,250,0,1228225
NIFTY-II.NFO,05/08/2024,14:18:49,24255.75,24250.65,175,24255.6,275,0,1228225
NIFTY-II.NFO,05/08/2024,14:18:51,24255.75,24250.85,125,24255.2,200,0,1228225
NIFTY-II.NFO,05/08/2024,14:18:53,24255.75,24251.7,100,24255.7,50,0,1228225
NIFTY-II.NFO,05/08/2024,14:18:54,24255.75,24251.75,75,24256.6,275,0,1228225
NIFTY-II.NFO,05/08/2024,14:18:56,24255.75,24251.75,75,24255.1,200,0,1228225
NIFTY-II.NFO,05/08/2024,14:18:58,24255.75,24251.75,75,24255.05,200,0,1228225
NIFTY-II.NFO,05/08/2024,14:19:00,24255.75,24251.75,75,24255.2,50,0,1228225
NIFTY-II.NFO,05/08/2024,14:19:01,24255.75,24251.75,75,24256.2,200,0,1228225
NIFTY-II.NFO,05/08/2024,14:19:03,24255.75,24253,100,24258,200,0,1228225
NIFTY-II.NFO,05/08/2024,14:19:04,24255.75,24255,100,24260.3,200,0,1228225
NIFTY-II.NFO,05/08/2024,14:19:06,24255.75,24258.75,150,24262,25,0,1228225
NIFTY-II.NFO,05/08/2024,14:19:08,24257.65,24257.65,125,24261.95,225,25,1228225
NIFTY-II.NFO,05/08/2024,14:19:09,24258.75,24258.05,75,24262,25,25,1228225
NIFTY-II.NFO,05/08/2024,14:19:11,24258.15,24255.1,50,24260.9,275,25,1228225
NIFTY-II.NFO,05/08/2024,14:19:13,24258.15,24255.1,100,24259.95,25,0,1228225
NIFTY-II.NFO,05/08/2024,14:19:14,24258.15,24257.1,50,24261.95,200,0,1228225
NIFTY-II.NFO,05/08/2024,14:19:16,24258.15,24254.9,50,24260.7,275,0,1228225
NIFTY-II.NFO,05/08/2024,14:19:18,24258.15,24255.1,100,24261.25,275,0,1228225
NIFTY-II.NFO,05/08/2024,14:19:19,24258.15,24255.05,175,24259.9,275,0,1228225
NIFTY-II.NFO,05/08/2024,14:19:21,24259.8,24255.05,175,24258.1,50,100,1228225
NIFTY-II.NFO,05/08/2024,14:19:23,24255,24255,150,24256.75,50,75,1227875
NIFTY-II.NFO,05/08/2024,14:19:24,24255,24255,100,24256.6,200,50,1227875
NIFTY-II.NFO,05/08/2024,14:19:26,24255,24250.05,150,24254.95,275,100,1227875
NIFTY-II.NFO,05/08/2024,14:19:28,24254,24250.05,175,24254.7,175,75,1227875
NIFTY-II.NFO,05/08/2024,14:19:29,24254,24251.45,200,24255.8,50,0,1227875
NIFTY-II.NFO,05/08/2024,14:19:31,24254,24252.05,125,24256.5,175,0,1227875
NIFTY-II.NFO,05/08/2024,14:19:33,24254,24251.3,200,24255.95,25,0,1227875
NIFTY-II.NFO,05/08/2024,14:19:34,24254,24253.7,200,24259.1,300,0,1227875
NIFTY-II.NFO,05/08/2024,14:19:36,24254,24252.85,200,24256.95,25,0,1227875
NIFTY-II.NFO,05/08/2024,14:19:38,24254,24256,50,24257.6,225,0,1227875
NIFTY-II.NFO,05/08/2024,14:19:39,24256,24256,25,24259.3,175,25,1227875
NIFTY-II.NFO,05/08/2024,14:19:41,24256,24256,25,24261.7,50,0,1227875
NIFTY-II.NFO,05/08/2024,14:19:43,24256,24256,25,24258.7,300,0,1227875
NIFTY-II.NFO,05/08/2024,14:19:44,24256,24256.05,175,24260.75,250,0,1227875
NIFTY-II.NFO,05/08/2024,14:19:46,24256,24256,25,24258.45,250,0,1227875
NIFTY-II.NFO,05/08/2024,14:19:48,24256,24256,25,24257.7,225,0,1227875
NIFTY-II.NFO,05/08/2024,14:19:49,24256,24251.05,200,24254.95,25,25,1227875
NIFTY-II.NFO,05/08/2024,14:19:51,24256,24251.05,175,24254.5,50,0,1227875
NIFTY-II.NFO,05/08/2024,14:19:53,24256,24251,25,24254.95,175,0,1227875
NIFTY-II.NFO,05/08/2024,14:19:54,24250.2,24250.35,150,24255.3,125,100,1227875
NIFTY-II.NFO,05/08/2024,14:19:56,24250.2,24251.8,150,24256.9,50,0,1227875
NIFTY-II.NFO,05/08/2024,14:19:58,24250.2,24252.65,150,24258.5,275,0,1227875
NIFTY-II.NFO,05/08/2024,14:19:59,24250.2,24254.3,150,24259.4,250,0,1227875
NIFTY-II.NFO,05/08/2024,14:20:01,24254.3,24255.1,125,24259.4,200,25,1227875
NIFTY-II.NFO,05/08/2024,14:20:03,24254.3,24256.15,125,24261.45,275,0,1227875
NIFTY-II.NFO,05/08/2024,14:20:04,24254.3,24256.15,175,24262.65,200,0,1227875
NIFTY-II.NFO,05/08/2024,14:20:06,24254.3,24256.15,175,24261.95,275,0,1227875
NIFTY-II.NFO,05/08/2024,14:20:08,24254.3,24258.35,175,24262.95,200,0,1227875
NIFTY-II.NFO,05/08/2024,14:20:09,24257.85,24254.65,175,24259.95,275,150,1227875
NIFTY-II.NFO,05/08/2024,14:20:11,24257.85,24254.3,200,24258.55,250,0,1227875
NIFTY-II.NFO,05/08/2024,14:20:13,24257.85,24254.55,175,24256,50,0,1227875
NIFTY-II.NFO,05/08/2024,14:20:14,24257.3,24252.15,125,24258.75,325,200,1227875
NIFTY-II.NFO,05/08/2024,14:20:16,24257.3,24253.15,175,24259.7,200,0,1227875
NIFTY-II.NFO,05/08/2024,14:20:18,24257.3,24251.6,225,24257.65,325,0,1227875
NIFTY-II.NFO,05/08/2024,14:20:19,24251.7,24251.35,175,24256.9,275,100,1227875
NIFTY-II.NFO,05/08/2024,14:20:21,24251.7,24252.9,125,24258.5,275,0,1227875
NIFTY-II.NFO,05/08/2024,14:20:22,24251.7,24252.15,175,24258.7,200,0,1227875
NIFTY-II.NFO,05/08/2024,14:20:24,24251.7,24254.5,175,24260,25,0,1227875
NIFTY-II.NFO,05/08/2024,14:20:26,24259.95,24254.4,75,24259.95,300,25,1227875
NIFTY-II.NFO,05/08/2024,14:20:27,24259.4,24254.2,275,24259.95,100,250,1227875
NIFTY-II.NFO,05/08/2024,14:20:29,24259.4,24254.2,150,24259.9,275,0,1227875
NIFTY-II.NFO,05/08/2024,14:20:31,24259.4,24256,75,24259.95,25,0,1227875
NIFTY-II.NFO,05/08/2024,14:20:32,24259.4,24254.7,25,24257.95,25,0,1227875
NIFTY-II.NFO,05/08/2024,14:20:34,24254.05,24252.5,100,24258.45,250,250,1227875
NIFTY-II.NFO,05/08/2024,14:20:36,24254.05,24254.9,100,24259.95,275,0,1227875
NIFTY-II.NFO,05/08/2024,14:20:37,24254.05,24254.7,100,24259.95,300,0,1227875
NIFTY-II.NFO,05/08/2024,14:20:39,24254.05,24256.35,100,24260,25,0,1227875
NIFTY-II.NFO,05/08/2024,14:20:41,24254.05,24255.05,125,24259.95,275,0,1227875
NIFTY-II.NFO,05/08/2024,14:20:42,24254.05,24253.9,125,24257.95,25,0,1227875
NIFTY-II.NFO,05/08/2024,14:20:44,24254.05,24255.9,75,24259,50,0,1227875
NIFTY-II.NFO,05/08/2024,14:20:46,24254.05,24253.75,75,24258.95,100,0,1227875
NIFTY-II.NFO,05/08/2024,14:20:47,24254.05,24251.85,200,24256.95,100,0,1227875
NIFTY-II.NFO,05/08/2024,14:20:49,24251.9,24253.95,75,24258.75,275,100,1227875
NIFTY-II.NFO,05/08/2024,14:20:51,24251.9,24252.95,100,24256.95,25,0,1227875
NIFTY-II.NFO,05/08/2024,14:20:52,24251.9,24252.65,100,24257.65,125,0,1227875
NIFTY-II.NFO,05/08/2024,14:20:54,24251.9,24254.3,100,24258.75,50,0,1227875
NIFTY-II.NFO,05/08/2024,14:20:56,24251.9,24255.15,75,24259,50,0,1227875
NIFTY-II.NFO,05/08/2024,14:20:57,24251.9,24255.2,100,24259,50,0,1227875
NIFTY-II.NFO,05/08/2024,14:20:59,24251.9,24252.3,25,24257.65,125,0,1227875
NIFTY-II.NFO,05/08/2024,14:21:01,24251.9,24251.85,25,24255.95,25,0,1227875
NIFTY-II.NFO,05/08/2024,14:21:02,24251.9,24251.2,50,24256.4,125,0,1227875
NIFTY-II.NFO,05/08/2024,14:21:04,24251.9,24254.45,100,24258.4,50,0,1227875
NIFTY-II.NFO,05/08/2024,14:21:06,24251.9,24252.75,100,24257.55,50,0,1227875
NIFTY-II.NFO,05/08/2024,14:21:07,24251.9,24252.7,100,24257.25,200,0,1227875
NIFTY-II.NFO,05/08/2024,14:21:09,24251.9,24253.5,100,24258.05,50,0,1227875
NIFTY-II.NFO,05/08/2024,14:21:11,24251.9,24254.05,100,24258.95,325,0,1227875
NIFTY-II.NFO,05/08/2024,14:21:12,24251.9,24256.45,100,24259,50,0,1227875
NIFTY-II.NFO,05/08/2024,14:21:14,24251.9,24255,75,24259,50,0,1227875
NIFTY-II.NFO,05/08/2024,14:21:16,24251.9,24254.05,75,24258.9,275,0,1227875
NIFTY-II.NFO,05/08/2024,14:21:17,24251.9,24254.9,100,24259,50,0,1227875
NIFTY-II.NFO,05/08/2024,14:21:19,24251.9,24254.95,75,24258.95,25,0,1227875
NIFTY-II.NFO,05/08/2024,14:21:21,24251.9,24255.4,75,24258.95,200,0,1227875
NIFTY-II.NFO,05/08/2024,14:21:22,24251.9,24254.55,75,24258.95,200,0,1227875
NIFTY-II.NFO,05/08/2024,14:21:24,24254.55,24254.55,50,24258.8,275,25,1227875
NIFTY-II.NFO,05/08/2024,14:21:26,24254.9,24251.2,25,24254.45,50,50,1227875
NIFTY-II.NFO,05/08/2024,14:21:27,24254.9,24252.25,100,24255.5,50,0,1227875
NIFTY-II.NFO,05/08/2024,14:21:29,24254.9,24253.1,100,24256.7,50,0,1227875
NIFTY-II.NFO,05/08/2024,14:21:31,24254.9,24252.65,50,24257.5,275,0,1227875
NIFTY-II.NFO,05/08/2024,14:21:32,24254.9,24252.65,50,24255.9,200,0,1227875
NIFTY-II.NFO,05/08/2024,14:21:34,24254.9,24252.65,50,24255.2,275,25,1227875
NIFTY-II.NFO,05/08/2024,14:21:36,24250.05,24248.05,125,24250.9,125,375,1227875
NIFTY-II.NFO,05/08/2024,14:21:37,24250.9,24248.1,25,24251.95,75,25,1227875
NIFTY-II.NFO,05/08/2024,14:21:39,24250.9,24250.4,25,24254.55,50,0,1227875
NIFTY-II.NFO,05/08/2024,14:21:41,24248.4,24248.05,125,24251.9,125,100,1227875
NIFTY-II.NFO,05/08/2024,14:21:42,24251.8,24248.65,100,24251.8,25,25,1227875
NIFTY-II.NFO,05/08/2024,14:21:44,24251.8,24249.3,25,24254.3,275,0,1227875
NIFTY-II.NFO,05/08/2024,14:21:46,24251.8,24250.4,25,24254.65,50,0,1227875
NIFTY-II.NFO,05/08/2024,14:21:47,24251.8,24250.45,100,24254.25,50,0,1227875
NIFTY-II.NFO,05/08/2024,14:21:49,24251.8,24251.25,100,24254.9,75,0,1227875
NIFTY-II.NFO,05/08/2024,14:21:51,24253.25,24254.8,50,24254.9,75,150,1227875
NIFTY-II.NFO,05/08/2024,14:21:52,24253.25,24254.6,50,24254.9,75,0,1227875
NIFTY-II.NFO,05/08/2024,14:21:54,24254.9,24255.1,350,24259,50,75,1227875
NIFTY-II.NFO,05/08/2024,14:21:56,24254.9,24252.4,125,24257.3,75,0,1227875
NIFTY-II.NFO,05/08/2024,14:21:57,24254.9,24253.05,250,24257.7,75,0,1227875
NIFTY-II.NFO,05/08/2024,14:21:59,24254.9,24254.65,100,24259,50,0,1227875
NIFTY-II.NFO,05/08/2024,14:22:01,24254.9,24253.7,100,24258.95,200,0,1227875
NIFTY-II.NFO,05/08/2024,14:22:02,24254.9,24255,25,24259,50,0,1227875
NIFTY-II.NFO,05/08/2024,14:22:04,24254.9,24255.65,125,24259,50,0,1227875
NIFTY-II.NFO,05/08/2024,14:22:06,24254.9,24256.05,125,24259,50,0,1227875
NIFTY-II.NFO,05/08/2024,14:22:07,24254.9,24256.05,150,24259,50,0,1227875
NIFTY-II.NFO,05/08/2024,14:22:09,24255.25,24253.55,125,24254.9,25,525,1227875
NIFTY-II.NFO,05/08/2024,14:22:11,24255.25,24251.8,25,24253.95,325,0,1227875
NIFTY-II.NFO,05/08/2024,14:22:12,24255.25,24251.8,25,24254.85,275,0,1227875
NIFTY-II.NFO,05/08/2024,14:22:14,24255.25,24251.8,25,24253.75,200,0,1227875
NIFTY-II.NFO,05/08/2024,14:22:16,24255.25,24251.8,25,24254,325,0,1227875
NIFTY-II.NFO,05/08/2024,14:22:17,24251.8,24251.65,25,24254.65,275,25,1227875
NIFTY-II.NFO,05/08/2024,14:22:19,24251.8,24251.65,25,24254.45,50,0,1227875
NIFTY-II.NFO,05/08/2024,14:22:21,24251.8,24251.65,25,24254.7,125,0,1227875
NIFTY-II.NFO,05/08/2024,14:22:22,24254.15,24252.15,25,24254.15,25,25,1227875
NIFTY-II.NFO,05/08/2024,14:22:24,24252.15,24251.65,25,24251.8,25,25,1226900
NIFTY-II.NFO,05/08/2024,14:22:26,24251.65,24250,50,24251.75,50,25,1226900
NIFTY-II.NFO,05/08/2024,14:22:27,24251.65,24250,50,24251.8,25,0,1226900
NIFTY-II.NFO,05/08/2024,14:22:32,24251.65,24250.05,125,24251.8,25,0,1226900
NIFTY-II.NFO,05/08/2024,14:22:34,24251.65,24250,50,24251.8,25,0,1226900
NIFTY-II.NFO,05/08/2024,14:22:39,24248,24245,75,24248.45,75,75,1226900
NIFTY-II.NFO,05/08/2024,14:22:41,24248,24245,75,24248.45,50,0,1226900
NIFTY-II.NFO,05/08/2024,14:22:42,24248,24245.2,25,24248.45,50,0,1226900
NIFTY-II.NFO,05/08/2024,14:22:44,24248,24245.35,50,24248.75,50,0,1226900
NIFTY-II.NFO,05/08/2024,14:22:46,24248,24245.05,125,24248.25,200,0,1226900
NIFTY-II.NFO,05/08/2024,14:22:47,24241.2,24240.1,25,24242.85,200,125,1226900
NIFTY-II.NFO,05/08/2024,14:22:49,24241.2,24240.1,25,24241.95,200,0,1226900
NIFTY-II.NFO,05/08/2024,14:22:51,24240.1,24240,50,24243.15,200,25,1226900
NIFTY-II.NFO,05/08/2024,14:22:52,24240.1,24240,50,24242.55,300,0,1226900
NIFTY-II.NFO,05/08/2024,14:22:54,24237,24238.1,25,24242.05,75,425,1226900
NIFTY-II.NFO,05/08/2024,14:22:56,24237,24236.5,25,24240,25,0,1226900
NIFTY-II.NFO,05/08/2024,14:22:57,24237,24236.6,25,24239.95,50,0,1226900
NIFTY-II.NFO,05/08/2024,14:22:59,24237,24236.95,25,24240,25,0,1226900
NIFTY-II.NFO,05/08/2024,14:23:01,24238.55,24234.95,50,24239.55,50,25,1226900
NIFTY-II.NFO,05/08/2024,14:23:02,24237.05,24236.4,25,24239.85,50,25,1226900
NIFTY-II.NFO,05/08/2024,14:23:04,24237.05,24237.65,100,24240,25,0,1226900
NIFTY-II.NFO,05/08/2024,14:23:06,24237.05,24234.8,25,24237,25,0,1226900
NIFTY-II.NFO,05/08/2024,14:23:07,24237.05,24234.6,25,24237,25,0,1226900
NIFTY-II.NFO,05/08/2024,14:23:09,24237.05,24233.7,25,24237,25,0,1226900
NIFTY-II.NFO,05/08/2024,14:23:11,24237.05,24234.9,25,24237,25,0,1226900
NIFTY-II.NFO,05/08/2024,14:23:12,24237.05,24233.5,125,24235.95,250,0,1226900
NIFTY-II.NFO,05/08/2024,14:23:14,24233.1,24231.25,25,24235.1,200,200,1226900
NIFTY-II.NFO,05/08/2024,14:23:16,24227,24225.25,25,24228.95,50,150,1226900
NIFTY-II.NFO,05/08/2024,14:23:17,24227,24225,50,24229.4,200,0,1226900
NIFTY-II.NFO,05/08/2024,14:23:19,24227,24225,50,24228.95,50,0,1226900
NIFTY-II.NFO,05/08/2024,14:23:21,24227,24225,50,24226.8,200,0,1226900
NIFTY-II.NFO,05/08/2024,14:23:22,24222.85,24221.1,25,24222.85,25,125,1226900
NIFTY-II.NFO,05/08/2024,14:23:24,24222.85,24221.1,25,24223.55,200,0,1226900
NIFTY-II.NFO,05/08/2024,14:23:26,24217,24216.4,75,24219.05,50,200,1226900
NIFTY-II.NFO,05/08/2024,14:23:27,24219.05,24217.95,25,24219.1,50,25,1226900
NIFTY-II.NFO,05/08/2024,14:23:29,24218.5,24218.5,150,24219.1,50,25,1226900
NIFTY-II.NFO,05/08/2024,14:23:31,24219.1,24217.15,25,24220,25,75,1226900
NIFTY-II.NFO,05/08/2024,14:23:32,24221.65,24221.2,25,24223,50,150,1226900
NIFTY-II.NFO,05/08/2024,14:23:34,24222.95,24216,25,24219.9,200,25,1226900
NIFTY-II.NFO,05/08/2024,14:23:36,24222.95,24216,25,24219.25,250,0,1226900
NIFTY-II.NFO,05/08/2024,14:23:38,24222.95,24218.4,25,24222.45,250,0,1226900
NIFTY-II.NFO,05/08/2024,14:23:39,24215,24216.1,25,24219.9,200,175,1226900
NIFTY-II.NFO,05/08/2024,14:23:41,24215,24218.25,25,24222.6,200,0,1226900
NIFTY-II.NFO,05/08/2024,14:23:42,24221.1,24219.3,25,24223,50,25,1226900
NIFTY-II.NFO,05/08/2024,14:23:44,24219.4,24220.25,25,24223,50,225,1226900
NIFTY-II.NFO,05/08/2024,14:23:46,24223,24223.35,175,24225,25,75,1226900
NIFTY-II.NFO,05/08/2024,14:23:47,24225,24229.2,100,24233.1,25,25,1226900
NIFTY-II.NFO,05/08/2024,14:23:49,24225,24223.35,125,24229.7,200,0,1226900
NIFTY-II.NFO,05/08/2024,14:23:51,24225,24218.85,250,24224.45,200,0,1226900
NIFTY-II.NFO,05/08/2024,14:23:52,24225,24220.85,50,24225,50,0,1226900
NIFTY-II.NFO,05/08/2024,14:23:54,24221.4,24223.2,125,24225,50,25,1226900
NIFTY-II.NFO,05/08/2024,14:23:56,24225,24219.2,250,24224.2,50,25,1226900
NIFTY-II.NFO,05/08/2024,14:23:57,24225,24219.25,125,24224.95,300,0,1226900
NIFTY-II.NFO,05/08/2024,14:23:59,24225,24221.1,125,24225,50,0,1226900
NIFTY-II.NFO,05/08/2024,14:24:01,24225,24220.9,25,24225,50,0,1226900
NIFTY-II.NFO,05/08/2024,14:24:02,24225,24220.8,25,24225,50,0,1226900
NIFTY-II.NFO,05/08/2024,14:24:04,24223.1,24223.6,175,24225,25,75,1226900
NIFTY-II.NFO,05/08/2024,14:24:06,24218.7,24212.8,25,24215.1,200,8075,1226900
NIFTY-II.NFO,05/08/2024,14:24:07,24212.8,24210.1,25,24212.8,175,275,1226900
NIFTY-II.NFO,05/08/2024,14:24:09,24210,24207.35,200,24210,25,75,1226900
NIFTY-II.NFO,05/08/2024,14:24:11,24215.45,24210.2,200,24216.95,25,500,1226900
NIFTY-II.NFO,05/08/2024,14:24:12,24209.5,24205.7,275,24211.9,125,50,1226900
NIFTY-II.NFO,05/08/2024,14:24:14,24209.5,24209.1,325,24217.05,75,0,1226900
NIFTY-II.NFO,05/08/2024,14:24:16,24209.5,24212.05,325,24217.25,275,0,1226900
NIFTY-II.NFO,05/08/2024,14:24:17,24209.5,24212.1,250,24217.25,275,0,1226900
NIFTY-II.NFO,05/08/2024,14:24:19,24209.5,24214.05,150,24218.75,275,0,1226900
NIFTY-II.NFO,05/08/2024,14:24:21,24214.1,24215.75,25,24219.7,150,150,1226900
NIFTY-II.NFO,05/08/2024,14:24:23,24214.1,24215.75,25,24219.2,150,0,1226900
NIFTY-II.NFO,05/08/2024,14:24:24,24214.1,24215.7,250,24220,25,0,1226900
NIFTY-II.NFO,05/08/2024,14:24:26,24214.1,24216.75,250,24220,25,0,1226900
NIFTY-II.NFO,05/08/2024,14:24:28,24214.1,24218,25,24220,25,0,1226900
NIFTY-II.NFO,05/08/2024,14:24:29,24214.1,24218.4,250,24220,25,0,1226900
NIFTY-II.NFO,05/08/2024,14:24:31,24212.8,24212.25,200,24217.7,50,25,1226900
NIFTY-II.NFO,05/08/2024,14:24:33,24212.8,24211.4,100,24216.5,175,0,1226900
NIFTY-II.NFO,05/08/2024,14:24:34,24211.25,24211.1,175,24215,50,25,1226900
NIFTY-II.NFO,05/08/2024,14:24:36,24212,24212.5,150,24215,50,25,1226900
NIFTY-II.NFO,05/08/2024,14:24:38,24212,24212.05,25,24215,50,0,1226900
NIFTY-II.NFO,05/08/2024,14:24:39,24211.1,24210.05,150,24212.55,25,25,1226900
NIFTY-II.NFO,05/08/2024,14:24:41,24212,24210.5,150,24212.55,25,25,1226900
NIFTY-II.NFO,05/08/2024,14:24:43,24212.55,24210.5,150,24214.95,50,25,1226900
NIFTY-II.NFO,05/08/2024,14:24:44,24212,24211.5,150,24215,50,25,1226900
NIFTY-II.NFO,05/08/2024,14:24:46,24211.95,24211,25,24214.75,225,25,1226900
NIFTY-II.NFO,05/08/2024,14:24:48,24211.95,24212,25,24214.95,175,0,1226900
NIFTY-II.NFO,05/08/2024,14:24:49,24211,24210.05,100,24212.75,175,50,1226900
NIFTY-II.NFO,05/08/2024,14:24:51,24210.05,24209,25,24212.3,175,100,1226900
NIFTY-II.NFO,05/08/2024,14:24:53,24210.05,24209.3,150,24211,25,0,1226900
NIFTY-II.NFO,05/08/2024,14:24:54,24210.05,24209.4,25,24211,25,0,1226900
NIFTY-II.NFO,05/08/2024,14:24:58,24208.65,24205.85,50,24210,50,75,1226900
NIFTY-II.NFO,05/08/2024,14:24:59,24205.1,24205.8,25,24208.95,50,25,1226900
NIFTY-II.NFO,05/08/2024,14:25:01,24205.1,24206.85,150,24210,200,0,1226900
NIFTY-II.NFO,05/08/2024,14:25:03,24205.1,24206.15,25,24209.7,225,0,1226900
NIFTY-II.NFO,05/08/2024,14:25:04,24209.55,24207.15,225,24210,200,25,1226900
NIFTY-II.NFO,05/08/2024,14:25:06,24209.55,24209.6,25,24210,200,0,1226900
NIFTY-II.NFO,05/08/2024,14:25:08,24209.6,24207,150,24210,250,25,1226900
NIFTY-II.NFO,05/08/2024,14:25:09,24205.8,24206,50,24209.95,175,25,1226900
NIFTY-II.NFO,05/08/2024,14:25:11,24205.8,24206.7,50,24210,250,0,1226900
NIFTY-II.NFO,05/08/2024,14:25:13,24205.8,24205.8,25,24209.55,175,0,1226900
NIFTY-II.NFO,05/08/2024,14:25:14,24205.8,24206.6,50,24209.6,75,25,1226900
NIFTY-II.NFO,05/08/2024,14:25:16,24205.8,24205.8,75,24209.55,175,0,1226900
NIFTY-II.NFO,05/08/2024,14:25:17,24205.8,24205.8,25,24209.55,175,0,1226900
NIFTY-II.NFO,05/08/2024,14:25:19,24209.45,24205.8,25,24209.25,150,75,1226900
NIFTY-II.NFO,05/08/2024,14:25:21,24205,24202,25,24205,75,100,1226900
NIFTY-II.NFO,05/08/2024,14:25:22,24206,24201.75,225,24207.4,150,100,1226900
NIFTY-II.NFO,05/08/2024,14:25:24,24206,24201.8,50,24206.25,25,0,1226900
NIFTY-II.NFO,05/08/2024,14:25:26,24208,24201.1,25,24204.25,125,500,1226800
NIFTY-II.NFO,05/08/2024,14:25:27,24208,24201.1,25,24204.2,50,0,1226800
NIFTY-II.NFO,05/08/2024,14:25:29,24200,24196,50,24198.9,125,900,1226800
NIFTY-II.NFO,05/08/2024,14:25:31,24190.35,24190.35,200,24196.75,50,175,1226800
NIFTY-II.NFO,05/08/2024,14:25:32,24196.75,24190.35,200,24195,50,50,1226800
NIFTY-II.NFO,05/08/2024,14:25:34,24196.75,24191.1,125,24195,50,0,1226800
NIFTY-II.NFO,05/08/2024,14:25:36,24195,24192.1,200,24198.65,125,50,1226800
NIFTY-II.NFO,05/08/2024,14:25:37,24195,24192.8,175,24198.95,25,0,1226800
NIFTY-II.NFO,05/08/2024,14:25:39,24195,24193.1,125,24198.9,50,0,1226800
NIFTY-II.NFO,05/08/2024,14:25:41,24195,24191.85,175,24197.95,25,0,1226800
NIFTY-II.NFO,05/08/2024,14:25:42,24196,24194.95,75,24200,75,200,1226800
NIFTY-II.NFO,05/08/2024,14:25:44,24196,24196.95,175,24199.95,25,0,1226800
NIFTY-II.NFO,05/08/2024,14:25:46,24197,24195.05,150,24198.55,50,50,1226800
NIFTY-II.NFO,05/08/2024,14:25:47,24195.05,24195.75,200,24198.55,50,25,1226800
NIFTY-II.NFO,05/08/2024,14:25:49,24197.1,24197.5,100,24198.5,25,50,1226800
NIFTY-II.NFO,05/08/2024,14:25:51,24198.55,24197.05,100,24199.85,25,75,1226800
NIFTY-II.NFO,05/08/2024,14:25:52,24198.55,24197.75,100,24199.85,25,0,1226800
NIFTY-II.NFO,05/08/2024,14:25:54,24199.85,24198.05,75,24199.9,25,75,1226800
NIFTY-II.NFO,05/08/2024,14:25:56,24199.85,24196.25,75,24199.9,25,0,1226800
NIFTY-II.NFO,05/08/2024,14:25:57,24200,24195.8,125,24202.8,125,50,1226800
NIFTY-II.NFO,05/08/2024,14:25:59,24198.55,24196.2,200,24202.8,125,25,1226800
NIFTY-II.NFO,05/08/2024,14:26:01,24198.55,24197.05,175,24201.95,25,0,1226800
NIFTY-II.NFO,05/08/2024,14:26:02,24196.3,24196,25,24197.75,100,25,1226800
NIFTY-II.NFO,05/08/2024,14:26:04,24196.3,24196,25,24197.75,100,0,1226800
NIFTY-II.NFO,05/08/2024,14:26:05,24196.3,24196.05,75,24197.75,100,0,1226800
NIFTY-II.NFO,05/08/2024,14:26:07,24196.3,24196.1,75,24197.75,100,0,1226800
NIFTY-II.NFO,05/08/2024,14:26:09,24197.75,24197.5,75,24200,75,100,1226800
NIFTY-II.NFO,05/08/2024,14:26:10,24197.75,24197.55,150,24199.95,25,0,1226800
NIFTY-II.NFO,05/08/2024,14:26:12,24200,24198.75,150,24200,25,75,1226800
NIFTY-II.NFO,05/08/2024,14:26:14,24200,24197.85,300,24200,25,0,1226800
NIFTY-II.NFO,05/08/2024,14:26:15,24200,24200.35,150,24202.85,25,25,1226800
NIFTY-II.NFO,05/08/2024,14:26:17,24200.35,24199.35,175,24202.85,25,25,1226800
NIFTY-II.NFO,05/08/2024,14:26:19,24200,24200.8,325,24206,50,50,1226800
NIFTY-II.NFO,05/08/2024,14:26:20,24200,24203.15,325,24205.95,25,0,1226800
NIFTY-II.NFO,05/08/2024,14:26:22,24200,24203.85,200,24205.95,25,0,1226800
NIFTY-II.NFO,05/08/2024,14:26:23,24203.55,24203.75,325,24205.95,25,125,1226800
NIFTY-II.NFO,05/08/2024,14:26:25,24203.05,24202.2,125,24205.95,25,25,1226800
NIFTY-II.NFO,05/08/2024,14:26:27,24203,24204.1,225,24205.95,25,100,1226800
NIFTY-II.NFO,05/08/2024,14:26:28,24205.95,24205,75,24206,50,25,1226800
NIFTY-II.NFO,05/08/2024,14:26:30,24206,24205,25,24207.25,250,50,1226800
NIFTY-II.NFO,05/08/2024,14:26:32,24202,24202,150,24206.7,25,50,1226800
NIFTY-II.NFO,05/08/2024,14:26:33,24206,24200,25,24203.3,100,25,1226800
NIFTY-II.NFO,05/08/2024,14:26:35,24198,24198,25,24199.5,100,125,1226800
NIFTY-II.NFO,05/08/2024,14:26:36,24198,24196,25,24199.15,25,25,1226800
NIFTY-II.NFO,05/08/2024,14:26:38,24198.5,24193.1,100,24198.5,75,75,1226800
NIFTY-II.NFO,05/08/2024,14:26:40,24198.5,24192.15,175,24197.4,125,0,1226800
NIFTY-II.NFO,05/08/2024,14:26:41,24198.5,24190.35,100,24195.65,50,0,1226800
NIFTY-II.NFO,05/08/2024,14:26:43,24190,24187.6,175,24193.5,50,75,1226800
NIFTY-II.NFO,05/08/2024,14:26:45,24190,24191,25,24194.9,50,0,1226800
NIFTY-II.NFO,05/08/2024,14:26:46,24191,24189.35,100,24194.2,50,25,1226800
NIFTY-II.NFO,05/08/2024,14:26:48,24191,24190,300,24193.9,100,0,1226800
NIFTY-II.NFO,05/08/2024,14:26:50,24191,24190,300,24191,25,0,1226800
NIFTY-II.NFO,05/08/2024,14:26:51,24190,24190,275,24190.2,25,25,1226800
NIFTY-II.NFO,05/08/2024,14:26:53,24190,24190,275,24191,25,0,1226800
NIFTY-II.NFO,05/08/2024,14:26:56,24190,24190,275,24191,125,0,1226800
NIFTY-II.NFO,05/08/2024,14:26:58,24191,24190.05,50,24191,100,50,1226800
NIFTY-II.NFO,05/08/2024,14:27:00,24190,24190,175,24191.5,250,650,1226800
NIFTY-II.NFO,05/08/2024,14:27:01,24190,24190.05,175,24195,1000,50,1226800
NIFTY-II.NFO,05/08/2024,14:27:03,24190,24190,125,24192.95,50,0,1226800
NIFTY-II.NFO,05/08/2024,14:27:04,24190,24190,50,24193.25,250,75,1226800
NIFTY-II.NFO,05/08/2024,14:27:06,24189.95,24189.95,325,24192.9,50,75,1226800
NIFTY-II.NFO,05/08/2024,14:27:08,24189.95,24185,100,24190.2,50,350,1226800
NIFTY-II.NFO,05/08/2024,14:27:09,24190.45,24185,25,24190.2,125,25,1226800
NIFTY-II.NFO,05/08/2024,14:27:11,24190.45,24185,25,24189.9,125,0,1226800
NIFTY-II.NFO,05/08/2024,14:27:13,24190.45,24185.45,100,24189.95,25,0,1226800
NIFTY-II.NFO,05/08/2024,14:27:14,24190.45,24186.75,175,24189.95,25,0,1226800
NIFTY-II.NFO,05/08/2024,14:27:16,24186.75,24187.4,100,24189.95,25,75,1226800
NIFTY-II.NFO,05/08/2024,14:27:18,24189.95,24185.5,100,24190,25,25,1226800
NIFTY-II.NFO,05/08/2024,14:27:19,24185.05,24185.05,100,24189.45,100,25,1226800
NIFTY-II.NFO,05/08/2024,14:27:21,24185.05,24185.05,175,24189.95,100,0,1226800
NIFTY-II.NFO,05/08/2024,14:27:22,24185.05,24185.05,175,24189.95,25,0,1226800
NIFTY-II.NFO,05/08/2024,14:27:24,24185.05,24185.05,25,24189.7,100,100,1226800
NIFTY-II.NFO,05/08/2024,14:27:26,24185.05,24186.35,25,24190.45,50,0,1226800
NIFTY-II.NFO,05/08/2024,14:27:27,24185.05,24185,25,24187.85,100,0,1226800
NIFTY-II.NFO,05/08/2024,14:27:29,24184.95,24183,50,24185,50,50,1226800
NIFTY-II.NFO,05/08/2024,14:27:31,24185,24184.4,50,24189.9,100,25,1226800
NIFTY-II.NFO,05/08/2024,14:27:32,24185,24183.15,125,24188.9,100,0,1226800
NIFTY-II.NFO,05/08/2024,14:27:34,24189.95,24183.1,50,24187.9,100,450,1226800
NIFTY-II.NFO,05/08/2024,14:27:36,24185.05,24183.15,225,24188.85,100,25,1226800
NIFTY-II.NFO,05/08/2024,14:27:37,24185.05,24183,50,24187.9,100,0,1226800
NIFTY-II.NFO,05/08/2024,14:27:39,24183.55,24183,50,24187.35,350,100,1226800
NIFTY-II.NFO,05/08/2024,14:27:40,24183,24183,25,24186.7,100,25,1226800
NIFTY-II.NFO,05/08/2024,14:27:42,24183,24183,25,24186.25,225,0,1226800
NIFTY-II.NFO,05/08/2024,14:27:44,24183,24183.85,100,24186,25,0,1226800
NIFTY-II.NFO,05/08/2024,14:27:45,24183,24183.25,25,24184.45,900,75,1226800
NIFTY-II.NFO,05/08/2024,14:27:47,24183,24181.7,25,24183,275,0,1226800
NIFTY-II.NFO,05/08/2024,14:27:49,24183,24181.75,25,24184,25,275,1226800
NIFTY-II.NFO,05/08/2024,14:27:50,24183,24181,175,24184,25,0,1226800
NIFTY-II.NFO,05/08/2024,14:27:52,24183,24181.9,25,24184,25,0,1226800
NIFTY-II.NFO,05/08/2024,14:27:54,24184.45,24183.3,125,24184.45,875,75,1226800
NIFTY-II.NFO,05/08/2024,14:27:55,24182.15,24182.9,25,24184.45,875,125,1226800
NIFTY-II.NFO,05/08/2024,14:27:57,24182.15,24182.75,100,24184.45,875,50,1226800
NIFTY-II.NFO,05/08/2024,14:27:58,24184.15,24183.05,25,24184.45,875,25,1226800
NIFTY-II.NFO,05/08/2024,14:28:00,24184.45,24183.4,125,24184.45,650,225,1226800
NIFTY-II.NFO,05/08/2024,14:28:02,24183.4,24182.4,100,24184.15,200,25,1226800
NIFTY-II.NFO,05/08/2024,14:28:03,24183,24183.15,75,24184.15,200,50,1226800
NIFTY-II.NFO,05/08/2024,14:28:05,24184.45,24184.5,125,24185,25,875,1226800
NIFTY-II.NFO,05/08/2024,14:28:07,24185,24185.35,25,24186,25,25,1226800
NIFTY-II.NFO,05/08/2024,14:28:08,24186,24183.8,25,24187.9,100,25,1226800
NIFTY-II.NFO,05/08/2024,14:28:10,24182.75,24182.8,125,24187.95,25,125,1226800
NIFTY-II.NFO,05/08/2024,14:28:12,24182.75,24182.8,125,24186.95,25,0,1226800
NIFTY-II.NFO,05/08/2024,14:28:13,24182.75,24182.2,125,24186.95,25,0,1226800
NIFTY-II.NFO,05/08/2024,14:28:15,24182.75,24182.2,125,24187.9,175,0,1226800
NIFTY-II.NFO,05/08/2024,14:28:17,24182.75,24182.95,100,24187.95,25,0,1226800
NIFTY-II.NFO,05/08/2024,14:28:18,24186,24184.25,75,24187,25,50,1226800
NIFTY-II.NFO,05/08/2024,14:28:20,24187,24184.9,250,24189.95,25,25,1226800
NIFTY-II.NFO,05/08/2024,14:28:22,24187,24184.05,50,24189.9,100,0,1226800
NIFTY-II.NFO,05/08/2024,14:28:23,24187,24183.05,125,24189.2,175,0,1226800
NIFTY-II.NFO,05/08/2024,14:28:25,24187,24185,50,24190.4,100,0,1226800
NIFTY-II.NFO,05/08/2024,14:28:27,24186,24183,25,24185.9,225,50,1226400
NIFTY-II.NFO,05/08/2024,14:28:28,24180.75,24180.75,50,24185.4,50,300,1226400
NIFTY-II.NFO,05/08/2024,14:28:30,24183,24180.1,25,24180.95,50,50,1226400
NIFTY-II.NFO,05/08/2024,14:28:32,24183,24180.1,25,24183.9,175,0,1226400
NIFTY-II.NFO,05/08/2024,14:28:33,24183,24180.1,25,24184.6,175,0,1226400
NIFTY-II.NFO,05/08/2024,14:28:35,24183,24180.1,50,24183.9,175,0,1226400
NIFTY-II.NFO,05/08/2024,14:28:37,24183,24180.15,25,24184.9,100,0,1226400
NIFTY-II.NFO,05/08/2024,14:28:38,24180.15,24180.1,50,24183.95,25,25,1226400
NIFTY-II.NFO,05/08/2024,14:28:40,24180.15,24180.1,50,24183.8,175,0,1226400
NIFTY-II.NFO,05/08/2024,14:28:42,24180.15,24180.35,50,24186.95,100,0,1226400
NIFTY-II.NFO,05/08/2024,14:28:43,24186.95,24180.95,100,24184.95,25,25,1226400
NIFTY-II.NFO,05/08/2024,14:28:45,24186.95,24183.6,50,24187,25,0,1226400
NIFTY-II.NFO,05/08/2024,14:28:47,24186.95,24183.25,50,24187,25,0,1226400
NIFTY-II.NFO,05/08/2024,14:28:48,24186.95,24184.1,100,24187,25,0,1226400
NIFTY-II.NFO,05/08/2024,14:28:50,24186.95,24183.75,125,24186.95,25,0,1226400
NIFTY-II.NFO,05/08/2024,14:28:52,24186.95,24184.1,25,24186.95,25,0,1226400
NIFTY-II.NFO,05/08/2024,14:28:53,24186.95,24185.1,100,24186.95,25,0,1226400
NIFTY-II.NFO,05/08/2024,14:28:55,24188.9,24184.8,125,24188.95,25,75,1226400
NIFTY-II.NFO,05/08/2024,14:28:57,24188.9,24184.5,125,24186.95,50,0,1226400
NIFTY-II.NFO,05/08/2024,14:28:58,24188.9,24183.05,125,24186.95,50,0,1226400
NIFTY-II.NFO,05/08/2024,14:29:00,24186.95,24186.95,25,24189.75,100,75,1226400
NIFTY-II.NFO,05/08/2024,14:29:02,24186.95,24186.95,25,24189.7,175,0,1226400
NIFTY-II.NFO,05/08/2024,14:29:03,24186.95,24186.95,25,24189.6,100,0,1226400
NIFTY-II.NFO,05/08/2024,14:29:05,24189.6,24186.95,25,24189.6,100,25,1226400
NIFTY-II.NFO,05/08/2024,14:29:06,24186.95,24182.4,50,24186.95,25,25,1226400
NIFTY-II.NFO,05/08/2024,14:29:08,24187.35,24182.45,100,24186.95,25,125,1226400
NIFTY-II.NFO,05/08/2024,14:29:10,24187.35,24181.9,100,24185.95,25,0,1226400
NIFTY-II.NFO,05/08/2024,14:29:11,24181.3,24181.1,100,24185.95,25,25,1226400
NIFTY-II.NFO,05/08/2024,14:29:13,24181.3,24180.15,100,24183.95,25,0,1226400
NIFTY-II.NFO,05/08/2024,14:29:15,24181.3,24180.1,50,24183.9,75,0,1226400
NIFTY-II.NFO,05/08/2024,14:29:16,24181.3,24181.3,25,24181.9,25,0,1226400
NIFTY-II.NFO,05/08/2024,14:29:18,24181.3,24181,25,24181.9,25,25,1226400
NIFTY-II.NFO,05/08/2024,14:29:20,24181.3,24181,25,24181.9,25,0,1226400
NIFTY-II.NFO,05/08/2024,14:29:23,24180.1,24180.1,25,24181.9,25,75,1226400
NIFTY-II.NFO,05/08/2024,14:29:25,24180,24180.05,100,24181.9,25,50,1226400
NIFTY-II.NFO,05/08/2024,14:29:26,24181.9,24182.4,50,24185.3,25,50,1226400
NIFTY-II.NFO,05/08/2024,14:29:28,24181.25,24180.25,175,24186.6,175,75,1226400
NIFTY-II.NFO,05/08/2024,14:29:30,24181.25,24180,125,24183.8,175,0,1226400
NIFTY-II.NFO,05/08/2024,14:29:31,24180,24175.55,100,24180.3,100,125,1226400
NIFTY-II.NFO,05/08/2024,14:29:33,24172.65,24171.85,75,24177.85,175,125,1226400
NIFTY-II.NFO,05/08/2024,14:29:35,24172.65,24173.95,150,24178,200,0,1226400
NIFTY-II.NFO,05/08/2024,14:29:36,24172.65,24174.5,150,24178,200,0,1226400
NIFTY-II.NFO,05/08/2024,14:29:38,24172.65,24176.3,150,24178,200,0,1226400
NIFTY-II.NFO,05/08/2024,14:29:40,24176.85,24176.6,125,24178,200,25,1226400
NIFTY-II.NFO,05/08/2024,14:29:41,24177.65,24178.1,25,24178.35,25,225,1226400
NIFTY-II.NFO,05/08/2024,14:29:43,24178.35,24180.15,75,24181.25,25,25,1226400
NIFTY-II.NFO,05/08/2024,14:29:44,24181.25,24182.1,150,24185.25,25,25,1226400
NIFTY-II.NFO,05/08/2024,14:29:46,24181.25,24182.4,100,24185.25,25,0,1226400
NIFTY-II.NFO,05/08/2024,14:29:48,24185.25,24183.7,175,24185,25,50,1226400
NIFTY-II.NFO,05/08/2024,14:29:49,24185.3,24185.05,50,24186.95,75,150,1226400
NIFTY-II.NFO,05/08/2024,14:29:51,24186.95,24185.15,75,24188,25,75,1226400
NIFTY-II.NFO,05/08/2024,14:29:53,24186.95,24185.9,50,24188,25,0,1226400
NIFTY-II.NFO,05/08/2024,14:29:54,24186.95,24186.7,250,24188,25,0,1226400
NIFTY-II.NFO,05/08/2024,14:29:56,24188,24185,25,24190.3,100,25,1226400
NIFTY-II.NFO,05/08/2024,14:29:57,24187.4,24187.15,50,24191.95,25,100,1226400
NIFTY-II.NFO,05/08/2024,14:29:59,24187.4,24190.15,125,24195.55,100,0,1226400
NIFTY-II.NFO,05/08/2024,14:30:01,24187.4,24192.8,50,24198.6,100,0,1226400
NIFTY-II.NFO,05/08/2024,14:30:02,24187.4,24193.9,125,24199.95,100,0,1226400
NIFTY-II.NFO,05/08/2024,14:30:04,24187.4,24195.5,50,24199.6,100,0,1226400
NIFTY-II.NFO,05/08/2024,14:30:06,24187.4,24193.9,125,24199.6,175,0,1226400
NIFTY-II.NFO,05/08/2024,14:30:07,24187.4,24193.1,125,24198.8,175,0,1226400
NIFTY-II.NFO,05/08/2024,14:30:09,24187.4,24193.3,125,24198.05,100,0,1226400
NIFTY-II.NFO,05/08/2024,14:30:11,24187.4,24191.05,50,24195.95,25,0,1226400
NIFTY-II.NFO,05/08/2024,14:30:12,24196.75,24192.8,100,24198.3,100,25,1226400
NIFTY-II.NFO,05/08/2024,14:30:14,24196.75,24192.3,50,24197.9,175,0,1226400
NIFTY-II.NFO,05/08/2024,14:30:15,24193,24192.95,50,24197.7,175,50,1226400
NIFTY-II.NFO,05/08/2024,14:30:17,24188.05,24188,25,24190.9,100,25,1226400
NIFTY-II.NFO,05/08/2024,14:30:19,24188.05,24188,25,24191,50,0,1226400
NIFTY-II.NFO,05/08/2024,14:30:20,24188.05,24188,25,24190.9,25,0,1226400
NIFTY-II.NFO,05/08/2024,14:30:22,24188.05,24188,25,24190.85,100,0,1226400
NIFTY-II.NFO,05/08/2024,14:30:24,24186.95,24181.7,325,24185.95,25,100,1226400
NIFTY-II.NFO,05/08/2024,14:30:25,24187,24187,900,24189.3,175,100,1226400
NIFTY-II.NFO,05/08/2024,14:30:27,24187,24187,650,24188.4,50,250,1226400
NIFTY-II.NFO,05/08/2024,14:30:29,24187,24180.35,100,24186.25,50,650,1226400
NIFTY-II.NFO,05/08/2024,14:30:30,24180.75,24181,100,24186.8,50,100,1226400
NIFTY-II.NFO,05/08/2024,14:30:32,24179.8,24179.8,100,24185.9,100,50,1226400
NIFTY-II.NFO,05/08/2024,14:30:34,24183.8,24179.05,100,24184.45,75,25,1226400
NIFTY-II.NFO,05/08/2024,14:30:35,24183.8,24181,100,24185.85,75,0,1226400
NIFTY-II.NFO,05/08/2024,14:30:37,24180.7,24179.85,125,24186.85,175,150,1226400
NIFTY-II.NFO,05/08/2024,14:30:39,24180.7,24178.25,100,24183.9,125,0,1226400
NIFTY-II.NFO,05/08/2024,14:30:40,24180.7,24180.45,100,24185.8,50,0,1226400
NIFTY-II.NFO,05/08/2024,14:30:42,24180.7,24182.35,75,24188,50,0,1226400
NIFTY-II.NFO,05/08/2024,14:30:44,24183.2,24184.6,50,24188.05,500,75,1226400
NIFTY-II.NFO,05/08/2024,14:30:45,24188.05,24185.15,125,24190,75,500,1226400
NIFTY-II.NFO,05/08/2024,14:30:47,24188.05,24185.15,125,24190,75,0,1226400
NIFTY-II.NFO,05/08/2024,14:30:49,24190,24185.15,125,24190,50,25,1226400
NIFTY-II.NFO,05/08/2024,14:30:50,24190,24186.5,50,24190,50,0,1226400
NIFTY-II.NFO,05/08/2024,14:30:52,24190,24186.2,125,24188.05,25,0,1226400
NIFTY-II.NFO,05/08/2024,14:30:54,24188.05,24187.65,50,24189.95,100,25,1226400
NIFTY-II.NFO,05/08/2024,14:30:55,24193.55,24187.85,100,24193.2,175,450,1226400
NIFTY-II.NFO,05/08/2024,14:30:57,24194.35,24190,25,24194.5,100,75,1226400
NIFTY-II.NFO,05/08/2024,14:30:59,24190.9,24190.5,125,24195.25,100,25,1226400
NIFTY-II.NFO,05/08/2024,14:31:00,24190.9,24194.45,125,24199.8,75,0,1226400
NIFTY-II.NFO,05/08/2024,14:31:02,24196.75,24197.65,125,24200,50,25,1226400
NIFTY-II.NFO,05/08/2024,14:31:04,24196.75,24195.85,50,24200,50,0,1226400
NIFTY-II.NFO,05/08/2024,14:31:05,24200,24198.5,50,24201.3,25,50,1226400
NIFTY-II.NFO,05/08/2024,14:31:07,24201.3,24201.4,50,24205.95,50,75,1226400
NIFTY-II.NFO,05/08/2024,14:31:09,24201.3,24200.05,50,24205.5,100,0,1226400
NIFTY-II.NFO,05/08/2024,14:31:10,24205.8,24196.4,400,24202.65,100,25,1226400
NIFTY-II.NFO,05/08/2024,14:31:12,24201.1,24195.65,100,24201.3,225,225,1226400
NIFTY-II.NFO,05/08/2024,14:31:14,24204.4,24198.4,200,24204.15,175,25,1226400
NIFTY-II.NFO,05/08/2024,14:31:15,24204.4,24197.45,125,24203.4,100,0,1226400
NIFTY-II.NFO,05/08/2024,14:31:17,24204.4,24200,25,24201.65,175,0,1226400
NIFTY-II.NFO,05/08/2024,14:31:19,24200,24197.25,125,24202.85,225,25,1226400
NIFTY-II.NFO,05/08/2024,14:31:20,24200,24198.75,250,24204.65,225,0,1226400
NIFTY-II.NFO,05/08/2024,14:31:22,24200,24199,325,24204.9,175,0,1226400
NIFTY-II.NFO,05/08/2024,14:31:24,24200,24201.3,50,24205.1,25,0,1226400
NIFTY-II.NFO,05/08/2024,14:31:25,24200,24203,250,24205.1,25,0,1226400
NIFTY-II.NFO,05/08/2024,14:31:27,24210.6,24205.2,225,24209.5,25,175,1225450
NIFTY-II.NFO,05/08/2024,14:31:29,24210.6,24203.25,100,24208.25,175,0,1225450
NIFTY-II.NFO,05/08/2024,14:31:30,24210.6,24204.9,175,24210.1,100,0,1225450
NIFTY-II.NFO,05/08/2024,14:31:32,24210.6,24208.05,425,24211.8,25,0,1225450
NIFTY-II.NFO,05/08/2024,14:31:34,24210.6,24208.15,100,24212.3,25,0,1225450
NIFTY-II.NFO,05/08/2024,14:31:35,24210.6,24211.5,100,24217.2,100,0,1225450
NIFTY-II.NFO,05/08/2024,14:31:37,24210.6,24213.75,100,24219,100,0,1225450
NIFTY-II.NFO,05/08/2024,14:31:39,24210.6,24212.55,100,24217.95,100,0,1225450
NIFTY-II.NFO,05/08/2024,14:31:40,24210.6,24213.85,100,24218.05,25,0,1225450
NIFTY-II.NFO,05/08/2024,14:31:42,24217.7,24217.4,75,24220,25,25,1225450
NIFTY-II.NFO,05/08/2024,14:31:44,24217.7,24219.4,75,24220,25,0,1225450
NIFTY-II.NFO,05/08/2024,14:31:45,24225,24218.95,50,24223.9,175,75,1225450
NIFTY-II.NFO,05/08/2024,14:31:47,24220,24220,275,24222.15,100,725,1225450
NIFTY-II.NFO,05/08/2024,14:31:49,24221.95,24214.3,50,24219.9,50,1275,1225450
NIFTY-II.NFO,05/08/2024,14:31:50,24221.95,24215.45,50,24221.95,75,1075,1225450
NIFTY-II.NFO,05/08/2024,14:31:52,24220,24213.75,125,24220.9,50,25,1225450
NIFTY-II.NFO,05/08/2024,14:31:54,24220,24213.55,125,24220.9,50,0,1225450
NIFTY-II.NFO,05/08/2024,14:31:55,24220,24212.2,75,24218.9,50,0,1225450
NIFTY-II.NFO,05/08/2024,14:31:57,24220,24211.75,50,24217.2,25,0,1225450
NIFTY-II.NFO,05/08/2024,14:31:59,24220,24214.4,125,24221.85,50,0,1225450
NIFTY-II.NFO,05/08/2024,14:32:00,24214.65,24213.1,50,24218.95,50,50,1225450
NIFTY-II.NFO,05/08/2024,14:32:02,24214.65,24213.15,100,24218.95,75,0,1225450
NIFTY-II.NFO,05/08/2024,14:32:04,24214.65,24215,25,24217.75,25,0,1225450
NIFTY-II.NFO,05/08/2024,14:32:05,24214.65,24217.45,225,24223.3,50,0,1225450
NIFTY-II.NFO,05/08/2024,14:32:07,24220.7,24215,25,24219.95,25,25,1225450
NIFTY-II.NFO,05/08/2024,14:32:09,24220.7,24215,25,24218.6,25,0,1225450
NIFTY-II.NFO,05/08/2024,14:32:10,24215,24210.25,100,24214.95,25,25,1225450
NIFTY-II.NFO,05/08/2024,14:32:12,24215,24210.25,100,24214.95,25,0,1225450
NIFTY-II.NFO,05/08/2024,14:32:14,24215,24212.05,100,24216.45,25,0,1225450
NIFTY-II.NFO,05/08/2024,14:32:15,24215,24210.65,175,24216.55,50,0,1225450
NIFTY-II.NFO,05/08/2024,14:32:17,24215,24211.25,225,24216.6,25,0,1225450
NIFTY-II.NFO,05/08/2024,14:32:19,24216.35,24210.7,100,24216.9,50,25,1225450
NIFTY-II.NFO,05/08/2024,14:32:20,24216.35,24210.05,100,24214.6,25,0,1225450
NIFTY-II.NFO,05/08/2024,14:32:22,24216.35,24210,125,24213.9,50,0,1225450
NIFTY-II.NFO,05/08/2024,14:32:23,24213.95,24210.05,175,24213.85,25,25,1225450
NIFTY-II.NFO,05/08/2024,14:32:25,24213.95,24210,125,24211.4,125,0,1225450
NIFTY-II.NFO,05/08/2024,14:32:27,24213.95,24210,125,24211,25,0,1225450
NIFTY-II.NFO,05/08/2024,14:32:28,24210,24210,100,24212.55,50,75,1225450
NIFTY-II.NFO,05/08/2024,14:32:30,24210,24210.05,175,24216,75,0,1225450
NIFTY-II.NFO,05/08/2024,14:32:32,24215.9,24210.05,175,24215.9,50,25,1225450
NIFTY-II.NFO,05/08/2024,14:32:34,24215.9,24210,100,24213.8,50,0,1225450
NIFTY-II.NFO,05/08/2024,14:32:35,24210,24210,75,24213.6,25,50,1225450
NIFTY-II.NFO,05/08/2024,14:32:37,24210,24210,75,24213.3,25,0,1225450
NIFTY-II.NFO,05/08/2024,14:32:39,24210,24210,75,24213.6,25,0,1225450
NIFTY-II.NFO,05/08/2024,14:32:40,24210,24206.3,175,24211.9,50,75,1225450
NIFTY-II.NFO,05/08/2024,14:32:42,24210,24205.25,175,24211.7,50,0,1225450
NIFTY-II.NFO,05/08/2024,14:32:44,24210,24207.05,175,24211.35,25,0,1225450
NIFTY-II.NFO,05/08/2024,14:32:45,24210,24209.45,175,24212.85,25,0,1225450
NIFTY-II.NFO,05/08/2024,14:32:47,24210,24209.25,175,24212.85,25,0,1225450
NIFTY-II.NFO,05/08/2024,14:32:48,24211.35,24206.8,100,24212.1,25,25,1225450
NIFTY-II.NFO,05/08/2024,14:32:50,24211.35,24208.3,175,24213.9,25,0,1225450
NIFTY-II.NFO,05/08/2024,14:32:52,24215.55,24209.65,100,24213.5,25,25,1225450
NIFTY-II.NFO,05/08/2024,14:32:53,24215.55,24210.2,175,24213.3,25,0,1225450
NIFTY-II.NFO,05/08/2024,14:32:55,24215.55,24210.25,100,24213.4,25,0,1225450
NIFTY-II.NFO,05/08/2024,14:32:57,24215.55,24210.4,175,24215.9,50,0,1225450
NIFTY-II.NFO,05/08/2024,14:32:58,24215.55,24210.7,75,24214.9,25,0,1225450
NIFTY-II.NFO,05/08/2024,14:33:00,24210.4,24209.15,175,24214.9,25,500,1225450
NIFTY-II.NFO,05/08/2024,14:33:01,24210.4,24211.4,175,24214.9,25,0,1225450
NIFTY-II.NFO,05/08/2024,14:33:03,24210.4,24211.35,75,24214.95,25,0,1225450
NIFTY-II.NFO,05/08/2024,14:33:05,24210.4,24213.65,250,24215.9,50,0,1225450
NIFTY-II.NFO,05/08/2024,14:33:06,24216,24217.1,50,24220.7,25,100,1225450
NIFTY-II.NFO,05/08/2024,14:33:08,24218.65,24217.95,125,24220.7,25,25,1225450
NIFTY-II.NFO,05/08/2024,14:33:10,24218.65,24213.95,50,24220.55,50,0,1225450
NIFTY-II.NFO,05/08/2024,14:33:11,24218.65,24214.15,175,24218.9,25,0,1225450
NIFTY-II.NFO,05/08/2024,14:33:13,24218.65,24212.75,150,24218.8,75,0,1225450
NIFTY-II.NFO,05/08/2024,14:33:15,24218.65,24211.25,225,24218.8,75,0,1225450
NIFTY-II.NFO,05/08/2024,14:33:16,24209.15,24207.9,50,24212.75,25,100,1225450
NIFTY-II.NFO,05/08/2024,14:33:18,24209.15,24205.15,100,24210.35,25,0,1225450
NIFTY-II.NFO,05/08/2024,14:33:19,24209.15,24204.4,100,24210.1,25,0,1225450
NIFTY-II.NFO,05/08/2024,14:33:21,24209.15,24203.4,50,24209.15,25,0,1225450
NIFTY-II.NFO,05/08/2024,14:33:23,24209.15,24201.55,100,24206.6,50,0,1225450
NIFTY-II.NFO,05/08/2024,14:33:24,24209.15,24202.75,175,24208.1,25,0,1225450
NIFTY-II.NFO,05/08/2024,14:33:26,24209.15,24202.15,100,24206.6,50,0,1225450
NIFTY-II.NFO,05/08/2024,14:33:28,24202.7,24204.25,425,24209.1,50,25,1225450
NIFTY-II.NFO,05/08/2024,14:33:29,24202.7,24201.8,175,24208.3,50,0,1225450
NIFTY-II.NFO,05/08/2024,14:33:31,24202.7,24201.05,100,24207.7,50,0,1225450
NIFTY-II.NFO,05/08/2024,14:33:33,24202.7,24201.8,175,24207.5,100,0,1225450
NIFTY-II.NFO,05/08/2024,14:33:34,24202.7,24201.45,350,24206.9,100,0,1225450
NIFTY-II.NFO,05/08/2024,14:33:36,24202.7,24202.5,175,24207.35,50,0,1225450
NIFTY-II.NFO,05/08/2024,14:33:38,24202.7,24203.1,100,24207.9,50,0,1225450
NIFTY-II.NFO,05/08/2024,14:33:39,24207.45,24200.05,175,24202.5,500,100,1225450
NIFTY-II.NFO,05/08/2024,14:33:41,24207.45,24200.05,100,24202.5,500,0,1225450
NIFTY-II.NFO,05/08/2024,14:33:43,24197.8,24196.45,100,24201,50,225,1225450
NIFTY-II.NFO,05/08/2024,14:33:44,24199.5,24199.5,75,24200,500,25,1225450
NIFTY-II.NFO,05/08/2024,14:33:46,24197.3,24196.65,125,24201,50,500,1225450
NIFTY-II.NFO,05/08/2024,14:33:48,24201,24200.05,50,24205.45,100,50,1225450
NIFTY-II.NFO,05/08/2024,14:33:49,24201,24200,25,24204.15,100,0,1225450
NIFTY-II.NFO,05/08/2024,14:33:51,24200,24195.15,50,24196.5,25,25,1225450
NIFTY-II.NFO,05/08/2024,14:33:53,24200,24193.2,75,24196.5,25,0,1225450
NIFTY-II.NFO,05/08/2024,14:33:54,24200,24194.35,250,24196.5,25,0,1225450
NIFTY-II.NFO,05/08/2024,14:33:56,24200,24192.25,75,24196.5,25,0,1225450
NIFTY-II.NFO,05/08/2024,14:33:58,24200,24192.15,325,24196.5,25,0,1225450
NIFTY-II.NFO,05/08/2024,14:33:59,24199.2,24193.6,300,24198.45,50,250,1225450
NIFTY-II.NFO,05/08/2024,14:34:01,24201.55,24201.35,50,24206.1,100,50,1225450
NIFTY-II.NFO,05/08/2024,14:34:03,24201.55,24197.8,150,24204.1,100,0,1225450
NIFTY-II.NFO,05/08/2024,14:34:04,24201.55,24199.5,150,24201.55,25,0,1225450
NIFTY-II.NFO,05/08/2024,14:34:06,24201.55,24199.3,150,24201.55,25,0,1225450
NIFTY-II.NFO,05/08/2024,14:34:08,24200.5,24199.15,100,24201.55,25,25,1225450
NIFTY-II.NFO,05/08/2024,14:34:09,24198.6,24198.45,150,24201.55,25,25,1225450
NIFTY-II.NFO,05/08/2024,14:34:11,24198.6,24200.25,100,24201.55,25,0,1225450
NIFTY-II.NFO,05/08/2024,14:34:13,24198.6,24200.3,75,24201.55,25,0,1225450
NIFTY-II.NFO,05/08/2024,14:34:14,24201.55,24203.1,25,24208.6,100,25,1225450
NIFTY-II.NFO,05/08/2024,14:34:16,24201.55,24204.15,50,24208.75,125,0,1225450
NIFTY-II.NFO,05/08/2024,14:34:18,24201.55,24204.3,100,24209.6,100,0,1225450
NIFTY-II.NFO,05/08/2024,14:34:19,24201.55,24205.95,100,24207.05,25,0,1225450
NIFTY-II.NFO,05/08/2024,14:34:21,24208.4,24208.45,50,24215.2,100,150,1225450
NIFTY-II.NFO,05/08/2024,14:34:23,24208.4,24207.45,50,24213.95,100,0,1225450
NIFTY-II.NFO,05/08/2024,14:34:24,24208.4,24203.75,125,24210.7,100,0,1225450
NIFTY-II.NFO,05/08/2024,14:34:26,24203.25,24202.1,50,24209.55,100,25,1226775
NIFTY-II.NFO,05/08/2024,14:34:28,24203.25,24203.3,225,24209.05,100,0,1226775
NIFTY-II.NFO,05/08/2024,14:34:29,24203.25,24199.15,125,24205.95,100,0,1226775
NIFTY-II.NFO,05/08/2024,14:34:31,24203.25,24199.95,250,24204.4,50,0,1226775
NIFTY-II.NFO,05/08/2024,14:34:33,24203.25,24199.05,75,24206.05,100,0,1226775
NIFTY-II.NFO,05/08/2024,14:34:34,24203.25,24200,250,24205.6,50,0,1226775
NIFTY-II.NFO,05/08/2024,14:34:36,24203.25,24201.3,50,24208.65,100,0,1226775
NIFTY-II.NFO,05/08/2024,14:34:38,24203.25,24202.2,125,24208.65,100,0,1226775
NIFTY-II.NFO,05/08/2024,14:34:39,24203.25,24202.35,50,24208.65,100,0,1226775
NIFTY-II.NFO,05/08/2024,14:34:41,24204.25,24203.4,75,24209.35,100,175,1226775
NIFTY-II.NFO,05/08/2024,14:34:43,24204.25,24203.6,50,24210,100,0,1226775
NIFTY-II.NFO,05/08/2024,14:34:44,24204.25,24205.45,75,24210,100,0,1226775
NIFTY-II.NFO,05/08/2024,14:34:46,24204.25,24203.15,150,24208.6,100,0,1226775
NIFTY-II.NFO,05/08/2024,14:34:48,24204.25,24204.5,50,24210,100,0,1226775
NIFTY-II.NFO,05/08/2024,14:34:49,24204.25,24204.5,75,24208.45,25,0,1226775
NIFTY-II.NFO,05/08/2024,14:34:51,24204.25,24204.1,75,24208.45,25,0,1226775
NIFTY-II.NFO,05/08/2024,14:34:53,24204.25,24203.55,125,24208.45,25,0,1226775
NIFTY-II.NFO,05/08/2024,14:34:55,24204.25,24202.4,150,24208.3,100,0,1226775
NIFTY-II.NFO,05/08/2024,14:34:56,24207.15,24200.4,100,24206.4,100,25,1226775
NIFTY-II.NFO,05/08/2024,14:34:58,24207.15,24199.8,100,24206.45,100,0,1226775
NIFTY-II.NFO,05/08/2024,14:35:00,24207.15,24200.8,150,24206.7,150,0,1226775
NIFTY-II.NFO,05/08/2024,14:35:01,24207.15,24203.45,175,24208.4,100,0,1226775
NIFTY-II.NFO,05/08/2024,14:35:03,24207.15,24202.2,100,24207.95,100,0,1226775
NIFTY-II.NFO,05/08/2024,14:35:05,24207.15,24204.2,25,24208.45,25,0,1226775
NIFTY-II.NFO,05/08/2024,14:35:06,24207.15,24206.3,75,24208.45,25,0,1226775
NIFTY-II.NFO,05/08/2024,14:35:08,24207.15,24205.8,50,24208.45,25,0,1226775
NIFTY-II.NFO,05/08/2024,14:35:10,24206.55,24206.7,125,24208.45,25,25,1226775
NIFTY-II.NFO,05/08/2024,14:35:11,24210,24209.5,75,24211,25,125,1226775
NIFTY-II.NFO,05/08/2024,14:35:13,24210,24209.4,75,24211,25,0,1226775
NIFTY-II.NFO,05/08/2024,14:35:15,24210,24209.25,25,24211,25,0,1226775
NIFTY-II.NFO,05/08/2024,14:35:16,24210,24209.15,100,24211,25,0,1226775
NIFTY-II.NFO,05/08/2024,14:35:18,24210,24209.7,100,24211,25,0,1226775
NIFTY-II.NFO,05/08/2024,14:35:19,24210,24208.45,50,24211,25,0,1226775
NIFTY-II.NFO,05/08/2024,14:35:21,24210,24208.45,50,24210.45,150,0,1226775
NIFTY-II.NFO,05/08/2024,14:35:23,24208.45,24202.1,100,24208.55,100,50,1226775
NIFTY-II.NFO,05/08/2024,14:35:24,24208.45,24205.2,25,24210.85,100,0,1226775
NIFTY-II.NFO,05/08/2024,14:35:26,24208.45,24204.9,75,24210.75,100,0,1226775
NIFTY-II.NFO,05/08/2024,14:35:28,24211,24206.1,100,24212.05,100,25,1226775
NIFTY-II.NFO,05/08/2024,14:35:29,24211,24205.3,25,24210.1,100,0,1226775
NIFTY-II.NFO,05/08/2024,14:35:31,24211,24205.65,25,24210.6,100,0,1226775
NIFTY-II.NFO,05/08/2024,14:35:33,24211,24206.3,25,24211.75,100,0,1226775
NIFTY-II.NFO,05/08/2024,14:35:34,24211,24207.15,150,24212.9,100,0,1226775
NIFTY-II.NFO,05/08/2024,14:35:36,24211,24207.95,100,24213.15,100,0,1226775
NIFTY-II.NFO,05/08/2024,14:35:38,24213.15,24207.6,150,24213.15,100,50,1226775
NIFTY-II.NFO,05/08/2024,14:35:39,24213.15,24209.5,75,24214.95,100,0,1226775
NIFTY-II.NFO,05/08/2024,14:35:41,24213.15,24209.35,200,24215.3,100,0,1226775
NIFTY-II.NFO,05/08/2024,14:35:43,24215.2,24209.55,175,24214.8,100,25,1226775
NIFTY-II.NFO,05/08/2024,14:35:44,24214.75,24214.95,225,24219.45,75,100,1226775
NIFTY-II.NFO,05/08/2024,14:35:46,24214.95,24214.4,125,24219.3,100,200,1226775
NIFTY-II.NFO,05/08/2024,14:35:48,24214.95,24213.85,50,24218.75,100,0,1226775
NIFTY-II.NFO,05/08/2024,14:35:49,24214.95,24211.05,125,24217.25,100,0,1226775
NIFTY-II.NFO,05/08/2024,14:35:51,24214.95,24210.35,125,24217.7,100,0,1226775
NIFTY-II.NFO,05/08/2024,14:35:53,24214.95,24210.05,50,24214.2,25,0,1226775
NIFTY-II.NFO,05/08/2024,14:35:54,24215,24210.8,125,24214.3,25,200,1226775
NIFTY-II.NFO,05/08/2024,14:35:56,24215,24211.5,125,24214.3,25,0,1226775
NIFTY-II.NFO,05/08/2024,14:35:58,24215,24212.2,250,24213,600,0,1226775
NIFTY-II.NFO,05/08/2024,14:35:59,24213,24213.05,50,24214.95,50,2400,1226775
NIFTY-II.NFO,05/08/2024,14:36:01,24213,24211.05,50,24212.05,25,25,1226775
NIFTY-II.NFO,05/08/2024,14:36:03,24212.05,24211,250,24214.95,50,25,1226775
NIFTY-II.NFO,05/08/2024,14:36:04,24212.05,24211.05,50,24213,25,0,1226775
NIFTY-II.NFO,05/08/2024,14:36:06,24212.05,24211,250,24213,25,0,1226775
NIFTY-II.NFO,05/08/2024,14:36:08,24211.05,24211,250,24213,25,25,1226775
NIFTY-II.NFO,05/08/2024,14:36:09,24211,24211.5,375,24214.95,50,25,1226775
NIFTY-II.NFO,05/08/2024,14:36:11,24211,24211,175,24216.05,100,50,1226775
NIFTY-II.NFO,05/08/2024,14:36:13,24211,24211,175,24215.4,100,0,1226775
NIFTY-II.NFO,05/08/2024,14:36:14,24211,24211.05,500,24216.75,25,0,1226775
NIFTY-II.NFO,05/08/2024,14:36:16,24211,24211,175,24214.2,25,0,1226775
NIFTY-II.NFO,05/08/2024,14:36:18,24211,24211,200,24214.2,25,0,1226775
NIFTY-II.NFO,05/08/2024,14:36:19,24211,24211.05,25,24215.3,25,0,1226775
NIFTY-II.NFO,05/08/2024,14:36:21,24211,24211.1,25,24214.6,25,0,1226775
NIFTY-II.NFO,05/08/2024,14:36:23,24211.1,24212.45,125,24218.15,100,25,1226775
NIFTY-II.NFO,05/08/2024,14:36:24,24211.1,24213.2,250,24216.25,50,0,1226775
NIFTY-II.NFO,05/08/2024,14:36:26,24211.1,24214.5,25,24217.85,50,0,1226775
NIFTY-II.NFO,05/08/2024,14:36:28,24214.5,24211.05,25,24216.85,150,25,1226775
NIFTY-II.NFO,05/08/2024,14:36:29,24216.25,24212.45,200,24216.85,25,50,1226775
NIFTY-II.NFO,05/08/2024,14:36:31,24216.25,24212.7,125,24216.8,25,0,1226775
NIFTY-II.NFO,05/08/2024,14:36:33,24212.7,24212.2,50,24217.45,25,25,1226775
NIFTY-II.NFO,05/08/2024,14:36:34,24217.05,24211.65,25,24215,25,25,1226775
NIFTY-II.NFO,05/08/2024,14:36:36,24217.05,24212.1,100,24216.1,25,0,1226775
NIFTY-II.NFO,05/08/2024,14:36:38,24217.05,24211.55,25,24216.9,150,0,1226775
NIFTY-II.NFO,05/08/2024,14:36:39,24217.05,24211.95,100,24216.45,25,0,1226775
NIFTY-II.NFO,05/08/2024,14:36:41,24212.6,24212.6,225,24216.45,25,50,1226775
NIFTY-II.NFO,05/08/2024,14:36:43,24212.6,24211.85,250,24216.45,25,0,1226775
NIFTY-II.NFO,05/08/2024,14:36:44,24212.6,24212.35,200,24216.75,25,0,1226775
NIFTY-II.NFO,05/08/2024,14:36:46,24212.6,24211.25,25,24215.25,100,50,1226775
NIFTY-II.NFO,05/08/2024,14:36:48,24211,24210,50,24214.05,150,275,1226775
NIFTY-II.NFO,05/08/2024,14:36:49,24211,24210,125,24214.6,25,0,1226775
NIFTY-II.NFO,05/08/2024,14:36:51,24211,24210,50,24212.6,25,0,1226775
NIFTY-II.NFO,05/08/2024,14:36:56,24210,24205.8,325,24210,25,50,1226775
NIFTY-II.NFO,05/08/2024,14:36:58,24210,24206.6,325,24210,25,0,1226775
NIFTY-II.NFO,05/08/2024,14:36:59,24210,24208.85,325,24210,25,0,1226775
NIFTY-II.NFO,05/08/2024,14:37:01,24212.6,24213.35,125,24217,25,50,1226775
NIFTY-II.NFO,05/08/2024,14:37:03,24212.6,24211.5,125,24217,25,0,1226775
NIFTY-II.NFO,05/08/2024,14:37:04,24211.9,24212.65,200,24217,25,25,1226775
NIFTY-II.NFO,05/08/2024,14:37:06,24213.15,24213.85,250,24217,25,25,1226775
NIFTY-II.NFO,05/08/2024,14:37:08,24217,24216.9,200,24221.4,75,25,1226775
NIFTY-II.NFO,05/08/2024,14:37:09,24217.4,24216.9,125,24219.8,25,50,1226775
NIFTY-II.NFO,05/08/2024,14:37:11,24217.4,24218.55,250,24219.8,25,0,1226775
NIFTY-II.NFO,05/08/2024,14:37:13,24217.4,24218.95,125,24220.5,25,0,1226775
NIFTY-II.NFO,05/08/2024,14:37:14,24224.6,24224.5,175,24225,50,175,1226775
NIFTY-II.NFO,05/08/2024,14:37:16,24224.6,24222.5,175,24225,50,0,1226775
NIFTY-II.NFO,05/08/2024,14:37:18,24225,24222.35,125,24227.35,25,150,1226775
NIFTY-II.NFO,05/08/2024,14:37:19,24225,24222.45,125,24227.35,25,0,1226775
NIFTY-II.NFO,05/08/2024,14:37:21,24224.3,24219.25,175,24226.45,50,50,1226775
NIFTY-II.NFO,05/08/2024,14:37:23,24225,24220,125,24225.65,50,25,1226775
NIFTY-II.NFO,05/08/2024,14:37:24,24225,24222.05,125,24227.35,25,0,1226775
NIFTY-II.NFO,05/08/2024,14:37:26,24225,24221.8,125,24227.35,25,0,1226775
NIFTY-II.NFO,05/08/2024,14:37:28,24225,24222.75,125,24228.2,25,0,1226775
NIFTY-II.NFO,05/08/2024,14:37:29,24227.7,24223.25,175,24227.7,25,50,1226250
NIFTY-II.NFO,05/08/2024,14:37:31,24227.7,24226.4,50,24229,25,0,1226250
NIFTY-II.NFO,05/08/2024,14:37:33,24227.7,24225.65,125,24229,25,0,1226250
NIFTY-II.NFO,05/08/2024,14:37:34,24227.7,24225.1,50,24229,25,25,1226250
NIFTY-II.NFO,05/08/2024,14:37:36,24229.8,24225.25,50,24229.8,25,50,1226250
NIFTY-II.NFO,05/08/2024,14:37:38,24229.8,24226.1,125,24229.75,25,0,1226250
NIFTY-II.NFO,05/08/2024,14:37:39,24229.8,24226.2,175,24229.8,50,0,1226250
NIFTY-II.NFO,05/08/2024,14:37:41,24229.8,24225.55,100,24229.8,50,0,1226250
NIFTY-II.NFO,05/08/2024,14:37:43,24229.8,24224.65,50,24228,25,0,1226250
NIFTY-II.NFO,05/08/2024,14:37:44,24229.8,24224.65,50,24226.5,25,0,1226250
NIFTY-II.NFO,05/08/2024,14:37:46,24224.65,24222.05,50,24227.15,150,25,1226250
NIFTY-II.NFO,05/08/2024,14:37:48,24224.65,24222.05,50,24227.1,100,0,1226250
NIFTY-II.NFO,05/08/2024,14:37:49,24224.65,24222,50,24225,100,0,1226250
NIFTY-II.NFO,05/08/2024,14:37:51,24224.65,24222,50,24225.55,100,0,1226250
NIFTY-II.NFO,05/08/2024,14:37:53,24224.75,24222,50,24224.35,25,25,1226250
NIFTY-II.NFO,05/08/2024,14:37:54,24225,24222,50,24225.2,25,25,1226250
NIFTY-II.NFO,05/08/2024,14:37:56,24225,24222.05,175,24227.45,100,0,1226250
NIFTY-II.NFO,05/08/2024,14:37:58,24225,24223.15,125,24227.5,25,0,1226250
NIFTY-II.NFO,05/08/2024,14:37:59,24225,24222.8,175,24224.65,25,0,1226250
NIFTY-II.NFO,05/08/2024,14:38:01,24224.65,24223.6,175,24227.5,25,25,1226250
NIFTY-II.NFO,05/08/2024,14:38:03,24224.65,24224.05,50,24228.35,100,0,1226250
NIFTY-II.NFO,05/08/2024,14:38:04,24224.65,24223.75,125,24228.35,100,0,1226250
NIFTY-II.NFO,05/08/2024,14:38:06,24224.65,24224.85,125,24228.4,25,0,1226250
NIFTY-II.NFO,05/08/2024,14:38:08,24224.65,24224.05,125,24228.65,25,0,1226250
NIFTY-II.NFO,05/08/2024,14:38:09,24224.65,24224.75,50,24228.65,25,0,1226250
NIFTY-II.NFO,05/08/2024,14:38:11,24224.65,24225.2,175,24228.4,25,0,1226250
NIFTY-II.NFO,05/08/2024,14:38:13,24227.05,24224.35,50,24228.5,25,25,1226250
NIFTY-II.NFO,05/08/2024,14:38:14,24227.05,24224,25,24228.45,100,0,1226250
NIFTY-II.NFO,05/08/2024,14:38:16,24227.05,24224.65,25,24228.05,100,0,1226250
NIFTY-II.NFO,05/08/2024,14:38:19,24220.9,24220.25,25,24223,25,200,1226250
NIFTY-II.NFO,05/08/2024,14:38:21,24220.9,24220.25,25,24222.45,100,0,1226250
NIFTY-II.NFO,05/08/2024,14:38:22,24220.25,24215.5,50,24220.9,50,25,1226250
NIFTY-II.NFO,05/08/2024,14:38:24,24223.25,24217.25,125,24223.95,100,50,1226250
NIFTY-II.NFO,05/08/2024,14:38:26,24223.25,24217.3,50,24222.4,50,0,1226250
NIFTY-II.NFO,05/08/2024,14:38:27,24223.25,24215.4,50,24222.35,100,0,1226250
NIFTY-II.NFO,05/08/2024,14:38:29,24223.25,24217.1,125,24222.4,50,0,1226250
NIFTY-II.NFO,05/08/2024,14:38:31,24223.25,24217.2,125,24222.45,25,0,1226250
NIFTY-II.NFO,05/08/2024,14:38:32,24223.25,24218.1,125,24222.45,50,0,1226250
NIFTY-II.NFO,05/08/2024,14:38:34,24223.25,24217.4,50,24222.4,50,0,1226250
NIFTY-II.NFO,05/08/2024,14:38:36,24223.25,24215.3,125,24221.65,100,0,1226250
NIFTY-II.NFO,05/08/2024,14:38:37,24223.25,24212.5,225,24219.15,50,0,1226250
NIFTY-II.NFO,05/08/2024,14:38:39,24212.5,24211.9,100,24219.3,100,75,1226250
NIFTY-II.NFO,05/08/2024,14:38:41,24212.5,24211.9,100,24218.35,100,0,1226250
NIFTY-II.NFO,05/08/2024,14:38:42,24212.5,24212.6,75,24219.8,100,0,1226250
NIFTY-II.NFO,05/08/2024,14:38:44,24212.5,24212.85,100,24217.5,25,0,1226250
NIFTY-II.NFO,05/08/2024,14:38:46,24212.5,24212.7,75,24219.15,50,0,1226250
NIFTY-II.NFO,05/08/2024,14:38:47,24212.75,24213.8,100,24219.65,50,25,1226250
NIFTY-II.NFO,05/08/2024,14:38:49,24212.75,24211.9,100,24217.5,50,0,1226250
NIFTY-II.NFO,05/08/2024,14:38:52,24211.3,24211.05,100,24217.1,50,200,1226250
NIFTY-II.NFO,05/08/2024,14:38:54,24211.3,24211.85,100,24217.5,50,0,1226250
NIFTY-II.NFO,05/08/2024,14:38:56,24211.3,24210.55,75,24217.95,100,0,1226250
NIFTY-II.NFO,05/08/2024,14:38:57,24211.3,24212.15,100,24217.5,50,0,1226250
NIFTY-II.NFO,05/08/2024,14:38:59,24211.3,24213.75,425,24219.25,50,0,1226250
NIFTY-II.NFO,05/08/2024,14:39:01,24211.3,24215.75,425,24220.9,50,0,1226250
NIFTY-II.NFO,05/08/2024,14:39:02,24222.1,24217.75,75,24222.45,50,50,1226250
NIFTY-II.NFO,05/08/2024,14:39:04,24222.1,24218.25,425,24222.3,25,0,1226250
NIFTY-II.NFO,05/08/2024,14:39:06,24222.1,24219.8,125,24224.95,100,0,1226250
NIFTY-II.NFO,05/08/2024,14:39:07,24222.1,24218.55,50,24224.9,100,0,1226250
NIFTY-II.NFO,05/08/2024,14:39:09,24226,24218.2,225,24222.45,25,200,1226250
NIFTY-II.NFO,05/08/2024,14:39:11,24222.45,24218.55,175,24224.35,100,25,1226250
NIFTY-II.NFO,05/08/2024,14:39:12,24222.45,24218.4,100,24224.5,100,0,1226250
NIFTY-II.NFO,05/08/2024,14:39:14,24222.45,24218.3,175,24224.2,100,0,1226250
NIFTY-II.NFO,05/08/2024,14:39:16,24222.45,24216.8,175,24223.1,100,0,1226250
NIFTY-II.NFO,05/08/2024,14:39:17,24222.45,24216.8,175,24222.3,100,0,1226250
NIFTY-II.NFO,05/08/2024,14:39:19,24218.05,24217.8,25,24222.1,25,75,1226250
NIFTY-II.NFO,05/08/2024,14:39:21,24218.05,24216.3,100,24220.65,25,0,1226250
NIFTY-II.NFO,05/08/2024,14:39:22,24218.05,24215.3,100,24221.1,100,0,1226250
NIFTY-II.NFO,05/08/2024,14:39:24,24218.05,24216.8,100,24221.85,50,0,1226250
NIFTY-II.NFO,05/08/2024,14:39:26,24220,24214.5,425,24220.85,100,50,1226250
NIFTY-II.NFO,05/08/2024,14:39:28,24220,24214.25,350,24219.55,150,0,1226250
NIFTY-II.NFO,05/08/2024,14:39:29,24220,24213.5,350,24219.35,100,0,1226250
NIFTY-II.NFO,05/08/2024,14:39:31,24220,24211.3,100,24216.85,100,0,1226250
NIFTY-II.NFO,05/08/2024,14:39:33,24220,24211.3,100,24216.45,100,0,1226250
NIFTY-II.NFO,05/08/2024,14:39:34,24220,24211.3,100,24216.45,50,0,1226250
NIFTY-II.NFO,05/08/2024,14:39:36,24220,24211.3,25,24216.8,100,500,1226250
NIFTY-II.NFO,05/08/2024,14:39:38,24215,24211.3,25,24214.1,100,25,1226250
NIFTY-II.NFO,05/08/2024,14:39:39,24215,24211.3,25,24215,100,0,1226250
NIFTY-II.NFO,05/08/2024,14:39:41,24211.3,24211,50,24212.9,50,25,1226250
NIFTY-II.NFO,05/08/2024,14:39:43,24205,24204.05,100,24210.3,50,100,1226250
NIFTY-II.NFO,05/08/2024,14:39:44,24205,24204.15,25,24210.45,100,0,1226250
NIFTY-II.NFO,05/08/2024,14:39:46,24205,24202.15,75,24209.4,100,0,1226250
NIFTY-II.NFO,05/08/2024,14:39:48,24210.3,24202.55,75,24209.3,50,50,1226250
NIFTY-II.NFO,05/08/2024,14:39:49,24210.3,24203.1,50,24210.05,100,0,1226250
NIFTY-II.NFO,05/08/2024,14:39:51,24210.3,24204.3,125,24211.25,50,0,1226250
NIFTY-II.NFO,05/08/2024,14:39:53,24210.3,24205.65,125,24212.2,150,0,1226250
NIFTY-II.NFO,05/08/2024,14:39:54,24210.3,24207.75,125,24214.05,100,0,1226250
NIFTY-II.NFO,05/08/2024,14:39:56,24210.3,24206.1,125,24213.7,100,0,1226250
NIFTY-II.NFO,05/08/2024,14:39:58,24210.3,24205.85,50,24212.35,100,0,1226250
NIFTY-II.NFO,05/08/2024,14:39:59,24210.3,24201.7,125,24206.95,50,0,1226250
NIFTY-II.NFO,05/08/2024,14:40:01,24210.3,24201.05,125,24206.5,50,0,1226250
NIFTY-II.NFO,05/08/2024,14:40:02,24210.3,24201.95,125,24206.9,50,0,1226250
NIFTY-II.NFO,05/08/2024,14:40:04,24210.3,24201.05,125,24206.55,50,0,1226250
NIFTY-II.NFO,05/08/2024,14:40:06,24210.3,24201.3,50,24206.85,50,0,1226250
NIFTY-II.NFO,05/08/2024,14:40:07,24210.3,24201.05,125,24206.6,50,0,1226250
NIFTY-II.NFO,05/08/2024,14:40:09,24210.3,24201.05,50,24206.2,50,0,1226250
NIFTY-II.NFO,05/08/2024,14:40:11,24210.3,24201.05,50,24204.9,50,0,1226250
NIFTY-II.NFO,05/08/2024,14:40:12,24200,24198,250,24202.15,100,50,1226250
NIFTY-II.NFO,05/08/2024,14:40:14,24200,24198.05,125,24202.2,25,0,1226250
NIFTY-II.NFO,05/08/2024,14:40:16,24200,24198.45,50,24203.85,50,0,1226250
NIFTY-II.NFO,05/08/2024,14:40:17,24200,24198.1,300,24205,50,25,1226250
NIFTY-II.NFO,05/08/2024,14:40:19,24200,24198.05,375,24204.15,50,0,1226250
NIFTY-II.NFO,05/08/2024,14:40:21,24200,24198.95,50,24204.75,100,0,1226250
NIFTY-II.NFO,05/08/2024,14:40:22,24200,24198.8,125,24204.55,100,0,1226250
NIFTY-II.NFO,05/08/2024,14:40:24,24200,24200.1,50,24206.35,100,0,1226250
NIFTY-II.NFO,05/08/2024,14:40:26,24200,24201.75,50,24207,50,0,1226250
NIFTY-II.NFO,05/08/2024,14:40:27,24200,24204.75,50,24207,25,0,1226250
NIFTY-II.NFO,05/08/2024,14:40:29,24200,24203.1,125,24207,50,0,1226250
NIFTY-II.NFO,05/08/2024,14:40:31,24202.1,24202.25,100,24206.95,50,25,1225850
NIFTY-II.NFO,05/08/2024,14:40:32,24202.1,24203.15,100,24206.9,25,0,1225850
NIFTY-II.NFO,05/08/2024,14:40:34,24202.1,24202.15,100,24206.9,50,0,1225850
NIFTY-II.NFO,05/08/2024,14:40:36,24202.1,24198.55,100,24204.15,100,0,1225850
NIFTY-II.NFO,05/08/2024,14:40:37,24202.1,24200.45,100,24204.7,25,0,1225850
NIFTY-II.NFO,05/08/2024,14:40:39,24202.1,24200.05,25,24204.65,100,0,1225850
NIFTY-II.NFO,05/08/2024,14:40:41,24202.1,24200.35,25,24205.2,100,0,1225850
NIFTY-II.NFO,05/08/2024,14:40:42,24202.1,24200.05,25,24204.5,100,0,1225850
NIFTY-II.NFO,05/08/2024,14:40:44,24202.1,24200,125,24204.4,100,0,1225850
NIFTY-II.NFO,05/08/2024,14:40:45,24202.1,24200.05,25,24203.8,25,0,1225850
NIFTY-II.NFO,05/08/2024,14:40:47,24202.1,24200.1,100,24204.6,50,0,1225850
NIFTY-II.NFO,05/08/2024,14:40:49,24202.1,24200.1,100,24204.9,50,0,1225850
NIFTY-II.NFO,05/08/2024,14:40:50,24202.1,24200.1,100,24204.7,50,0,1225850
NIFTY-II.NFO,05/08/2024,14:40:52,24202.1,24200,50,24204.1,100,0,1225850
NIFTY-II.NFO,05/08/2024,14:40:54,24202.1,24200.05,25,24204.4,50,25,1225850
NIFTY-II.NFO,05/08/2024,14:40:55,24202.1,24200,50,24204.35,100,0,1225850
NIFTY-II.NFO,05/08/2024,14:40:57,24202.1,24200,50,24204,50,0,1225850
NIFTY-II.NFO,05/08/2024,14:40:59,24202.1,24200.05,25,24203.85,50,0,1225850
NIFTY-II.NFO,05/08/2024,14:41:00,24202.1,24200.05,25,24203.45,50,0,1225850
NIFTY-II.NFO,05/08/2024,14:41:02,24202.1,24201.2,100,24205,75,0,1225850
NIFTY-II.NFO,05/08/2024,14:41:04,24202.1,24202.5,100,24205,25,0,1225850
NIFTY-II.NFO,05/08/2024,14:41:05,24202.1,24202,100,24205,25,0,1225850
NIFTY-II.NFO,05/08/2024,14:41:07,24203.45,24203.45,50,24205,25,50,1225850
NIFTY-II.NFO,05/08/2024,14:41:09,24205,24204.15,325,24206.85,50,125,1225850
NIFTY-II.NFO,05/08/2024,14:41:10,24205,24203.05,325,24206.8,25,0,1225850
NIFTY-II.NFO,05/08/2024,14:41:12,24205,24204.25,325,24206.85,50,0,1225850
NIFTY-II.NFO,05/08/2024,14:41:13,24205,24204.8,50,24208.5,25,0,1225850
NIFTY-II.NFO,05/08/2024,14:41:15,24205,24205.4,200,24208.5,25,25,1225850
NIFTY-II.NFO,05/08/2024,14:41:17,24208.5,24206.45,200,24211.95,125,50,1225850
NIFTY-II.NFO,05/08/2024,14:41:18,24208.5,24207.3,75,24212.25,100,0,1225850
NIFTY-II.NFO,05/08/2024,14:41:20,24208.5,24207.1,125,24212.25,100,0,1225850
NIFTY-II.NFO,05/08/2024,14:41:22,24208.5,24209.1,50,24213.95,100,0,1225850
NIFTY-II.NFO,05/08/2024,14:41:23,24208.5,24212.1,50,24217,25,0,1225850
NIFTY-II.NFO,05/08/2024,14:41:25,24215.3,24214.45,125,24219.95,100,150,1225850
NIFTY-II.NFO,05/08/2024,14:41:27,24215.3,24216.15,50,24220,75,0,1225850
NIFTY-II.NFO,05/08/2024,14:41:28,24215.3,24214.6,125,24219.25,100,0,1225850
NIFTY-II.NFO,05/08/2024,14:41:30,24215.3,24214.85,300,24219.05,100,0,1225850
NIFTY-II.NFO,05/08/2024,14:41:31,24214.3,24212.7,75,24218.25,175,175,1225850
NIFTY-II.NFO,05/08/2024,14:41:33,24214.3,24207.15,100,24212.7,100,0,1225850
NIFTY-II.NFO,05/08/2024,14:41:35,24214.3,24208.05,25,24213.05,150,0,1225850
NIFTY-II.NFO,05/08/2024,14:41:37,24211.65,24207.1,100,24211.55,100,25,1225850
NIFTY-II.NFO,05/08/2024,14:41:38,24211.6,24208.15,100,24212.4,100,25,1225850
NIFTY-II.NFO,05/08/2024,14:41:40,24211.6,24208.05,25,24213,150,0,1225850
NIFTY-II.NFO,05/08/2024,14:41:42,24211.6,24210.85,100,24215.25,25,0,1225850
NIFTY-II.NFO,05/08/2024,14:41:43,24211.6,24210.85,100,24214.4,25,0,1225850
NIFTY-II.NFO,05/08/2024,14:41:45,24209.05,24210.3,150,24214.4,25,1000,1225850
NIFTY-II.NFO,05/08/2024,14:41:47,24209.05,24209.05,25,24213.5,150,0,1225850
NIFTY-II.NFO,05/08/2024,14:41:48,24209.05,24210.15,150,24214.05,25,0,1225850
NIFTY-II.NFO,05/08/2024,14:41:50,24214,24210.25,150,24214.05,25,25,1225850
NIFTY-II.NFO,05/08/2024,14:41:52,24214,24210.1,25,24214.15,25,0,1225850
NIFTY-II.NFO,05/08/2024,14:41:53,24214,24210.1,25,24214.15,50,0,1225850
NIFTY-II.NFO,05/08/2024,14:41:55,24214,24210.6,150,24214.15,50,0,1225850
NIFTY-II.NFO,05/08/2024,14:41:57,24208.25,24208,225,24213.15,100,25,1225850
NIFTY-II.NFO,05/08/2024,14:41:58,24208.25,24209.05,25,24213.4,150,0,1225850
NIFTY-II.NFO,05/08/2024,14:42:00,24208.25,24208.05,25,24212.7,150,0,1225850
NIFTY-II.NFO,05/08/2024,14:42:02,24208.25,24208.05,25,24212.55,175,0,1225850
NIFTY-II.NFO,05/08/2024,14:42:03,24208.25,24207.1,25,24213.1,175,0,1225850
NIFTY-II.NFO,05/08/2024,14:42:05,24208.25,24209.05,25,24213.9,100,0,1225850
NIFTY-II.NFO,05/08/2024,14:42:07,24208.25,24209.05,100,24214.1,100,0,1225850
NIFTY-II.NFO,05/08/2024,14:42:08,24208.25,24210.15,200,24214.95,100,0,1225850
NIFTY-II.NFO,05/08/2024,14:42:10,24208.25,24211.05,25,24215.3,50,0,1225850
NIFTY-II.NFO,05/08/2024,14:42:12,24208.25,24211.05,150,24215.3,50,0,1225850
NIFTY-II.NFO,05/08/2024,14:42:13,24211.05,24211.65,125,24215.3,50,25,1225850
NIFTY-II.NFO,05/08/2024,14:42:15,24211.65,24212.7,125,24215.3,50,25,1225850
NIFTY-II.NFO,05/08/2024,14:42:17,24211.65,24209,250,24214.7,225,0,1225850
NIFTY-II.NFO,05/08/2024,14:42:18,24211.65,24210.05,225,24215.25,100,0,1225850
NIFTY-II.NFO,05/08/2024,14:42:20,24211.65,24210.05,100,24215.3,50,0,1225850
NIFTY-II.NFO,05/08/2024,14:42:21,24211.65,24210.35,125,24215.25,50,0,1225850
NIFTY-II.NFO,05/08/2024,14:42:23,24211.65,24210.35,200,24215.25,50,0,1225850
NIFTY-II.NFO,05/08/2024,14:42:25,24211.65,24211.8,125,24215.3,50,0,1225850
NIFTY-II.NFO,05/08/2024,14:42:28,24211.65,24213.3,150,24215.3,50,0,1225850
NIFTY-II.NFO,05/08/2024,14:42:30,24211.65,24214.05,75,24215.3,50,0,1225850
NIFTY-II.NFO,05/08/2024,14:42:31,24214.1,24214.25,175,24218.95,75,100,1225850
NIFTY-II.NFO,05/08/2024,14:42:33,24214.1,24216.7,75,24219.4,75,0,1225850
NIFTY-II.NFO,05/08/2024,14:42:35,24214.1,24213.7,125,24219.45,200,0,1225850
NIFTY-II.NFO,05/08/2024,14:42:36,24214.1,24212.05,100,24217.65,100,0,1225850
NIFTY-II.NFO,05/08/2024,14:42:38,24214.1,24212.05,150,24217.95,125,0,1225850
NIFTY-II.NFO,05/08/2024,14:42:40,24214.1,24214.3,125,24219.1,50,0,1225850
NIFTY-II.NFO,05/08/2024,14:42:41,24214.1,24213.25,125,24218.4,125,0,1225850
NIFTY-II.NFO,05/08/2024,14:42:43,24214.1,24214.35,200,24219.35,25,0,1225850
NIFTY-II.NFO,05/08/2024,14:42:45,24214.1,24216.05,125,24219.5,50,0,1225850
NIFTY-II.NFO,05/08/2024,14:42:46,24219.5,24216.05,125,24219.5,50,25,1225850
NIFTY-II.NFO,05/08/2024,14:42:48,24219.5,24216.05,125,24220,100,0,1225850
NIFTY-II.NFO,05/08/2024,14:42:50,24216.05,24216.6,125,24220,75,25,1225850
NIFTY-II.NFO,05/08/2024,14:42:51,24216.05,24216.6,125,24220,75,0,1225850
NIFTY-II.NFO,05/08/2024,14:42:53,24216.05,24216.6,125,24220,50,0,1225850
NIFTY-II.NFO,05/08/2024,14:42:55,24216.05,24215.55,125,24220,100,0,1225850
NIFTY-II.NFO,05/08/2024,14:42:56,24216.05,24214.85,275,24220,75,0,1225850
NIFTY-II.NFO,05/08/2024,14:42:58,24220,24216.1,125,24220,25,25,1225850
NIFTY-II.NFO,05/08/2024,14:43:00,24216.1,24215.1,250,24220,25,25,1225850
NIFTY-II.NFO,05/08/2024,14:43:01,24216.1,24216.25,125,24220,75,0,1225850
NIFTY-II.NFO,05/08/2024,14:43:03,24216.1,24216.05,125,24220,75,0,1225850
NIFTY-II.NFO,05/08/2024,14:43:05,24215.55,24216.6,25,24220,75,500,1225850
NIFTY-II.NFO,05/08/2024,14:43:06,24215.55,24217.5,50,24220,75,0,1225850
NIFTY-II.NFO,05/08/2024,14:43:08,24220,24220.05,75,24224.8,75,100,1225850
NIFTY-II.NFO,05/08/2024,14:43:10,24220.05,24222.55,50,24225,25,25,1225850
NIFTY-II.NFO,05/08/2024,14:43:11,24220.05,24223.15,50,24225,25,0,1225850
NIFTY-II.NFO,05/08/2024,14:43:13,24220.05,24223.4,100,24225,25,0,1225850
NIFTY-II.NFO,05/08/2024,14:43:15,24220.05,24222.1,200,24225,25,0,1225850
NIFTY-II.NFO,05/08/2024,14:43:16,24220.05,24223.3,50,24225,25,0,1225850
NIFTY-II.NFO,05/08/2024,14:43:18,24225,24225.4,100,24227.2,25,25,1225850
NIFTY-II.NFO,05/08/2024,14:43:19,24225,24224.45,175,24227.2,25,0,1225850
NIFTY-II.NFO,05/08/2024,14:43:21,24225,24223.95,100,24227.2,25,0,1225850
NIFTY-II.NFO,05/08/2024,14:43:23,24225,24223.65,100,24227.2,25,0,1225850
NIFTY-II.NFO,05/08/2024,14:43:24,24227.2,24225.2,250,24229.45,25,25,1225850
NIFTY-II.NFO,05/08/2024,14:43:26,24227.2,24223.55,200,24229.15,100,0,1225850
NIFTY-II.NFO,05/08/2024,14:43:28,24224.2,24224.55,50,24226.9,25,25,1226000
NIFTY-II.NFO,05/08/2024,14:43:29,24224.2,24224.35,175,24226.9,25,0,1226000
NIFTY-II.NFO,05/08/2024,14:43:31,24224.2,24225.1,50,24226.9,150,0,1226000
NIFTY-II.NFO,05/08/2024,14:43:33,24226.9,24226.75,125,24229.45,25,175,1226000
NIFTY-II.NFO,05/08/2024,14:43:34,24226.9,24226.25,225,24229.45,25,0,1226000
NIFTY-II.NFO,05/08/2024,14:43:36,24226.9,24226.95,125,24229.45,25,0,1226000
NIFTY-II.NFO,05/08/2024,14:43:37,24230,24225.75,125,24230,25,50,1226000
NIFTY-II.NFO,05/08/2024,14:43:39,24230.65,24230.45,75,24232.8,125,75,1226000
NIFTY-II.NFO,05/08/2024,14:43:41,24230.65,24230.6,125,24232.8,125,0,1226000
NIFTY-II.NFO,05/08/2024,14:43:42,24233,24231.35,225,24235,25,150,1226000
NIFTY-II.NFO,05/08/2024,14:43:44,24239,24238.75,125,24239,350,200,1226000
NIFTY-II.NFO,05/08/2024,14:43:46,24243.7,24239.45,175,24245.45,225,375,1226000
NIFTY-II.NFO,05/08/2024,14:43:47,24245.35,24245.65,125,24249.5,25,50,1226000
NIFTY-II.NFO,05/08/2024,14:43:49,24241.1,24241.25,175,24246.95,100,125,1226000
NIFTY-II.NFO,05/08/2024,14:43:51,24241.1,24238.05,25,24243.85,225,0,1226000
NIFTY-II.NFO,05/08/2024,14:43:52,24243.75,24236.45,100,24240.85,250,125,1226000
NIFTY-II.NFO,05/08/2024,14:43:54,24240.45,24236.45,100,24241.2,225,25,1226000
NIFTY-II.NFO,05/08/2024,14:43:56,24240.45,24236.45,100,24239.7,225,0,1226000
NIFTY-II.NFO,05/08/2024,14:43:57,24240.45,24236.45,100,24241.1,200,0,1226000
NIFTY-II.NFO,05/08/2024,14:43:59,24240.45,24238.85,200,24244.3,150,0,1226000
NIFTY-II.NFO,05/08/2024,14:44:01,24240.45,24239.3,200,24244.55,275,0,1226000
NIFTY-II.NFO,05/08/2024,14:44:02,24240.45,24240.45,325,24244.15,225,0,1226000
NIFTY-II.NFO,05/08/2024,14:44:04,24240.45,24240.45,175,24243.15,75,150,1226000
NIFTY-II.NFO,05/08/2024,14:44:06,24240.45,24240.45,175,24242.1,225,0,1226000
NIFTY-II.NFO,05/08/2024,14:44:07,24240.45,24240.45,175,24242.8,225,0,1226000
NIFTY-II.NFO,05/08/2024,14:44:09,24240.45,24240.45,175,24242.6,275,0,1226000
NIFTY-II.NFO,05/08/2024,14:44:10,24240.45,24240.45,175,24241.95,150,0,1226000
NIFTY-II.NFO,05/08/2024,14:44:12,24240.45,24236.45,100,24240.85,100,175,1226000
NIFTY-II.NFO,05/08/2024,14:44:14,24240.45,24237.45,200,24242.75,25,0,1226000
NIFTY-II.NFO,05/08/2024,14:44:15,24240.45,24236.5,200,24241.4,100,0,1226000
NIFTY-II.NFO,05/08/2024,14:44:17,24236.7,24236.55,200,24241.55,50,25,1226000
NIFTY-II.NFO,05/08/2024,14:44:19,24236.7,24238.3,200,24243.85,125,0,1226000
NIFTY-II.NFO,05/08/2024,14:44:20,24236.7,24238.3,200,24243.4,50,0,1226000
NIFTY-II.NFO,05/08/2024,14:44:22,24240,24239.3,200,24243.1,25,25,1226000
NIFTY-II.NFO,05/08/2024,14:44:23,24240,24236.5,200,24242.5,125,0,1226000
NIFTY-II.NFO,05/08/2024,14:44:25,24240,24240,25,24241.1,50,0,1226000
NIFTY-II.NFO,05/08/2024,14:44:27,24240,24236.45,100,24239.1,125,25,1226000
NIFTY-II.NFO,05/08/2024,14:44:28,24236.45,24230.05,200,24234.85,50,100,1226000
NIFTY-II.NFO,05/08/2024,14:44:30,24234.9,24232.05,200,24235.3,50,25,1226000
NIFTY-II.NFO,05/08/2024,14:44:32,24234.9,24234.55,200,24240.8,125,0,1226000
NIFTY-II.NFO,05/08/2024,14:44:33,24234.9,24233.65,50,24238.65,125,0,1226000
NIFTY-II.NFO,05/08/2024,14:44:35,24234.9,24233.2,200,24238.8,175,0,1226000
NIFTY-II.NFO,05/08/2024,14:44:37,24234.9,24234.1,200,24239.6,125,0,1226000
NIFTY-II.NFO,05/08/2024,14:44:38,24234.9,24232.8,300,24238.6,125,0,1226000
NIFTY-II.NFO,05/08/2024,14:44:40,24234.9,24235.3,200,24240.55,50,0,1226000
NIFTY-II.NFO,05/08/2024,14:44:42,24234.9,24235.3,250,24240.95,125,0,1226000
NIFTY-II.NFO,05/08/2024,14:44:43,24234.9,24236.45,200,24242.2,175,0,1226000
NIFTY-II.NFO,05/08/2024,14:44:45,24234.9,24237.8,200,24243.05,125,0,1226000
NIFTY-II.NFO,05/08/2024,14:44:47,24243.1,24239.05,250,24243.1,50,75,1226000
NIFTY-II.NFO,05/08/2024,14:44:48,24243.1,24238.15,250,24243.1,50,0,1226000
NIFTY-II.NFO,05/08/2024,14:44:50,24243.1,24238.9,250,24243.1,25,25,1226000
NIFTY-II.NFO,05/08/2024,14:44:52,24243.1,24234.95,200,24239.65,125,0,1226000
NIFTY-II.NFO,05/08/2024,14:44:53,24238.4,24234.9,75,24239,75,250,1226000
NIFTY-II.NFO,05/08/2024,14:44:55,24238.4,24235.1,325,24241.05,100,0,1226000
NIFTY-II.NFO,05/08/2024,14:44:57,24240.65,24235.1,325,24241.05,100,100,1226000
NIFTY-II.NFO,05/08/2024,14:44:58,24236.2,24235.15,275,24242.05,75,25,1226000
NIFTY-II.NFO,05/08/2024,14:45:00,24236.2,24237.6,325,24243,25,0,1226000
NIFTY-II.NFO,05/08/2024,14:45:02,24238.1,24236.3,375,24242.65,50,25,1226000
NIFTY-II.NFO,05/08/2024,14:45:03,24238.1,24237.3,325,24242.9,125,0,1226000
NIFTY-II.NFO,05/08/2024,14:45:05,24238.1,24238,250,24243.05,125,0,1226000
NIFTY-II.NFO,05/08/2024,14:45:06,24238.1,24237.15,325,24243,125,0,1226000
NIFTY-II.NFO,05/08/2024,14:45:08,24238.1,24240.35,175,24243.05,75,0,1226000
NIFTY-II.NFO,05/08/2024,14:45:10,24238.1,24238.25,250,24243,50,0,1226000
NIFTY-II.NFO,05/08/2024,14:45:11,24238.1,24238.15,325,24243.05,125,0,1226000
NIFTY-II.NFO,05/08/2024,14:45:13,24238.1,24239,250,24243.05,75,0,1226000
NIFTY-II.NFO,05/08/2024,14:45:15,24242.7,24236.7,400,24242.7,100,25,1226000
NIFTY-II.NFO,05/08/2024,14:45:16,24242.7,24236.3,200,24241.8,100,0,1226000
NIFTY-II.NFO,05/08/2024,14:45:18,24242.7,24239.35,325,24243.05,75,0,1226000
NIFTY-II.NFO,05/08/2024,14:45:20,24242.7,24238.05,325,24243.05,75,0,1226000
NIFTY-II.NFO,05/08/2024,14:45:21,24242.7,24239.7,325,24243.05,75,0,1226000
NIFTY-II.NFO,05/08/2024,14:45:23,24242.7,24240.95,25,24243.05,75,0,1226000
NIFTY-II.NFO,05/08/2024,14:45:24,24243.1,24242.45,325,24248.6,100,100,1226000
NIFTY-II.NFO,05/08/2024,14:45:26,24245.65,24243.6,150,24248.1,75,250,1226000
NIFTY-II.NFO,05/08/2024,14:45:28,24248.15,24243.3,250,24248.15,200,25,1226000
NIFTY-II.NFO,05/08/2024,14:45:29,24241.3,24241.75,125,24247.05,200,50,1226000
NIFTY-II.NFO,05/08/2024,14:45:31,24241.3,24246.1,125,24249,25,0,1226000
NIFTY-II.NFO,05/08/2024,14:45:32,24241.3,24248.7,125,24249,25,0,1226000
NIFTY-II.NFO,05/08/2024,14:45:34,24249.5,24249.8,100,24250,100,75,1226000
NIFTY-II.NFO,05/08/2024,14:45:36,24250.75,24250.55,125,24250.75,50,400,1226000
NIFTY-II.NFO,05/08/2024,14:45:37,24250.75,24248.65,75,24250.75,50,0,1226000
NIFTY-II.NFO,05/08/2024,14:45:39,24250.75,24246.5,300,24250.75,50,0,1226000
NIFTY-II.NFO,05/08/2024,14:45:41,24251.1,24248.9,25,24254.45,200,125,1226000
NIFTY-II.NFO,05/08/2024,14:45:42,24251.1,24247.65,125,24252.45,50,0,1226000
NIFTY-II.NFO,05/08/2024,14:45:44,24251.1,24249.5,100,24254.5,275,0,1226000
NIFTY-II.NFO,05/08/2024,14:45:46,24251.1,24249,100,24253.8,200,0,1226000
NIFTY-II.NFO,05/08/2024,14:45:47,24251.1,24247.35,100,24251.4,275,0,1226000
NIFTY-II.NFO,05/08/2024,14:45:49,24250,24250,75,24252.3,275,25,1226000
NIFTY-II.NFO,05/08/2024,14:45:50,24250,24246,25,24249.4,275,75,1226000
NIFTY-II.NFO,05/08/2024,14:45:52,24250,24246.3,100,24250.6,50,0,1226000
NIFTY-II.NFO,05/08/2024,14:45:54,24250,24246.8,100,24252,200,0,1226000
NIFTY-II.NFO,05/08/2024,14:45:55,24250,24247.9,100,24250.55,25,0,1226000
NIFTY-II.NFO,05/08/2024,14:45:57,24250,24248.3,100,24250.55,25,0,1226000
NIFTY-II.NFO,05/08/2024,14:45:59,24250,24246,25,24250.2,50,0,1226000
NIFTY-II.NFO,05/08/2024,14:46:00,24250,24248.75,50,24250.55,25,0,1226000
NIFTY-II.NFO,05/08/2024,14:46:02,24250.55,24249.15,50,24254.05,50,50,1226000
NIFTY-II.NFO,05/08/2024,14:46:04,24250.55,24251.1,200,24254.05,50,0,1226000
NIFTY-II.NFO,05/08/2024,14:46:05,24255,24255.2,125,24258.95,200,100,1226000
NIFTY-II.NFO,05/08/2024,14:46:07,24255,24253.8,150,24258.95,200,0,1226000
NIFTY-II.NFO,05/08/2024,14:46:09,24255,24255.05,125,24258.95,200,0,1226000
NIFTY-II.NFO,05/08/2024,14:46:11,24257.95,24256.65,225,24259,100,25,1226000
NIFTY-II.NFO,05/08/2024,14:46:12,24255.05,24252.4,300,24258.8,325,25,1226000
NIFTY-II.NFO,05/08/2024,14:46:14,24254.5,24253.05,100,24258.6,275,25,1226000
NIFTY-II.NFO,05/08/2024,14:46:16,24254.5,24255.2,25,24259,100,0,1226000
NIFTY-II.NFO,05/08/2024,14:46:17,24254.5,24255.9,250,24260,200,0,1226000
NIFTY-II.NFO,05/08/2024,14:46:19,24254.5,24258.45,25,24260,225,0,1226000
NIFTY-II.NFO,05/08/2024,14:46:20,24260.5,24258.05,75,24263.55,325,250,1226000
NIFTY-II.NFO,05/08/2024,14:46:22,24264,24257.35,150,24263.7,200,25,1226000
NIFTY-II.NFO,05/08/2024,14:46:24,24264,24258.45,25,24264.05,200,0,1226000
NIFTY-II.NFO,05/08/2024,14:46:25,24264.75,24258.1,175,24263.8,200,25,1226000
NIFTY-II.NFO,05/08/2024,14:46:27,24264.75,24258.25,100,24263.95,275,0,1226000
NIFTY-II.NFO,05/08/2024,14:46:29,24264.75,24260.05,50,24264,25,0,1226000
NIFTY-II.NFO,05/08/2024,14:46:30,24264.75,24259.75,50,24263.95,200,0,1226000
NIFTY-II.NFO,05/08/2024,14:46:32,24263.5,24258.25,250,24263.95,275,250,1224900
NIFTY-II.NFO,05/08/2024,14:46:34,24263.5,24260,25,24263.75,150,0,1224900
NIFTY-II.NFO,05/08/2024,14:46:35,24263,24259.7,50,24263.95,175,100,1224900
NIFTY-II.NFO,05/08/2024,14:46:37,24263,24259.1,200,24263.55,175,0,1224900
NIFTY-II.NFO,05/08/2024,14:46:39,24263,24261.2,50,24264,25,0,1224900
NIFTY-II.NFO,05/08/2024,14:46:40,24263,24260,25,24263.55,50,0,1224900
NIFTY-II.NFO,05/08/2024,14:46:42,24263,24260.05,200,24264,25,0,1224900
NIFTY-II.NFO,05/08/2024,14:46:44,24262.95,24260.65,200,24264,25,25,1224900
NIFTY-II.NFO,05/08/2024,14:46:45,24262.95,24260,25,24263.05,50,0,1224900
NIFTY-II.NFO,05/08/2024,14:46:47,24262.95,24260.7,200,24264,25,0,1224900
NIFTY-II.NFO,05/08/2024,14:46:49,24262.95,24260,25,24263.15,50,0,1224900
NIFTY-II.NFO,05/08/2024,14:46:50,24267,24260.05,275,24267,50,1250,1224900
NIFTY-II.NFO,05/08/2024,14:46:52,24265.95,24262.7,275,24267.25,25,150,1224900
NIFTY-II.NFO,05/08/2024,14:46:54,24265.95,24262.35,275,24267.2,50,0,1224900
NIFTY-II.NFO,05/08/2024,14:46:55,24267.25,24261.05,200,24268.75,50,25,1224900
NIFTY-II.NFO,05/08/2024,14:46:57,24267.25,24260.1,125,24266.6,50,0,1224900
NIFTY-II.NFO,05/08/2024,14:46:59,24267.25,24260.4,75,24266.5,50,0,1224900
NIFTY-II.NFO,05/08/2024,14:47:00,24267.25,24260,25,24264.1,50,0,1224900
NIFTY-II.NFO,05/08/2024,14:47:02,24264.1,24261.3,200,24267.95,50,25,1224900
NIFTY-II.NFO,05/08/2024,14:47:04,24261.3,24262.55,200,24267,25,25,1224900
NIFTY-II.NFO,05/08/2024,14:47:05,24267,24264.95,50,24269,150,25,1224900
NIFTY-II.NFO,05/08/2024,14:47:07,24264.95,24265,125,24269,150,50,1224900
NIFTY-II.NFO,05/08/2024,14:47:09,24265.8,24263.4,200,24264.65,25,50,1224900
NIFTY-II.NFO,05/08/2024,14:47:10,24265.8,24260.05,275,24264.65,25,0,1224900
NIFTY-II.NFO,05/08/2024,14:47:12,24260,24254.2,275,24261.25,25,250,1224900
NIFTY-II.NFO,05/08/2024,14:47:14,24260,24258.6,200,24264.15,50,0,1224900
NIFTY-II.NFO,05/08/2024,14:47:15,24261.45,24260.8,275,24264.65,25,100,1224900
NIFTY-II.NFO,05/08/2024,14:47:17,24264.65,24264.85,325,24269,150,25,1224900
NIFTY-II.NFO,05/08/2024,14:47:19,24264.65,24264.1,275,24269,150,0,1224900
NIFTY-II.NFO,05/08/2024,14:47:20,24264.65,24262.55,200,24268.35,175,0,1224900
NIFTY-II.NFO,05/08/2024,14:47:22,24262.3,24262.3,325,24268.1,150,25,1224900
NIFTY-II.NFO,05/08/2024,14:47:23,24261.95,24262.35,200,24268.05,175,25,1224900
NIFTY-II.NFO,05/08/2024,14:47:25,24263.65,24264.3,250,24269,175,50,1224900
NIFTY-II.NFO,05/08/2024,14:47:27,24264.3,24265.95,100,24269,175,50,1224900
NIFTY-II.NFO,05/08/2024,14:47:28,24267.6,24266.7,50,24269,175,75,1224900
NIFTY-II.NFO,05/08/2024,14:47:30,24269,24266.65,25,24269,150,25,1224900
NIFTY-II.NFO,05/08/2024,14:47:32,24269,24263.2,125,24268.55,50,0,1224900
NIFTY-II.NFO,05/08/2024,14:47:33,24269,24262.25,125,24268.7,200,0,1224900
NIFTY-II.NFO,05/08/2024,14:47:35,24269,24260.05,125,24266,200,0,1224900
NIFTY-II.NFO,05/08/2024,14:47:37,24269,24260.05,125,24265.15,50,0,1224900
NIFTY-II.NFO,05/08/2024,14:47:38,24269,24260.05,50,24265.6,200,0,1224900
NIFTY-II.NFO,05/08/2024,14:47:40,24269,24260,150,24263.95,200,0,1224900
NIFTY-II.NFO,05/08/2024,14:47:42,24269,24260,150,24263.65,200,0,1224900
NIFTY-II.NFO,05/08/2024,14:47:43,24260,24260,50,24263.3,200,100,1224900
NIFTY-II.NFO,05/08/2024,14:47:45,24260,24260,50,24263.35,200,0,1224900
NIFTY-II.NFO,05/08/2024,14:47:47,24263.35,24260.05,75,24265,200,25,1224900
NIFTY-II.NFO,05/08/2024,14:47:48,24260,24260,25,24263.65,50,25,1224900
NIFTY-II.NFO,05/08/2024,14:47:50,24260,24260,25,24263.8,200,0,1224900
NIFTY-II.NFO,05/08/2024,14:47:52,24258,24257,125,24262.35,50,125,1224900
NIFTY-II.NFO,05/08/2024,14:47:53,24258,24257.65,75,24262.9,50,0,1224900
NIFTY-II.NFO,05/08/2024,14:47:55,24258,24260.1,50,24265.95,200,0,1224900
NIFTY-II.NFO,05/08/2024,14:47:57,24258,24257.75,325,24263.8,200,0,1224900
NIFTY-II.NFO,05/08/2024,14:47:58,24257.8,24257.7,100,24263.7,200,25,1224900
NIFTY-II.NFO,05/08/2024,14:48:00,24257.8,24258.45,50,24263.55,50,0,1224900
NIFTY-II.NFO,05/08/2024,14:48:02,24257.8,24260.1,325,24265.85,200,0,1224900
NIFTY-II.NFO,05/08/2024,14:48:03,24257.8,24259.65,125,24265.75,200,0,1224900
NIFTY-II.NFO,05/08/2024,14:48:05,24261.7,24261.05,300,24266,25,50,1224900
NIFTY-II.NFO,05/08/2024,14:48:07,24261.7,24261.5,250,24266,25,0,1224900
NIFTY-II.NFO,05/08/2024,14:48:08,24262.2,24263.5,50,24266,25,25,1224900
NIFTY-II.NFO,05/08/2024,14:48:10,24268,24264.25,325,24268.9,200,50,1224900
NIFTY-II.NFO,05/08/2024,14:48:12,24264.1,24264.75,325,24268.95,100,25,1224900
NIFTY-II.NFO,05/08/2024,14:48:13,24264.1,24267.25,325,24268.95,100,0,1224900
NIFTY-II.NFO,05/08/2024,14:48:15,24268.05,24265.25,125,24268.95,100,25,1224900
NIFTY-II.NFO,05/08/2024,14:48:17,24268,24267,250,24268,50,50,1224900
NIFTY-II.NFO,05/08/2024,14:48:18,24268,24268.25,100,24269,50,50,1224900
NIFTY-II.NFO,05/08/2024,14:48:20,24270,24269.65,325,24270,25,275,1224900
NIFTY-II.NFO,05/08/2024,14:48:22,24270.25,24269.6,125,24271.2,50,75,1224900
NIFTY-II.NFO,05/08/2024,14:48:23,24271.2,24271.45,125,24271.95,25,50,1224900
NIFTY-II.NFO,05/08/2024,14:48:25,24272,24271.35,50,24275,125,100,1224900
NIFTY-II.NFO,05/08/2024,14:48:26,24269.05,24269.75,125,24275,125,100,1224900
NIFTY-II.NFO,05/08/2024,14:48:28,24269.05,24269.2,325,24274.65,50,0,1224900
NIFTY-II.NFO,05/08/2024,14:48:30,24274.85,24268.75,25,24272.95,25,25,1224900
NIFTY-II.NFO,05/08/2024,14:48:31,24274.85,24269.6,250,24272.95,25,0,1224900
NIFTY-II.NFO,05/08/2024,14:48:33,24274.85,24268.45,50,24272.95,25,0,1224900
NIFTY-II.NFO,05/08/2024,14:48:35,24274.85,24268.8,50,24272.95,25,0,1224900
NIFTY-II.NFO,05/08/2024,14:48:36,24274.85,24267.95,250,24272.9,200,0,1224900
NIFTY-II.NFO,05/08/2024,14:48:38,24272.95,24271.2,125,24274.45,25,25,1224900
NIFTY-II.NFO,05/08/2024,14:48:40,24272.95,24273,250,24274.45,25,0,1224900
NIFTY-II.NFO,05/08/2024,14:48:41,24272.95,24274.1,25,24274.45,25,0,1224900
NIFTY-II.NFO,05/08/2024,14:48:43,24275,24274.8,325,24275,50,125,1224900
NIFTY-II.NFO,05/08/2024,14:48:45,24275,24274,100,24277,400,50,1224900
NIFTY-II.NFO,05/08/2024,14:48:46,24267.45,24268.5,75,24274.9,200,100,1224900
NIFTY-II.NFO,05/08/2024,14:48:48,24267.45,24268.35,50,24272,25,0,1224900
NIFTY-II.NFO,05/08/2024,14:48:50,24268.15,24267.55,300,24271.95,50,25,1224900
NIFTY-II.NFO,05/08/2024,14:48:51,24268.2,24267.3,50,24271.65,50,25,1224900
NIFTY-II.NFO,05/08/2024,14:48:53,24271.95,24267.85,250,24272,25,50,1224900
NIFTY-II.NFO,05/08/2024,14:48:55,24272,24267.95,325,24274,250,25,1224900
NIFTY-II.NFO,05/08/2024,14:48:56,24274,24266,150,24272.65,275,25,1224900
NIFTY-II.NFO,05/08/2024,14:48:58,24274,24267.5,25,24271.9,50,0,1224900
NIFTY-II.NFO,05/08/2024,14:48:59,24274,24265.35,25,24271.65,275,0,1224900
NIFTY-II.NFO,05/08/2024,14:49:01,24269.05,24264.35,25,24269.4,275,50,1224900
NIFTY-II.NFO,05/08/2024,14:49:03,24269.05,24266.7,25,24270.8,50,0,1224900
NIFTY-II.NFO,05/08/2024,14:49:04,24271.75,24265.55,50,24271.75,275,25,1224900
NIFTY-II.NFO,05/08/2024,14:49:06,24266.7,24266.95,125,24271.85,250,75,1224900
NIFTY-II.NFO,05/08/2024,14:49:08,24269.05,24269.05,25,24271.9,50,25,1224900
NIFTY-II.NFO,05/08/2024,14:49:09,24269.05,24269.05,25,24271.65,200,0,1224900
NIFTY-II.NFO,05/08/2024,14:49:11,24271.8,24269.05,25,24271.9,50,50,1224900
NIFTY-II.NFO,05/08/2024,14:49:13,24271.8,24269.05,25,24271.9,50,0,1224900
NIFTY-II.NFO,05/08/2024,14:49:14,24271.8,24270.75,50,24271.9,50,0,1224900
NIFTY-II.NFO,05/08/2024,14:49:16,24271,24270.15,25,24271.9,50,25,1224900
NIFTY-II.NFO,05/08/2024,14:49:18,24271,24270.55,25,24271.8,25,0,1224900
NIFTY-II.NFO,05/08/2024,14:49:19,24271,24269.1,25,24271.8,25,0,1224900
NIFTY-II.NFO,05/08/2024,14:49:21,24271,24269.05,25,24271.8,25,0,1224900
NIFTY-II.NFO,05/08/2024,14:49:22,24271.9,24269.05,25,24271.9,25,50,1224900
NIFTY-II.NFO,05/08/2024,14:49:24,24271.9,24270.7,25,24271.9,25,0,1224900
NIFTY-II.NFO,05/08/2024,14:49:26,24271.9,24270.35,100,24271.9,25,0,1224900
NIFTY-II.NFO,05/08/2024,14:49:27,24271.9,24269.05,25,24271.9,25,0,1224900
NIFTY-II.NFO,05/08/2024,14:49:29,24271.9,24270,25,24271.9,25,0,1224900
NIFTY-II.NFO,05/08/2024,14:49:32,24271.9,24270,25,24271.9,50,0,1224900
NIFTY-II.NFO,05/08/2024,14:49:34,24270.05,24270,25,24271.9,50,25,1223900
NIFTY-II.NFO,05/08/2024,14:49:36,24270.05,24270.05,300,24271.9,50,0,1223900
NIFTY-II.NFO,05/08/2024,14:49:37,24270.05,24270,25,24271.9,50,0,1223900
NIFTY-II.NFO,05/08/2024,14:49:41,24272,24270.05,50,24275,25,75,1223900
NIFTY-II.NFO,05/08/2024,14:49:42,24272,24270,100,24274.95,200,0,1223900
NIFTY-II.NFO,05/08/2024,14:49:44,24272,24270,25,24274.35,250,0,1223900
NIFTY-II.NFO,05/08/2024,14:49:46,24274.65,24270.05,100,24274.95,200,25,1223900
NIFTY-II.NFO,05/08/2024,14:49:47,24274.65,24270.05,100,24274.95,200,0,1223900
NIFTY-II.NFO,05/08/2024,14:49:49,24274.65,24270,125,24274.6,275,0,1223900
NIFTY-II.NFO,05/08/2024,14:49:51,24274.65,24271.05,25,24274.45,200,0,1223900
NIFTY-II.NFO,05/08/2024,14:49:52,24270.9,24270,125,24271.95,175,250,1223900
NIFTY-II.NFO,05/08/2024,14:49:54,24270.9,24270,125,24271.6,250,0,1223900
NIFTY-II.NFO,05/08/2024,14:49:56,24270.9,24270,125,24270.9,50,0,1223900
NIFTY-II.NFO,05/08/2024,14:49:57,24270.9,24270,125,24270.9,25,25,1223900
NIFTY-II.NFO,05/08/2024,14:49:59,24270,24265.45,200,24270.15,175,125,1223900
NIFTY-II.NFO,05/08/2024,14:50:01,24264.45,24262.85,275,24268.6,325,50,1223900
NIFTY-II.NFO,05/08/2024,14:50:02,24264.45,24264.95,200,24268.9,25,0,1223900
NIFTY-II.NFO,05/08/2024,14:50:04,24264.45,24265.7,200,24268.9,25,0,1223900
NIFTY-II.NFO,05/08/2024,14:50:06,24264.45,24267.95,225,24268.9,25,0,1223900
NIFTY-II.NFO,05/08/2024,14:50:07,24264.45,24267.55,250,24268.9,25,0,1223900
NIFTY-II.NFO,05/08/2024,14:50:09,24267.55,24266.45,175,24267.9,25,25,1223900
NIFTY-II.NFO,05/08/2024,14:50:11,24267.9,24267,175,24271.35,50,25,1223900
NIFTY-II.NFO,05/08/2024,14:50:12,24271.35,24269,25,24271.45,25,25,1223900
NIFTY-II.NFO,05/08/2024,14:50:14,24271.35,24270.9,100,24274.95,200,0,1223900
NIFTY-II.NFO,05/08/2024,14:50:16,24271.35,24270.9,25,24274.85,200,0,1223900
NIFTY-II.NFO,05/08/2024,14:50:17,24271.35,24269.8,250,24275,50,0,1223900
NIFTY-II.NFO,05/08/2024,14:50:19,24275,24273.8,125,24277,400,50,1223900
NIFTY-II.NFO,05/08/2024,14:50:21,24275,24271.5,300,24276.95,200,0,1223900
NIFTY-II.NFO,05/08/2024,14:50:22,24275,24271.9,300,24276.95,200,0,1223900
NIFTY-II.NFO,05/08/2024,14:50:24,24275,24274.2,125,24275,25,0,1223900
NIFTY-II.NFO,05/08/2024,14:50:26,24275,24273.9,50,24277,400,25,1223900
NIFTY-II.NFO,05/08/2024,14:50:27,24275,24274.2,125,24277,400,0,1223900
NIFTY-II.NFO,05/08/2024,14:50:29,24277,24273.35,175,24277,375,25,1223900
NIFTY-II.NFO,05/08/2024,14:50:31,24277,24275,25,24277,375,0,1223900
NIFTY-II.NFO,05/08/2024,14:50:32,24277,24275.15,250,24277,375,0,1223900
NIFTY-II.NFO,05/08/2024,14:50:34,24277,24275.55,175,24277,375,0,1223900
NIFTY-II.NFO,05/08/2024,14:50:36,24277,24276.05,250,24277,250,125,1223900
NIFTY-II.NFO,05/08/2024,14:50:38,24277,24276.25,175,24277,250,0,1223900
NIFTY-II.NFO,05/08/2024,14:50:39,24277,24275.4,250,24277,250,0,1223900
NIFTY-II.NFO,05/08/2024,14:50:41,24277,24277.95,225,24278,125,275,1223900
NIFTY-II.NFO,05/08/2024,14:50:43,24277,24276.05,175,24278,125,0,1223900
NIFTY-II.NFO,05/08/2024,14:50:44,24277,24275.75,175,24278,125,0,1223900
NIFTY-II.NFO,05/08/2024,14:50:46,24277,24275.85,175,24278,125,0,1223900
NIFTY-II.NFO,05/08/2024,14:50:48,24277,24276.45,175,24278,125,0,1223900
NIFTY-II.NFO,05/08/2024,14:50:49,24277,24276.45,225,24278,125,0,1223900
NIFTY-II.NFO,05/08/2024,14:50:51,24277,24277,25,24278,125,0,1223900
NIFTY-II.NFO,05/08/2024,14:50:53,24278,24277.05,250,24278,50,75,1223900
NIFTY-II.NFO,05/08/2024,14:50:54,24277.6,24277,25,24280,75,75,1223900
NIFTY-II.NFO,05/08/2024,14:50:56,24277.6,24277,25,24280,75,0,1223900
NIFTY-II.NFO,05/08/2024,14:50:58,24282.25,24277.05,275,24282.1,50,500,1223900
NIFTY-II.NFO,05/08/2024,14:50:59,24282.25,24277.35,275,24282.3,50,0,1223900
NIFTY-II.NFO,05/08/2024,14:51:01,24282.25,24277,25,24277.05,25,0,1223900
NIFTY-II.NFO,05/08/2024,14:51:03,24282.25,24277,50,24277.05,25,0,1223900
NIFTY-II.NFO,05/08/2024,14:51:04,24277.05,24277.4,200,24277.6,25,25,1223900
NIFTY-II.NFO,05/08/2024,14:51:06,24277.6,24277.2,200,24281.8,225,25,1223900
NIFTY-II.NFO,05/08/2024,14:51:08,24277.6,24277.6,250,24282.1,150,0,1223900
NIFTY-II.NFO,05/08/2024,14:51:09,24277.6,24277,50,24281.4,100,0,1223900
NIFTY-II.NFO,05/08/2024,14:51:11,24277.6,24277,25,24281.7,175,0,1223900
NIFTY-II.NFO,05/08/2024,14:51:12,24277.6,24277,25,24279.95,100,0,1223900
NIFTY-II.NFO,05/08/2024,14:51:14,24277.6,24277,25,24279.45,100,0,1223900
NIFTY-II.NFO,05/08/2024,14:51:16,24277.6,24277,25,24279.1,100,0,1223900
NIFTY-II.NFO,05/08/2024,14:51:17,24277.6,24277,25,24279.55,50,0,1223900
NIFTY-II.NFO,05/08/2024,14:51:19,24280.8,24277,25,24277.6,200,125,1223900
NIFTY-II.NFO,05/08/2024,14:51:21,24277.6,24277,25,24277.6,150,50,1223900
NIFTY-II.NFO,05/08/2024,14:51:22,24277.6,24277,25,24277.6,125,25,1223900
NIFTY-II.NFO,05/08/2024,14:51:24,24277.6,24277,25,24277.6,125,0,1223900
NIFTY-II.NFO,05/08/2024,14:51:26,24277,24276.1,200,24277.6,125,25,1223900
NIFTY-II.NFO,05/08/2024,14:51:27,24277,24275.6,200,24277.6,125,0,1223900
NIFTY-II.NFO,05/08/2024,14:51:29,24276.25,24276.25,200,24277.6,125,25,1223900
NIFTY-II.NFO,05/08/2024,14:51:31,24276.25,24275.9,200,24277.6,125,0,1223900
NIFTY-II.NFO,05/08/2024,14:51:32,24277.6,24275.55,200,24277.6,75,50,1223900
NIFTY-II.NFO,05/08/2024,14:51:34,24277.6,24276.75,200,24277.6,75,0,1223900
NIFTY-II.NFO,05/08/2024,14:51:36,24277.6,24277.3,300,24282.1,25,75,1223900
NIFTY-II.NFO,05/08/2024,14:51:37,24277.6,24278.65,200,24282.25,100,0,1223900
NIFTY-II.NFO,05/08/2024,14:51:39,24280.15,24280.85,275,24282.25,50,50,1223900
NIFTY-II.NFO,05/08/2024,14:51:41,24282.75,24283.6,275,24285,50,75,1223900
NIFTY-II.NFO,05/08/2024,14:51:42,24282.75,24280.65,275,24285,50,0,1223900
NIFTY-II.NFO,05/08/2024,14:51:44,24282.75,24280.55,275,24285,50,0,1223900
NIFTY-II.NFO,05/08/2024,14:51:46,24282.75,24279.45,250,24284.95,75,0,1223900
NIFTY-II.NFO,05/08/2024,14:51:47,24282.75,24278.45,275,24283.8,200,0,1223900
NIFTY-II.NFO,05/08/2024,14:51:49,24282.75,24275.05,275,24280.5,150,0,1223900
NIFTY-II.NFO,05/08/2024,14:51:51,24276.15,24275.85,275,24281.7,200,50,1223900
NIFTY-II.NFO,05/08/2024,14:51:52,24276.15,24276.55,275,24281.15,50,0,1223900
NIFTY-II.NFO,05/08/2024,14:51:54,24276.15,24279.55,275,24284.95,125,0,1223900
NIFTY-II.NFO,05/08/2024,14:51:56,24276.15,24280.05,200,24284.05,25,0,1223900
NIFTY-II.NFO,05/08/2024,14:51:57,24276.15,24280,25,24283.75,125,0,1223900
NIFTY-II.NFO,05/08/2024,14:51:59,24276.15,24280,25,24284.3,250,0,1223900
NIFTY-II.NFO,05/08/2024,14:52:01,24276.15,24280,25,24282.65,125,0,1223900
NIFTY-II.NFO,05/08/2024,14:52:02,24276.15,24280,25,24283.45,175,0,1223900
NIFTY-II.NFO,05/08/2024,14:52:04,24280,24277.5,275,24283.15,200,25,1223900
NIFTY-II.NFO,05/08/2024,14:52:06,24280,24277.85,275,24283.2,125,0,1223900
NIFTY-II.NFO,05/08/2024,14:52:07,24280,24277.25,250,24282.3,125,0,1223900
NIFTY-II.NFO,05/08/2024,14:52:09,24276.9,24277.8,275,24283.2,150,25,1223900
NIFTY-II.NFO,05/08/2024,14:52:11,24276.9,24277.45,275,24280,25,0,1223900
NIFTY-II.NFO,05/08/2024,14:52:12,24276.9,24277.8,200,24280,25,0,1223900
NIFTY-II.NFO,05/08/2024,14:52:14,24281.6,24276.95,200,24281.35,50,50,1223900
NIFTY-II.NFO,05/08/2024,14:52:16,24281.6,24277.75,100,24283.15,200,0,1223900
NIFTY-II.NFO,05/08/2024,14:52:17,24277.8,24276.95,200,24281.95,225,25,1223900
NIFTY-II.NFO,05/08/2024,14:52:19,24277.8,24278,25,24282.65,225,0,1223900
NIFTY-II.NFO,05/08/2024,14:52:21,24277.8,24278,25,24281.65,150,0,1223900
NIFTY-II.NFO,05/08/2024,14:52:22,24277.8,24278,25,24280.7,50,0,1223900
NIFTY-II.NFO,05/08/2024,14:52:24,24277.8,24278,25,24281.35,50,0,1223900
NIFTY-II.NFO,05/08/2024,14:52:26,24277.8,24278,25,24279.9,150,0,1223900
NIFTY-II.NFO,05/08/2024,14:52:27,24279.35,24275.1,25,24280.4,100,50,1223900
NIFTY-II.NFO,05/08/2024,14:52:29,24275.1,24275,75,24278.8,100,25,1223675
NIFTY-II.NFO,05/08/2024,14:52:31,24275.1,24275.05,200,24279.6,150,0,1223675
NIFTY-II.NFO,05/08/2024,14:52:32,24275.1,24275,75,24278.8,100,0,1223675
NIFTY-II.NFO,05/08/2024,14:52:34,24275.1,24275,75,24279.05,50,0,1223675
NIFTY-II.NFO,05/08/2024,14:52:36,24275.1,24275.05,200,24279.95,175,100,1223675
NIFTY-II.NFO,05/08/2024,14:52:37,24275,24275,50,24278.75,25,25,1223675
NIFTY-II.NFO,05/08/2024,14:52:39,24275,24275,50,24278.5,100,0,1223675
NIFTY-II.NFO,05/08/2024,14:52:41,24275,24275,25,24277.65,100,25,1223675
NIFTY-II.NFO,05/08/2024,14:52:42,24275,24272.85,200,24277.3,175,25,1223675
NIFTY-II.NFO,05/08/2024,14:52:44,24275,24273,200,24277.05,50,0,1223675
NIFTY-II.NFO,05/08/2024,14:52:45,24275,24270.95,200,24274.85,50,0,1223675
NIFTY-II.NFO,05/08/2024,14:52:47,24271.7,24271.85,200,24275,25,100,1223675
NIFTY-II.NFO,05/08/2024,14:52:49,24271.7,24272.35,200,24275,25,0,1223675
NIFTY-II.NFO,05/08/2024,14:52:50,24271.7,24271.85,200,24275,25,0,1223675
NIFTY-II.NFO,05/08/2024,14:52:52,24271.7,24271.15,200,24275,25,0,1223675
NIFTY-II.NFO,05/08/2024,14:52:54,24271.7,24270.05,225,24274.65,50,0,1223675
NIFTY-II.NFO,05/08/2024,14:52:55,24272.15,24271.45,175,24275,25,50,1223675
NIFTY-II.NFO,05/08/2024,14:52:57,24272.15,24270.85,175,24275,25,0,1223675
NIFTY-II.NFO,05/08/2024,14:52:59,24272.15,24273.35,25,24275,25,0,1223675
NIFTY-II.NFO,05/08/2024,14:53:00,24272.15,24273.15,175,24275,25,0,1223675
NIFTY-II.NFO,05/08/2024,14:53:02,24272.15,24274.75,225,24275,25,0,1223675
NIFTY-II.NFO,05/08/2024,14:53:04,24275,24278.45,250,24279,25,25,1223675
NIFTY-II.NFO,05/08/2024,14:53:05,24280,24280.1,100,24284.3,75,125,1223675
NIFTY-II.NFO,05/08/2024,14:53:07,24280,24278,175,24283.7,325,0,1223675
NIFTY-II.NFO,05/08/2024,14:53:09,24278,24278,50,24280,200,50,1223675
NIFTY-II.NFO,05/08/2024,14:53:10,24280,24277,50,24280,175,25,1223675
NIFTY-II.NFO,05/08/2024,14:53:12,24280,24278.3,25,24280,150,75,1223675
NIFTY-II.NFO,05/08/2024,14:53:14,24277.5,24277.65,250,24280,150,25,1223675
NIFTY-II.NFO,05/08/2024,14:53:15,24277.5,24277.6,250,24280,225,0,1223675
NIFTY-II.NFO,05/08/2024,14:53:17,24277.5,24277.5,25,24280,225,0,1223675
NIFTY-II.NFO,05/08/2024,14:53:19,24277.5,24277.5,25,24279.95,50,0,1223675
NIFTY-II.NFO,05/08/2024,14:53:20,24277.5,24277.5,25,24279.65,275,0,1223675
NIFTY-II.NFO,05/08/2024,14:53:22,24277.5,24271.85,100,24277.45,275,50,1223675
NIFTY-II.NFO,05/08/2024,14:53:24,24271.15,24271.45,50,24276.75,50,25,1223675
NIFTY-II.NFO,05/08/2024,14:53:25,24272.15,24270,50,24275.5,275,150,1223675
NIFTY-II.NFO,05/08/2024,14:53:27,24270,24266.65,75,24269.95,50,125,1223675
NIFTY-II.NFO,05/08/2024,14:53:28,24270,24268.15,75,24270,25,0,1223675
NIFTY-II.NFO,05/08/2024,14:53:30,24270,24268.4,75,24270,25,0,1223675
NIFTY-II.NFO,05/08/2024,14:53:32,24270,24271.25,75,24276.2,200,25,1223675
NIFTY-II.NFO,05/08/2024,14:53:33,24270,24270.5,75,24276.15,275,0,1223675
NIFTY-II.NFO,05/08/2024,14:53:35,24270.7,24270,25,24274.25,275,25,1223675
NIFTY-II.NFO,05/08/2024,14:53:37,24270.7,24270,25,24273.8,200,0,1223675
NIFTY-II.NFO,05/08/2024,14:53:38,24270,24267.85,50,24271.7,50,25,1223675
NIFTY-II.NFO,05/08/2024,14:53:40,24270,24270.55,175,24276.55,200,0,1223675
NIFTY-II.NFO,05/08/2024,14:53:42,24270,24268.75,125,24270,25,0,1223675
NIFTY-II.NFO,05/08/2024,14:53:43,24270,24269.1,75,24270,25,0,1223675
NIFTY-II.NFO,05/08/2024,14:53:45,24269.8,24269.95,100,24274.75,200,50,1223675
NIFTY-II.NFO,05/08/2024,14:53:46,24269.8,24269.3,75,24273.85,250,0,1223675
NIFTY-II.NFO,05/08/2024,14:53:48,24269.8,24265.9,25,24269.95,50,0,1223675
NIFTY-II.NFO,05/08/2024,14:53:50,24269.8,24263.35,25,24267.75,200,0,1223675
NIFTY-II.NFO,05/08/2024,14:53:51,24269.4,24266.85,75,24270,25,125,1223675
NIFTY-II.NFO,05/08/2024,14:53:53,24269.4,24267.3,75,24270,25,0,1223675
NIFTY-II.NFO,05/08/2024,14:53:55,24269.4,24266.25,25,24270,25,0,1223675
NIFTY-II.NFO,05/08/2024,14:53:56,24269.4,24264.1,25,24269.45,275,0,1223675
NIFTY-II.NFO,05/08/2024,14:53:58,24269.4,24263.85,25,24268.95,275,0,1223675
NIFTY-II.NFO,05/08/2024,14:53:59,24269.4,24263.55,25,24268.75,275,0,1223675
NIFTY-II.NFO,05/08/2024,14:54:01,24269.4,24264.85,75,24269.55,275,0,1223675
NIFTY-II.NFO,05/08/2024,14:54:03,24269.4,24265.15,75,24269.95,200,0,1223675
NIFTY-II.NFO,05/08/2024,14:54:04,24269.4,24265.55,100,24270,25,0,1223675
NIFTY-II.NFO,05/08/2024,14:54:06,24269.4,24268.2,75,24269.4,25,0,1223675
NIFTY-II.NFO,05/08/2024,14:54:08,24269.4,24266.45,25,24269.4,25,0,1223675
NIFTY-II.NFO,05/08/2024,14:54:09,24269.4,24268.05,50,24270,25,50,1223675
NIFTY-II.NFO,05/08/2024,14:54:11,24266.45,24265.85,50,24270,25,25,1223675
NIFTY-II.NFO,05/08/2024,14:54:13,24266.45,24265.35,75,24269.95,200,0,1223675
NIFTY-II.NFO,05/08/2024,14:54:16,24266.45,24265.95,325,24270,25,0,1223675
NIFTY-II.NFO,05/08/2024,14:54:17,24266.35,24266.3,25,24270,25,50,1223675
NIFTY-II.NFO,05/08/2024,14:54:19,24266.35,24265.6,250,24266.45,25,0,1223675
NIFTY-II.NFO,05/08/2024,14:54:21,24266.35,24265.7,250,24266.45,25,0,1223675
NIFTY-II.NFO,05/08/2024,14:54:22,24266.35,24266.15,75,24266.45,75,0,1223675
NIFTY-II.NFO,05/08/2024,14:54:24,24266.45,24266.9,50,24270,25,75,1223675
NIFTY-II.NFO,05/08/2024,14:54:26,24267.15,24266.45,50,24270,25,75,1223675
NIFTY-II.NFO,05/08/2024,14:54:27,24267.15,24269.45,50,24270,25,0,1223675
NIFTY-II.NFO,05/08/2024,14:54:29,24267.15,24268.9,50,24270,25,0,1223675
NIFTY-II.NFO,05/08/2024,14:54:31,24267.15,24267.9,50,24270,25,0,1223675
NIFTY-II.NFO,05/08/2024,14:54:32,24267.25,24267.1,100,24270,50,25,1223675
NIFTY-II.NFO,05/08/2024,14:54:34,24267.25,24265.9,50,24270,50,0,1223675
NIFTY-II.NFO,05/08/2024,14:54:36,24267.25,24266.35,100,24267.15,25,0,1223675
NIFTY-II.NFO,05/08/2024,14:54:37,24267.15,24267.1,50,24270,50,25,1223675
NIFTY-II.NFO,05/08/2024,14:54:39,24267.15,24266.4,75,24269.95,275,0,1223675
NIFTY-II.NFO,05/08/2024,14:54:41,24266.6,24266.6,50,24270,50,25,1223675
NIFTY-II.NFO,05/08/2024,14:54:42,24266.6,24267.05,50,24270,50,0,1223675
NIFTY-II.NFO,05/08/2024,14:54:44,24266.6,24267.1,50,24267.25,25,0,1223675
NIFTY-II.NFO,05/08/2024,14:54:45,24267.25,24266.95,75,24270,50,25,1223675
NIFTY-II.NFO,05/08/2024,14:54:47,24266.95,24267.75,75,24270,50,50,1223675
NIFTY-II.NFO,05/08/2024,14:54:49,24266.95,24264.8,75,24269.95,275,0,1223675
NIFTY-II.NFO,05/08/2024,14:54:50,24266.95,24267.3,50,24270,50,0,1223675
NIFTY-II.NFO,05/08/2024,14:54:52,24267.05,24267.7,50,24270,75,50,1223675
NIFTY-II.NFO,05/08/2024,14:54:54,24267.05,24266.95,100,24270,75,0,1223675
NIFTY-II.NFO,05/08/2024,14:54:55,24267.1,24268.6,50,24270,100,25,1223675
NIFTY-II.NFO,05/08/2024,14:54:57,24269.7,24267.5,250,24270,100,50,1223675
NIFTY-II.NFO,05/08/2024,14:54:59,24269.7,24268.3,50,24270,100,0,1223675
NIFTY-II.NFO,05/08/2024,14:55:00,24269.7,24268.9,50,24270,100,25,1223675
NIFTY-II.NFO,05/08/2024,14:55:02,24271,24270.6,125,24274.7,200,125,1223675
NIFTY-II.NFO,05/08/2024,14:55:04,24271,24271.65,50,24276.1,200,0,1223675
NIFTY-II.NFO,05/08/2024,14:55:05,24271.65,24272.55,50,24276.5,200,25,1223675
NIFTY-II.NFO,05/08/2024,14:55:07,24274.5,24274.25,50,24277.5,25,100,1223675
NIFTY-II.NFO,05/08/2024,14:55:09,24274.5,24276.05,50,24277.5,25,0,1223675
NIFTY-II.NFO,05/08/2024,14:55:11,24272.3,24273.95,50,24277.5,25,25,1223675
NIFTY-II.NFO,05/08/2024,14:55:12,24272.3,24273.75,50,24277.5,25,0,1223675
NIFTY-II.NFO,05/08/2024,14:55:14,24272.3,24271.05,50,24276.6,200,0,1223675
NIFTY-II.NFO,05/08/2024,14:55:16,24267.75,24267.7,150,24273.85,275,50,1223675
NIFTY-II.NFO,05/08/2024,14:55:17,24267.75,24267.2,250,24271.8,275,0,1223675
NIFTY-II.NFO,05/08/2024,14:55:19,24267.75,24265.9,50,24271.65,275,0,1223675
NIFTY-II.NFO,05/08/2024,14:55:21,24267.75,24265.65,50,24271.1,275,0,1223675
NIFTY-II.NFO,05/08/2024,14:55:22,24267.75,24266.25,50,24271.9,200,0,1223675
NIFTY-II.NFO,05/08/2024,14:55:24,24266.4,24265.5,50,24271.3,200,25,1223675
NIFTY-II.NFO,05/08/2024,14:55:26,24266.4,24265.9,50,24271.55,275,0,1223675
NIFTY-II.NFO,05/08/2024,14:55:27,24266.4,24265.55,175,24271.45,200,0,1223675
NIFTY-II.NFO,05/08/2024,14:55:29,24266.4,24266.05,50,24271.65,200,0,1223675
NIFTY-II.NFO,05/08/2024,14:55:30,24266.4,24264.8,250,24266.4,25,0,1223675
NIFTY-II.NFO,05/08/2024,14:55:32,24266.4,24263.25,250,24266.4,25,0,1223675
NIFTY-II.NFO,05/08/2024,14:55:34,24266.4,24263.65,75,24266.4,25,0,1223675
NIFTY-II.NFO,05/08/2024,14:55:35,24266.4,24265.15,125,24266.4,25,0,1223675
NIFTY-II.NFO,05/08/2024,14:55:37,24266.4,24263.55,75,24268.85,275,25,1223125
NIFTY-II.NFO,05/08/2024,14:55:39,24266.4,24262.9,75,24268.15,275,0,1223125
NIFTY-II.NFO,05/08/2024,14:55:40,24266.4,24266,25,24268.5,200,0,1223125
NIFTY-II.NFO,05/08/2024,14:55:42,24266,24262.8,75,24266.4,25,25,1223125
NIFTY-II.NFO,05/08/2024,14:55:44,24262.9,24262.7,50,24265,25,25,1223125
NIFTY-II.NFO,05/08/2024,14:55:45,24262.9,24262.45,250,24265,25,0,1223125
NIFTY-II.NFO,05/08/2024,14:55:47,24262.45,24261.3,75,24265.85,50,25,1223125
NIFTY-II.NFO,05/08/2024,14:55:48,24262.45,24261.3,75,24265.9,275,0,1223125
NIFTY-II.NFO,05/08/2024,14:55:50,24262.45,24259.35,275,24264.45,200,0,1223125
NIFTY-II.NFO,05/08/2024,14:55:52,24262.45,24260.9,150,24265.9,200,0,1223125
NIFTY-II.NFO,05/08/2024,14:55:53,24259.1,24258.6,300,24263.9,200,25,1223125
NIFTY-II.NFO,05/08/2024,14:55:55,24258.7,24262.1,50,24266.4,25,25,1223125
NIFTY-II.NFO,05/08/2024,14:55:57,24258.7,24260.85,50,24266.35,275,0,1223125
NIFTY-II.NFO,05/08/2024,14:55:58,24261.5,24260.95,125,24266.35,200,125,1223125
NIFTY-II.NFO,05/08/2024,14:56:00,24261.5,24262.5,75,24266.4,125,0,1223125
NIFTY-II.NFO,05/08/2024,14:56:02,24261.5,24262.4,200,24266.4,125,0,1223125
NIFTY-II.NFO,05/08/2024,14:56:03,24262.4,24262.35,50,24266.4,125,50,1223125
NIFTY-II.NFO,05/08/2024,14:56:05,24266.4,24263,75,24266.4,100,25,1223125
NIFTY-II.NFO,05/08/2024,14:56:07,24266.4,24263.45,50,24266.4,100,0,1223125
NIFTY-II.NFO,05/08/2024,14:56:08,24266.4,24263.55,50,24266.4,100,0,1223125
NIFTY-II.NFO,05/08/2024,14:56:10,24266.4,24261.6,150,24266.35,200,0,1223125
NIFTY-II.NFO,05/08/2024,14:56:12,24266.4,24261.85,50,24266.4,100,0,1223125
NIFTY-II.NFO,05/08/2024,14:56:13,24266.4,24262.35,75,24266.4,225,0,1223125
NIFTY-II.NFO,05/08/2024,14:56:15,24266.4,24264.3,250,24266.4,225,0,1223125
NIFTY-II.NFO,05/08/2024,14:56:17,24266.4,24263.1,175,24266.4,225,0,1223125
NIFTY-II.NFO,05/08/2024,14:56:18,24266.4,24264.95,75,24266.4,225,0,1223125
NIFTY-II.NFO,05/08/2024,14:56:21,24266.4,24263.95,250,24264.95,125,0,1223125
NIFTY-II.NFO,05/08/2024,14:56:23,24264.95,24266.1,50,24266.4,250,125,1223125
NIFTY-II.NFO,05/08/2024,14:56:25,24266.4,24266.3,75,24269,25,750,1223125
NIFTY-II.NFO,05/08/2024,14:56:26,24266.4,24266.75,50,24269,25,0,1223125
NIFTY-II.NFO,05/08/2024,14:56:28,24266.4,24267.15,50,24269,25,0,1223125
NIFTY-II.NFO,05/08/2024,14:56:30,24266.4,24265.5,175,24269,25,0,1223125
NIFTY-II.NFO,05/08/2024,14:56:31,24266.4,24265.65,75,24269,25,0,1223125
NIFTY-II.NFO,05/08/2024,14:56:33,24266.4,24265.55,75,24268.95,25,0,1223125
NIFTY-II.NFO,05/08/2024,14:56:35,24266.4,24263.55,50,24267.95,25,0,1223125
NIFTY-II.NFO,05/08/2024,14:56:36,24263.55,24264.65,75,24268.9,200,25,1223125
NIFTY-II.NFO,05/08/2024,14:56:38,24263.55,24266,100,24269,25,0,1223125
NIFTY-II.NFO,05/08/2024,14:56:40,24263.55,24266,25,24268.95,25,0,1223125
NIFTY-II.NFO,05/08/2024,14:56:43,24263.55,24266,25,24268.95,200,0,1223125
NIFTY-II.NFO,05/08/2024,14:56:45,24263.55,24266.9,25,24269,25,0,1223125
NIFTY-II.NFO,05/08/2024,14:56:46,24266.5,24266.1,25,24268.95,25,25,1223125
NIFTY-II.NFO,05/08/2024,14:56:48,24266.1,24266.6,50,24269,25,25,1223125
NIFTY-II.NFO,05/08/2024,14:56:50,24266,24265.8,50,24269,25,25,1223125
NIFTY-II.NFO,05/08/2024,14:56:51,24264.6,24264.5,250,24268.9,200,100,1223125
NIFTY-II.NFO,05/08/2024,14:56:53,24264.6,24267.5,250,24269,25,0,1223125
NIFTY-II.NFO,05/08/2024,14:56:55,24264.6,24268.45,250,24269,25,0,1223125
NIFTY-II.NFO,05/08/2024,14:56:56,24268.45,24268.45,175,24269,25,75,1223125
NIFTY-II.NFO,05/08/2024,14:56:58,24269,24269.5,175,24270,25,25,1223125
NIFTY-II.NFO,05/08/2024,14:57:00,24270,24270,50,24270.75,25,25,1223125
NIFTY-II.NFO,05/08/2024,14:57:01,24270.75,24271.4,250,24274.8,75,25,1223125
NIFTY-II.NFO,05/08/2024,14:57:03,24270.75,24270.6,250,24273.95,25,0,1223125
NIFTY-II.NFO,05/08/2024,14:57:05,24270.75,24270.15,325,24274.95,200,0,1223125
NIFTY-II.NFO,05/08/2024,14:57:06,24270.75,24269.8,250,24274.85,275,0,1223125
NIFTY-II.NFO,05/08/2024,14:57:08,24270.75,24269.5,250,24274.95,275,0,1223125
NIFTY-II.NFO,05/08/2024,14:57:10,24270.75,24268.35,250,24273.6,275,0,1223125
NIFTY-II.NFO,05/08/2024,14:57:11,24270.75,24268.1,325,24273.6,275,0,1223125
NIFTY-II.NFO,05/08/2024,14:57:13,24270.75,24268.7,125,24273.8,200,0,1223125
NIFTY-II.NFO,05/08/2024,14:57:15,24270.75,24269.15,250,24272.95,25,0,1223125
NIFTY-II.NFO,05/08/2024,14:57:16,24270.75,24269.7,50,24274.95,275,0,1223125
NIFTY-II.NFO,05/08/2024,14:57:18,24270.75,24268.5,250,24273.75,325,0,1223125
NIFTY-II.NFO,05/08/2024,14:57:20,24274.3,24269.5,75,24274.65,325,75,1223125
NIFTY-II.NFO,05/08/2024,14:57:21,24274.3,24270.05,75,24274.95,200,0,1223125
NIFTY-II.NFO,05/08/2024,14:57:23,24274.3,24270.9,75,24275,25,0,1223125
NIFTY-II.NFO,05/08/2024,14:57:25,24274.3,24272.65,150,24275,25,0,1223125
NIFTY-II.NFO,05/08/2024,14:57:26,24275,24273.8,75,24275.85,25,25,1223125
NIFTY-II.NFO,05/08/2024,14:57:28,24275,24273.45,75,24275,150,0,1223125
NIFTY-II.NFO,05/08/2024,14:57:30,24275,24272.4,75,24275,275,0,1223125
NIFTY-II.NFO,05/08/2024,14:57:31,24275,24273.05,75,24275,275,0,1223125
NIFTY-II.NFO,05/08/2024,14:57:33,24275,24271.75,75,24275,275,0,1223125
NIFTY-II.NFO,05/08/2024,14:57:35,24275,24271.4,250,24275,275,0,1223125
NIFTY-II.NFO,05/08/2024,14:57:36,24275,24272.3,250,24275,275,0,1223125
NIFTY-II.NFO,05/08/2024,14:57:38,24275,24271.85,125,24275,275,0,1223125
NIFTY-II.NFO,05/08/2024,14:57:39,24271.85,24271.55,250,24275,275,25,1223125
NIFTY-II.NFO,05/08/2024,14:57:41,24271.85,24273.8,25,24274.95,250,0,1223125
NIFTY-II.NFO,05/08/2024,14:57:43,24273.8,24268.6,100,24273.3,250,50,1223125
NIFTY-II.NFO,05/08/2024,14:57:44,24273.8,24268.8,250,24273.7,275,0,1223125
NIFTY-II.NFO,05/08/2024,14:57:46,24273.8,24268.7,250,24272.55,50,0,1223125
NIFTY-II.NFO,05/08/2024,14:57:48,24272.6,24268.8,250,24273.15,250,25,1223125
NIFTY-II.NFO,05/08/2024,14:57:49,24272.6,24269.6,100,24273.85,250,0,1223125
NIFTY-II.NFO,05/08/2024,14:57:51,24272.6,24269.25,250,24273.4,275,0,1223125
NIFTY-II.NFO,05/08/2024,14:57:53,24273.65,24269.85,100,24274.25,50,25,1223125
NIFTY-II.NFO,05/08/2024,14:57:54,24273.65,24270.3,100,24274.65,200,0,1223125
NIFTY-II.NFO,05/08/2024,14:57:56,24273.65,24270.05,100,24274.6,50,0,1223125
NIFTY-II.NFO,05/08/2024,14:57:58,24273.65,24270.4,175,24274.95,200,0,1223125
NIFTY-II.NFO,05/08/2024,14:57:59,24273.65,24272.65,100,24275,275,0,1223125
NIFTY-II.NFO,05/08/2024,14:58:01,24273.65,24272.15,100,24273.65,50,0,1223125
NIFTY-II.NFO,05/08/2024,14:58:03,24273.65,24271.05,100,24273.65,50,0,1223125
NIFTY-II.NFO,05/08/2024,14:58:04,24273.65,24272.15,250,24273.65,50,0,1223125
NIFTY-II.NFO,05/08/2024,14:58:06,24273.65,24272.75,250,24273.65,50,0,1223125
NIFTY-II.NFO,05/08/2024,14:58:08,24273.65,24271.9,50,24273.65,50,0,1223125
NIFTY-II.NFO,05/08/2024,14:58:09,24273.65,24270.3,100,24272.6,25,0,1223125
NIFTY-II.NFO,05/08/2024,14:58:11,24272,24272.3,100,24272.6,25,50,1223125
NIFTY-II.NFO,05/08/2024,14:58:13,24272.6,24272.15,250,24275,325,25,1223125
NIFTY-II.NFO,05/08/2024,14:58:14,24272.6,24272,250,24275,325,0,1223125
NIFTY-II.NFO,05/08/2024,14:58:16,24272.6,24271.8,25,24275,325,0,1223125
NIFTY-II.NFO,05/08/2024,14:58:18,24272.6,24273,50,24275,325,0,1223125
NIFTY-II.NFO,05/08/2024,14:58:19,24272.6,24271.9,125,24275,325,0,1223125
NIFTY-II.NFO,05/08/2024,14:58:21,24275,24273.25,25,24275,300,25,1223125
NIFTY-II.NFO,05/08/2024,14:58:22,24275,24272.85,250,24275,300,0,1223125
NIFTY-II.NFO,05/08/2024,14:58:24,24275,24273.65,25,24275,300,0,1223125
NIFTY-II.NFO,05/08/2024,14:58:26,24275,24274.35,25,24275,300,0,1223125
NIFTY-II.NFO,05/08/2024,14:58:27,24275,24274.45,250,24275,325,0,1223125
NIFTY-II.NFO,05/08/2024,14:58:29,24275.85,24276.3,100,24277.5,25,350,1222900
NIFTY-II.NFO,05/08/2024,14:58:31,24277.5,24276.35,275,24279,50,25,1222900
NIFTY-II.NFO,05/08/2024,14:58:32,24277.5,24274.4,175,24279,50,0,1222900
NIFTY-II.NFO,05/08/2024,14:58:34,24277.5,24273.3,250,24278.45,275,0,1222900
NIFTY-II.NFO,05/08/2024,14:58:36,24277.5,24274.05,100,24278.95,200,0,1222900
NIFTY-II.NFO,05/08/2024,14:58:37,24277.5,24272.95,250,24277.9,275,0,1222900
NIFTY-II.NFO,05/08/2024,14:58:39,24277.5,24270.1,250,24275.25,200,0,1222900
NIFTY-II.NFO,05/08/2024,14:58:41,24277.5,24270,50,24273.9,275,0,1222900
NIFTY-II.NFO,05/08/2024,14:58:42,24270,24268,250,24271.8,325,50,1222900
NIFTY-II.NFO,05/08/2024,14:58:44,24270,24268,250,24271.55,50,0,1222900
NIFTY-II.NFO,05/08/2024,14:58:46,24270,24265.95,250,24270.45,325,0,1222900
NIFTY-II.NFO,05/08/2024,14:58:47,24270,24264,100,24267.95,275,0,1222900
NIFTY-II.NFO,05/08/2024,14:58:49,24270,24264.15,250,24268.75,200,0,1222900
NIFTY-II.NFO,05/08/2024,14:58:51,24270,24264,100,24267.65,200,0,1222900
NIFTY-II.NFO,05/08/2024,14:58:52,24267.35,24264,100,24267.35,200,75,1222900
NIFTY-II.NFO,05/08/2024,14:58:54,24267.35,24264,100,24267.05,275,0,1222900
NIFTY-II.NFO,05/08/2024,14:58:56,24267.35,24264,100,24267,50,0,1222900
NIFTY-II.NFO,05/08/2024,14:58:57,24266.05,24264,100,24266.05,50,25,1222900
NIFTY-II.NFO,05/08/2024,14:58:59,24264.15,24261.5,50,24265,75,200,1222900
NIFTY-II.NFO,05/08/2024,14:59:01,24264.15,24262.85,25,24264,25,0,1222900
NIFTY-II.NFO,05/08/2024,14:59:02,24264.15,24259.8,175,24264,25,0,1222900
NIFTY-II.NFO,05/08/2024,14:59:04,24264.15,24263.7,25,24264,25,0,1222900
NIFTY-II.NFO,05/08/2024,14:59:06,24265,24266.15,175,24271.2,200,50,1222900
NIFTY-II.NFO,05/08/2024,14:59:07,24265,24268.1,50,24273.4,275,0,1222900
NIFTY-II.NFO,05/08/2024,14:59:09,24265,24268.4,250,24272.95,200,0,1222900
NIFTY-II.NFO,05/08/2024,14:59:11,24265,24269.45,175,24274.3,200,0,1222900
NIFTY-II.NFO,05/08/2024,14:59:12,24265,24270.1,250,24274.7,200,0,1222900
NIFTY-II.NFO,05/08/2024,14:59:14,24271.05,24271.05,125,24274.95,25,50,1222900
NIFTY-II.NFO,05/08/2024,14:59:16,24271.05,24272.6,175,24277,25,0,1222900
NIFTY-II.NFO,05/08/2024,14:59:17,24271.05,24273,125,24277,25,0,1222900
NIFTY-II.NFO,05/08/2024,14:59:19,24271.05,24275.95,250,24277,25,0,1222900
NIFTY-II.NFO,05/08/2024,14:59:21,24277,24276.25,125,24277.5,125,25,1222900
NIFTY-II.NFO,05/08/2024,14:59:22,24277,24273.55,125,24276.95,25,0,1222900
NIFTY-II.NFO,05/08/2024,14:59:24,24277,24274.7,250,24277.5,125,0,1222900
NIFTY-II.NFO,05/08/2024,14:59:27,24277,24271.8,200,24276.95,25,0,1222900
NIFTY-II.NFO,05/08/2024,14:59:29,24273.2,24274.35,75,24277.5,125,50,1222900
NIFTY-II.NFO,05/08/2024,14:59:30,24273.2,24273.45,75,24276.95,25,0,1222900
NIFTY-II.NFO,05/08/2024,14:59:32,24273.2,24274.55,50,24277.5,125,0,1222900
NIFTY-II.NFO,05/08/2024,14:59:34,24273.2,24275,50,24277.5,125,0,1222900
NIFTY-II.NFO,05/08/2024,14:59:36,24277.5,24277.35,250,24277.5,25,125,1222900
NIFTY-II.NFO,05/08/2024,14:59:37,24279,24278.4,50,24279.9,75,75,1222900
NIFTY-II.NFO,05/08/2024,14:59:39,24279,24279.2,25,24279.9,75,0,1222900
NIFTY-II.NFO,05/08/2024,14:59:41,24280,24280.35,175,24281,25,325,1222900
NIFTY-II.NFO,05/08/2024,14:59:42,24280,24280.7,175,24281,25,0,1222900
NIFTY-II.NFO,05/08/2024,14:59:44,24282.9,24284.25,25,24285,25,50,1222900
NIFTY-II.NFO,05/08/2024,14:59:45,24284.6,24284.75,150,24285,25,50,1222900
NIFTY-II.NFO,05/08/2024,14:59:47,24285,24284.75,100,24288,75,25,1222900
NIFTY-II.NFO,05/08/2024,14:59:49,24285,24284.15,200,24287.85,25,0,1222900
NIFTY-II.NFO,05/08/2024,14:59:50,24285,24285.15,25,24288,75,0,1222900
NIFTY-II.NFO,05/08/2024,14:59:52,24285.15,24285.15,75,24287,25,25,1222900
NIFTY-II.NFO,05/08/2024,14:59:54,24285.15,24286.35,200,24287,25,0,1222900
NIFTY-II.NFO,05/08/2024,14:59:55,24293.8,24291.2,125,24294,50,675,1222900
NIFTY-II.NFO,05/08/2024,14:59:57,24290.45,24290.9,75,24294,50,75,1222900
NIFTY-II.NFO,05/08/2024,14:59:59,24293.85,24287.7,125,24293.45,275,25,1222900
NIFTY-II.NFO,05/08/2024,15:00:00,24290.8,24285,25,24290.8,200,75,1222900
NIFTY-II.NFO,05/08/2024,15:00:02,24289.85,24285.15,225,24290.45,75,25,1222900
NIFTY-II.NFO,05/08/2024,15:00:04,24286.35,24287.2,125,24291.95,200,25,1222900
NIFTY-II.NFO,05/08/2024,15:00:05,24291.95,24285.5,50,24291.15,200,25,1222900
NIFTY-II.NFO,05/08/2024,15:00:07,24279.75,24276.75,100,24282.55,275,200,1222900
NIFTY-II.NFO,05/08/2024,15:00:09,24279.75,24275.3,75,24281.95,250,0,1222900
NIFTY-II.NFO,05/08/2024,15:00:10,24279.75,24274.45,25,24281.9,275,0,1222900
NIFTY-II.NFO,05/08/2024,15:00:12,24279.75,24274.1,25,24279,325,0,1222900
NIFTY-II.NFO,05/08/2024,15:00:14,24279.75,24269.75,25,24276.9,275,0,1222900
NIFTY-II.NFO,05/08/2024,15:00:15,24279.75,24268.85,50,24272.25,200,0,1222900
NIFTY-II.NFO,05/08/2024,15:00:17,24279.75,24266.15,100,24271.9,125,0,1222900
NIFTY-II.NFO,05/08/2024,15:00:19,24279.75,24273.25,25,24279.3,250,0,1222900
NIFTY-II.NFO,05/08/2024,15:00:20,24279.75,24270.7,100,24276.65,125,0,1222900
NIFTY-II.NFO,05/08/2024,15:00:22,24281.8,24275.85,100,24281.85,200,25,1222900
NIFTY-II.NFO,05/08/2024,15:00:24,24281.8,24274.95,100,24280.8,325,0,1222900
NIFTY-II.NFO,05/08/2024,15:00:25,24281.8,24273.2,50,24279.9,200,0,1222900
NIFTY-II.NFO,05/08/2024,15:00:27,24281.8,24272.15,175,24277.9,200,0,1222900
NIFTY-II.NFO,05/08/2024,15:00:28,24281.8,24274.35,175,24280.1,275,0,1222900
NIFTY-II.NFO,05/08/2024,15:00:30,24281.8,24273.25,125,24278.9,275,0,1222900
NIFTY-II.NFO,05/08/2024,15:00:32,24281.8,24268.4,50,24274.05,275,0,1222900
NIFTY-II.NFO,05/08/2024,15:00:33,24281.8,24269.3,150,24274.7,50,0,1222900
NIFTY-II.NFO,05/08/2024,15:00:35,24281.8,24270.3,50,24276.5,275,0,1222900
NIFTY-II.NFO,05/08/2024,15:00:37,24281.8,24268.35,50,24273.75,275,0,1222900
NIFTY-II.NFO,05/08/2024,15:00:38,24273.75,24268,225,24273.75,275,100,1222900
NIFTY-II.NFO,05/08/2024,15:00:40,24273.75,24267.85,225,24272.8,50,0,1222900
NIFTY-II.NFO,05/08/2024,15:00:42,24273.75,24265.4,225,24271.55,275,0,1222900
NIFTY-II.NFO,05/08/2024,15:00:43,24272.75,24268.05,250,24273.5,200,25,1222900
NIFTY-II.NFO,05/08/2024,15:00:45,24266.35,24266.35,150,24271.75,275,25,1222900
NIFTY-II.NFO,05/08/2024,15:00:46,24270.5,24264.35,250,24270.5,275,25,1222900
NIFTY-II.NFO,05/08/2024,15:00:48,24270.5,24266.15,275,24271.35,200,0,1222900
NIFTY-II.NFO,05/08/2024,15:00:50,24270.5,24269.35,300,24275.7,275,0,1222900
NIFTY-II.NFO,05/08/2024,15:00:51,24270.5,24268.85,200,24274.3,275,0,1222900
NIFTY-II.NFO,05/08/2024,15:00:53,24270.5,24268.9,300,24274.85,275,0,1222900
NIFTY-II.NFO,05/08/2024,15:00:55,24270.5,24269.35,300,24275.35,275,0,1222900
NIFTY-II.NFO,05/08/2024,15:00:56,24270.5,24265.25,250,24270.95,275,0,1222900
NIFTY-II.NFO,05/08/2024,15:00:58,24270.5,24266,300,24271.75,275,0,1222900
NIFTY-II.NFO,05/08/2024,15:01:00,24270.5,24268.75,300,24274.85,200,0,1222900
NIFTY-II.NFO,05/08/2024,15:01:01,24270.5,24270.5,25,24272.8,200,0,1222900
NIFTY-II.NFO,05/08/2024,15:01:04,24266.9,24266.3,150,24271.95,275,75,1222900
NIFTY-II.NFO,05/08/2024,15:01:06,24266.9,24266.5,225,24272.15,275,0,1222900
NIFTY-II.NFO,05/08/2024,15:01:08,24264.75,24264.75,125,24269.9,275,25,1222900
NIFTY-II.NFO,05/08/2024,15:01:09,24264.75,24263.35,200,24268.5,50,0,1222900
NIFTY-II.NFO,05/08/2024,15:01:11,24264.75,24265.4,250,24271.95,275,0,1222900
NIFTY-II.NFO,05/08/2024,15:01:13,24264.75,24264.95,125,24270.35,200,0,1222900
NIFTY-II.NFO,05/08/2024,15:01:14,24262.95,24264.85,25,24269.9,200,300,1222900
NIFTY-II.NFO,05/08/2024,15:01:16,24262.95,24263.55,50,24268.3,275,0,1222900
NIFTY-II.NFO,05/08/2024,15:01:17,24262.95,24264.1,100,24269.65,200,0,1222900
NIFTY-II.NFO,05/08/2024,15:01:19,24262.95,24262.7,125,24267.4,200,0,1222900
NIFTY-II.NFO,05/08/2024,15:01:21,24262.95,24264.3,25,24268.8,200,0,1222900
NIFTY-II.NFO,05/08/2024,15:01:22,24264.2,24262.7,200,24268.9,275,25,1222900
NIFTY-II.NFO,05/08/2024,15:01:24,24264.2,24263.2,25,24267.7,250,0,1222900
NIFTY-II.NFO,05/08/2024,15:01:26,24264.2,24265.9,25,24270.4,200,0,1222900
NIFTY-II.NFO,05/08/2024,15:01:27,24264.7,24265.7,25,24271.6,275,300,1222900
NIFTY-II.NFO,05/08/2024,15:01:29,24264.7,24265.85,300,24272.5,275,0,1222900
NIFTY-II.NFO,05/08/2024,15:01:30,24267.1,24267.6,75,24272.55,100,25,1222775
NIFTY-II.NFO,05/08/2024,15:01:32,24271.95,24268,75,24272.55,25,25,1222775
NIFTY-II.NFO,05/08/2024,15:01:34,24271.95,24269.4,100,24275.6,275,0,1222775
NIFTY-II.NFO,05/08/2024,15:01:35,24271.95,24268,25,24272.05,275,0,1222775
NIFTY-II.NFO,05/08/2024,15:01:37,24267.8,24265.7,25,24271.2,325,200,1222775
NIFTY-II.NFO,05/08/2024,15:01:39,24267.8,24267.5,50,24272.15,275,0,1222775
NIFTY-II.NFO,05/08/2024,15:01:40,24267.8,24266.95,75,24272.95,200,0,1222775
NIFTY-II.NFO,05/08/2024,15:01:42,24267.8,24268.05,50,24273.05,325,0,1222775
NIFTY-II.NFO,05/08/2024,15:01:44,24271.65,24267.4,100,24273.05,200,25,1222775
NIFTY-II.NFO,05/08/2024,15:01:45,24271.65,24267.8,100,24273.05,275,0,1222775
NIFTY-II.NFO,05/08/2024,15:01:47,24271.65,24268.65,50,24273.7,275,0,1222775
NIFTY-II.NFO,05/08/2024,15:01:48,24271.65,24269.45,50,24275.1,200,0,1222775
NIFTY-II.NFO,05/08/2024,15:01:50,24271.65,24270.25,25,24272,25,0,1222775
NIFTY-II.NFO,05/08/2024,15:01:52,24271.65,24265.9,25,24271.95,125,0,1222775
NIFTY-II.NFO,05/08/2024,15:01:53,24271.65,24267.8,25,24272,100,0,1222775
NIFTY-II.NFO,05/08/2024,15:01:55,24271.65,24270.8,50,24272,25,0,1222775
NIFTY-II.NFO,05/08/2024,15:01:57,24271.65,24265.95,250,24271.85,125,0,1222775
NIFTY-II.NFO,05/08/2024,15:01:58,24271.65,24265,25,24267.25,200,0,1222775
NIFTY-II.NFO,05/08/2024,15:02:00,24255.15,24251.1,25,24257.45,200,150,1222775
NIFTY-II.NFO,05/08/2024,15:02:02,24250,24250,475,24252.35,200,150,1222775
NIFTY-II.NFO,05/08/2024,15:02:04,24242.25,24240.5,100,24243.55,50,625,1222775
NIFTY-II.NFO,05/08/2024,15:02:05,24231.25,24232.15,50,24235.65,50,350,1222775
NIFTY-II.NFO,05/08/2024,15:02:07,24231.6,24229.8,50,24232.7,200,75,1222775
NIFTY-II.NFO,05/08/2024,15:02:09,24231.6,24231.1,100,24236.35,125,0,1222775
NIFTY-II.NFO,05/08/2024,15:02:10,24235.05,24240.25,75,24245.8,200,25,1222775
NIFTY-II.NFO,05/08/2024,15:02:12,24251.8,24246.5,150,24251.6,75,75,1222775
NIFTY-II.NFO,05/08/2024,15:02:14,24251.8,24241.25,100,24246.3,275,0,1222775
NIFTY-II.NFO,05/08/2024,15:02:15,24251.8,24244.65,150,24250.55,200,0,1222775
NIFTY-II.NFO,05/08/2024,15:02:17,24250.55,24248.6,125,24253.55,275,25,1222775
NIFTY-II.NFO,05/08/2024,15:02:19,24250.55,24248.05,125,24251.95,25,0,1222775
NIFTY-II.NFO,05/08/2024,15:02:20,24250.55,24245.05,125,24250.4,200,0,1222775
NIFTY-II.NFO,05/08/2024,15:02:22,24250.55,24244,250,24248.65,275,0,1222775
NIFTY-II.NFO,05/08/2024,15:02:24,24250.55,24244.1,125,24248.95,25,0,1222775
NIFTY-II.NFO,05/08/2024,15:02:25,24250.55,24246.7,125,24250.5,75,0,1222775
NIFTY-II.NFO,05/08/2024,15:02:27,24250.55,24244,25,24249.4,275,0,1222775
NIFTY-II.NFO,05/08/2024,15:02:29,24250.55,24244,25,24247.55,200,0,1222775
NIFTY-II.NFO,05/08/2024,15:02:30,24250.55,24244,25,24245.9,50,0,1222775
NIFTY-II.NFO,05/08/2024,15:02:32,24250.55,24244.15,125,24249.85,250,0,1222775
NIFTY-II.NFO,05/08/2024,15:02:34,24247.55,24248.05,75,24251.9,200,25,1222775
NIFTY-II.NFO,05/08/2024,15:02:35,24247.55,24248.05,75,24252.9,275,0,1222775
NIFTY-II.NFO,05/08/2024,15:02:37,24247.55,24245,250,24247.6,50,0,1222775
NIFTY-II.NFO,05/08/2024,15:02:39,24247.55,24244.95,250,24248.9,200,0,1222775
NIFTY-II.NFO,05/08/2024,15:02:40,24249.4,24246.85,125,24250,100,25,1222775
NIFTY-II.NFO,05/08/2024,15:02:42,24249.4,24247.5,75,24250,100,0,1222775
NIFTY-II.NFO,05/08/2024,15:02:44,24249.4,24247.55,25,24249.95,50,0,1222775
NIFTY-II.NFO,05/08/2024,15:02:45,24249.4,24247.55,25,24249.5,275,0,1222775
NIFTY-II.NFO,05/08/2024,15:02:47,24244,24243.55,75,24247.7,275,50,1222775
NIFTY-II.NFO,05/08/2024,15:02:49,24244,24244.8,75,24247.95,25,0,1222775
NIFTY-II.NFO,05/08/2024,15:02:50,24247.7,24247.7,25,24249.4,50,100,1222775
NIFTY-II.NFO,05/08/2024,15:02:52,24247.65,24245.25,75,24248.3,200,50,1222775
NIFTY-II.NFO,05/08/2024,15:02:54,24247.65,24245.25,75,24248.1,250,0,1222775
NIFTY-II.NFO,05/08/2024,15:02:55,24248.05,24245.5,25,24249.4,50,25,1222775
NIFTY-II.NFO,05/08/2024,15:02:57,24248.05,24244.5,75,24246.4,50,0,1222775
NIFTY-II.NFO,05/08/2024,15:02:59,24248.05,24246.75,75,24249.4,50,0,1222775
NIFTY-II.NFO,05/08/2024,15:03:00,24246,24245.95,25,24249.4,50,25,1222775
NIFTY-II.NFO,05/08/2024,15:03:02,24246,24246.95,250,24249.4,50,0,1222775
NIFTY-II.NFO,05/08/2024,15:03:04,24246,24247.95,75,24249.4,50,0,1222775
NIFTY-II.NFO,05/08/2024,15:03:05,24246,24247.1,75,24249.4,50,0,1222775
NIFTY-II.NFO,05/08/2024,15:03:07,24246,24245.3,225,24248.95,25,0,1222775
NIFTY-II.NFO,05/08/2024,15:03:09,24246,24247.1,75,24249.4,50,0,1222775
NIFTY-II.NFO,05/08/2024,15:03:10,24249.4,24249.15,75,24249.4,25,25,1222775
NIFTY-II.NFO,05/08/2024,15:03:12,24249.4,24247.55,75,24250,150,50,1222775
NIFTY-II.NFO,05/08/2024,15:03:13,24246.4,24246.75,25,24250,150,200,1222775
NIFTY-II.NFO,05/08/2024,15:03:15,24246.4,24247.8,100,24250,150,0,1222775
NIFTY-II.NFO,05/08/2024,15:03:17,24246.4,24246.7,200,24250,150,0,1222775
NIFTY-II.NFO,05/08/2024,15:03:18,24245.95,24245.7,25,24246,125,125,1222775
NIFTY-II.NFO,05/08/2024,15:03:20,24251,24251.55,25,24256.1,75,350,1222775
NIFTY-II.NFO,05/08/2024,15:03:22,24252.85,24256.45,75,24260,25,25,1222775
NIFTY-II.NFO,05/08/2024,15:03:23,24252.85,24251.7,75,24256.7,275,0,1222775
NIFTY-II.NFO,05/08/2024,15:03:25,24252.85,24253.2,250,24258.6,275,0,1222775
NIFTY-II.NFO,05/08/2024,15:03:27,24252.85,24254.35,100,24259.15,75,0,1222775
NIFTY-II.NFO,05/08/2024,15:03:28,24252.85,24255.05,75,24259.5,200,0,1222775
NIFTY-II.NFO,05/08/2024,15:03:30,24252.85,24255.2,75,24259.75,75,0,1222775
NIFTY-II.NFO,05/08/2024,15:03:32,24252.85,24258.65,75,24260,25,0,1222775
NIFTY-II.NFO,05/08/2024,15:03:33,24264.4,24261.7,125,24267.35,200,100,1222775
NIFTY-II.NFO,05/08/2024,15:03:35,24264.4,24260.5,100,24265.95,275,0,1222775
NIFTY-II.NFO,05/08/2024,15:03:37,24264.4,24255.3,75,24260.6,275,0,1222775
NIFTY-II.NFO,05/08/2024,15:03:38,24264.4,24256.6,100,24260.95,100,0,1222775
NIFTY-II.NFO,05/08/2024,15:03:40,24260.6,24254.85,25,24258.95,25,50,1222775
NIFTY-II.NFO,05/08/2024,15:03:42,24260.6,24252.85,25,24257.7,275,0,1222775
NIFTY-II.NFO,05/08/2024,15:03:43,24260.6,24252.85,25,24256.15,75,0,1222775
NIFTY-II.NFO,05/08/2024,15:03:45,24260.6,24252.85,25,24255.65,325,0,1222775
NIFTY-II.NFO,05/08/2024,15:03:47,24260.6,24252.85,25,24256.1,275,0,1222775
NIFTY-II.NFO,05/08/2024,15:03:48,24252.85,24250,25,24252.65,275,25,1222775
NIFTY-II.NFO,05/08/2024,15:03:50,24252.85,24250,25,24254.1,275,0,1222775
NIFTY-II.NFO,05/08/2024,15:03:52,24252.85,24250,25,24253.6,275,0,1222775
NIFTY-II.NFO,05/08/2024,15:03:53,24252.85,24250.25,75,24253,100,0,1222775
NIFTY-II.NFO,05/08/2024,15:03:55,24252.85,24250,25,24253,100,0,1222775
NIFTY-II.NFO,05/08/2024,15:03:57,24247.85,24247.75,250,24252.75,275,50,1222775
NIFTY-II.NFO,05/08/2024,15:03:58,24247.85,24248,250,24252.95,275,0,1222775
NIFTY-II.NFO,05/08/2024,15:04:00,24247.85,24247.9,25,24252.9,275,0,1222775
NIFTY-II.NFO,05/08/2024,15:04:01,24247.85,24247.7,25,24252.95,275,0,1222775
NIFTY-II.NFO,05/08/2024,15:04:03,24248.05,24246.9,25,24250.65,50,25,1222775
NIFTY-II.NFO,05/08/2024,15:04:05,24245.8,24246.4,250,24249.95,25,25,1222775
NIFTY-II.NFO,05/08/2024,15:04:06,24245.8,24247.25,250,24251.55,200,0,1222775
NIFTY-II.NFO,05/08/2024,15:04:08,24245.8,24247,250,24251.9,200,0,1222775
NIFTY-II.NFO,05/08/2024,15:04:10,24245.8,24246.45,75,24250.9,325,0,1222775
NIFTY-II.NFO,05/08/2024,15:04:11,24247.85,24247.85,25,24249.05,275,25,1222775
NIFTY-II.NFO,05/08/2024,15:04:13,24247.85,24247.85,25,24251.75,200,0,1222775
NIFTY-II.NFO,05/08/2024,15:04:15,24247.85,24247.85,25,24251.95,200,0,1222775
NIFTY-II.NFO,05/08/2024,15:04:16,24247.85,24247.85,25,24250.75,275,0,1222775
NIFTY-II.NFO,05/08/2024,15:04:18,24247.85,24247.85,25,24250.75,50,0,1222775
NIFTY-II.NFO,05/08/2024,15:04:20,24247.35,24247.4,25,24252,100,100,1222775
NIFTY-II.NFO,05/08/2024,15:04:21,24247.35,24246.55,200,24251.1,50,0,1222775
NIFTY-II.NFO,05/08/2024,15:04:23,24247.35,24249.25,200,24252,100,0,1222775
NIFTY-II.NFO,05/08/2024,15:04:25,24247.35,24250.7,250,24252,100,0,1222775
NIFTY-II.NFO,05/08/2024,15:04:26,24247.35,24251,250,24252,100,0,1222775
NIFTY-II.NFO,05/08/2024,15:04:28,24252,24250.15,50,24251.95,25,100,1222775
NIFTY-II.NFO,05/08/2024,15:04:30,24252,24252.15,225,24255.9,25,50,1222775
NIFTY-II.NFO,05/08/2024,15:04:31,24252,24248.8,100,24254.4,275,0,1222775
NIFTY-II.NFO,05/08/2024,15:04:33,24252,24247,75,24247.85,150,0,1222775
NIFTY-II.NFO,05/08/2024,15:04:35,24247.85,24247,75,24247.85,125,25,1222675
NIFTY-II.NFO,05/08/2024,15:04:36,24247.85,24247,75,24247.85,125,0,1222675
NIFTY-II.NFO,05/08/2024,15:04:38,24244.75,24244.75,225,24247.8,25,175,1222675
NIFTY-II.NFO,05/08/2024,15:04:40,24247.75,24246.2,50,24247.8,25,25,1222675
NIFTY-II.NFO,05/08/2024,15:04:41,24247.75,24244.25,75,24247.8,25,0,1222675
NIFTY-II.NFO,05/08/2024,15:04:43,24247.75,24242.55,250,24247.6,275,0,1222675
NIFTY-II.NFO,05/08/2024,15:04:45,24247.8,24243.1,250,24247.5,325,25,1222675
NIFTY-II.NFO,05/08/2024,15:04:46,24240.95,24241.25,250,24244.95,50,25,1222675
NIFTY-II.NFO,05/08/2024,15:04:48,24241.3,24241.55,275,24245.8,50,125,1222675
NIFTY-II.NFO,05/08/2024,15:04:50,24241.3,24239.1,25,24243.25,275,0,1222675
NIFTY-II.NFO,05/08/2024,15:04:51,24241.3,24241.15,25,24245.7,200,0,1222675
NIFTY-II.NFO,05/08/2024,15:04:53,24240.4,24243.15,250,24245.95,75,100,1222675
NIFTY-II.NFO,05/08/2024,15:04:55,24240.4,24241.5,25,24245.95,75,0,1222675
NIFTY-II.NFO,05/08/2024,15:04:56,24240.4,24243.5,250,24245.95,75,0,1222675
NIFTY-II.NFO,05/08/2024,15:04:58,24240.4,24243.35,25,24245.95,75,0,1222675
NIFTY-II.NFO,05/08/2024,15:05:00,24240.4,24242.45,50,24247,125,0,1222675
NIFTY-II.NFO,05/08/2024,15:05:01,24240.4,24243.8,250,24247,125,0,1222675
NIFTY-II.NFO,05/08/2024,15:05:03,24240.4,24246.85,50,24247,125,0,1222675
NIFTY-II.NFO,05/08/2024,15:05:05,24251.95,24249.7,50,24252,200,175,1222675
NIFTY-II.NFO,05/08/2024,15:05:06,24250.95,24249.85,25,24252,200,25,1222675
NIFTY-II.NFO,05/08/2024,15:05:08,24250.95,24249.85,25,24251.95,200,0,1222675
NIFTY-II.NFO,05/08/2024,15:05:10,24250.95,24245.6,50,24251.5,275,0,1222675
NIFTY-II.NFO,05/08/2024,15:05:11,24245.95,24245.75,325,24251.5,325,75,1222675
NIFTY-II.NFO,05/08/2024,15:05:13,24244.85,24245.2,75,24250.85,275,25,1222675
NIFTY-II.NFO,05/08/2024,15:05:15,24244.85,24244.8,25,24246.8,325,0,1222675
NIFTY-II.NFO,05/08/2024,15:05:16,24244.85,24244.85,25,24246.95,275,0,1222675
NIFTY-II.NFO,05/08/2024,15:05:18,24248.25,24247.65,750,24248.7,275,50,1222675
NIFTY-II.NFO,05/08/2024,15:05:20,24248.25,24247.65,750,24248.1,275,0,1222675
NIFTY-II.NFO,05/08/2024,15:05:21,24247.65,24247.65,525,24249.35,275,225,1222675
NIFTY-II.NFO,05/08/2024,15:05:23,24247.65,24247.65,475,24248.8,200,150,1222675
NIFTY-II.NFO,05/08/2024,15:05:24,24247.65,24247.7,25,24249.95,250,0,1222675
NIFTY-II.NFO,05/08/2024,15:05:26,24247.65,24247.7,25,24248.05,50,0,1222675
NIFTY-II.NFO,05/08/2024,15:05:28,24248.05,24247.7,25,24248.05,25,25,1222675
NIFTY-II.NFO,05/08/2024,15:05:29,24248.05,24247.7,25,24249.95,25,25,1222675
NIFTY-II.NFO,05/08/2024,15:05:31,24247.75,24248.25,100,24250,75,25,1222675
NIFTY-II.NFO,05/08/2024,15:05:33,24247.75,24247.7,25,24249.95,200,0,1222675
NIFTY-II.NFO,05/08/2024,15:05:34,24249.75,24247.7,25,24250,75,25,1222675
NIFTY-II.NFO,05/08/2024,15:05:36,24249.75,24247.7,25,24249.95,325,0,1222675
NIFTY-II.NFO,05/08/2024,15:05:38,24247.7,24247.65,475,24248.25,325,25,1222675
NIFTY-II.NFO,05/08/2024,15:05:39,24247.65,24247.65,425,24248.1,275,50,1222675
NIFTY-II.NFO,05/08/2024,15:05:41,24243.15,24241.8,25,24246.5,150,525,1222675
NIFTY-II.NFO,05/08/2024,15:05:43,24243.15,24238.55,200,24244.15,150,0,1222675
NIFTY-II.NFO,05/08/2024,15:05:44,24244.15,24237.95,200,24243.5,50,25,1222675
NIFTY-II.NFO,05/08/2024,15:05:46,24244.15,24237.15,200,24242.45,50,0,1222675
NIFTY-II.NFO,05/08/2024,15:05:48,24244.15,24239.05,50,24243.9,125,0,1222675
NIFTY-II.NFO,05/08/2024,15:05:49,24240.1,24241.5,25,24244.15,25,25,1222675
NIFTY-II.NFO,05/08/2024,15:05:51,24240.1,24237.35,200,24243.35,200,0,1222675
NIFTY-II.NFO,05/08/2024,15:05:53,24240.1,24240.1,200,24241.55,75,0,1222675
NIFTY-II.NFO,05/08/2024,15:05:54,24240.1,24240.1,200,24241.65,75,0,1222675
NIFTY-II.NFO,05/08/2024,15:05:56,24240.1,24235.4,25,24239.5,150,200,1222675
NIFTY-II.NFO,05/08/2024,15:05:58,24239.2,24235.65,25,24239.2,100,100,1222675
NIFTY-II.NFO,05/08/2024,15:05:59,24239.2,24235.05,50,24239.2,25,0,1222675
NIFTY-II.NFO,05/08/2024,15:06:01,24239.2,24235.55,275,24239.15,50,0,1222675
NIFTY-II.NFO,05/08/2024,15:06:03,24239.2,24235,50,24238.85,75,0,1222675
NIFTY-II.NFO,05/08/2024,15:06:04,24239.2,24235.05,50,24238.95,25,0,1222675
NIFTY-II.NFO,05/08/2024,15:06:06,24239.05,24237,25,24238,25,25,1222675
NIFTY-II.NFO,05/08/2024,15:06:08,24238,24237.6,250,24239,25,25,1222675
NIFTY-II.NFO,05/08/2024,15:06:09,24238,24237,25,24238.95,25,0,1222675
NIFTY-II.NFO,05/08/2024,15:06:11,24236.2,24235.7,50,24238.85,25,50,1222675
NIFTY-II.NFO,05/08/2024,15:06:13,24236.2,24235.65,50,24238.85,25,0,1222675
NIFTY-II.NFO,05/08/2024,15:06:14,24237.05,24237,25,24238.85,25,25,1222675
NIFTY-II.NFO,05/08/2024,15:06:16,24236.45,24235,50,24238.75,125,75,1222675
NIFTY-II.NFO,05/08/2024,15:06:18,24236.45,24235.45,200,24238.8,25,0,1222675
NIFTY-II.NFO,05/08/2024,15:06:19,24237.15,24235.25,200,24238.75,25,25,1222675
NIFTY-II.NFO,05/08/2024,15:06:21,24235.15,24235.05,200,24238.75,25,25,1222675
NIFTY-II.NFO,05/08/2024,15:06:23,24235.65,24235.75,200,24238.75,25,100,1222675
NIFTY-II.NFO,05/08/2024,15:06:24,24237,24237,175,24241.95,200,50,1222675
NIFTY-II.NFO,05/08/2024,15:06:26,24237,24235.35,50,24239.9,275,0,1222675
NIFTY-II.NFO,05/08/2024,15:06:28,24235,24235,25,24238.9,250,125,1222675
NIFTY-II.NFO,05/08/2024,15:06:29,24233.9,24234.15,50,24238.9,275,125,1222675
NIFTY-II.NFO,05/08/2024,15:06:31,24233.9,24235.3,50,24238.95,25,0,1222675
NIFTY-II.NFO,05/08/2024,15:06:33,24233.9,24235.05,25,24237,25,0,1222675
NIFTY-II.NFO,05/08/2024,15:06:34,24235.05,24233.45,75,24236.95,25,25,1222675
NIFTY-II.NFO,05/08/2024,15:06:36,24235.05,24232.65,325,24236.95,25,0,1222675
NIFTY-II.NFO,05/08/2024,15:06:38,24230.45,24231.45,50,24236.85,200,25,1222675
NIFTY-II.NFO,05/08/2024,15:06:39,24231.8,24231.8,25,24236.85,200,25,1222675
NIFTY-II.NFO,05/08/2024,15:06:41,24231.8,24230.7,25,24236.3,275,0,1222675
NIFTY-II.NFO,05/08/2024,15:06:43,24234.85,24230.05,50,24234.15,25,25,1222675
NIFTY-II.NFO,05/08/2024,15:06:44,24230,24228.95,50,24234.1,200,25,1222675
NIFTY-II.NFO,05/08/2024,15:06:46,24228,24227,25,24231.05,250,25,1222675
NIFTY-II.NFO,05/08/2024,15:06:48,24225,24225,50,24227.45,275,100,1222675
NIFTY-II.NFO,05/08/2024,15:06:49,24225,24225,50,24228.65,200,0,1222675
NIFTY-II.NFO,05/08/2024,15:06:51,24225,24225,50,24229.05,275,0,1222675
NIFTY-II.NFO,05/08/2024,15:06:53,24225,24225,50,24227.75,200,0,1222675
NIFTY-II.NFO,05/08/2024,15:06:54,24225,24224.35,50,24229.55,275,50,1222675
NIFTY-II.NFO,05/08/2024,15:06:56,24222.45,24222,25,24224.95,200,25,1222675
NIFTY-II.NFO,05/08/2024,15:06:58,24222.45,24222,25,24224.95,200,0,1222675
NIFTY-II.NFO,05/08/2024,15:06:59,24220.15,24220.25,125,24224.95,200,50,1222675
NIFTY-II.NFO,05/08/2024,15:07:01,24223.75,24220,25,24221.95,200,25,1222675
NIFTY-II.NFO,05/08/2024,15:07:03,24216.3,24217.45,50,24220,25,75,1222675
NIFTY-II.NFO,05/08/2024,15:07:04,24217.45,24215.2,150,24220,25,50,1222675
NIFTY-II.NFO,05/08/2024,15:07:06,24217.45,24215,150,24219.35,275,0,1222675
NIFTY-II.NFO,05/08/2024,15:07:08,24217.45,24217.45,25,24219.95,25,0,1222675
NIFTY-II.NFO,05/08/2024,15:07:09,24216.85,24215.65,25,24219.9,25,50,1222675
NIFTY-II.NFO,05/08/2024,15:07:11,24215.6,24215.65,25,24219.9,25,50,1222675
NIFTY-II.NFO,05/08/2024,15:07:13,24215.6,24215.2,75,24219.9,25,0,1222675
NIFTY-II.NFO,05/08/2024,15:07:14,24215.6,24215,175,24218.7,200,0,1222675
NIFTY-II.NFO,05/08/2024,15:07:16,24215.6,24215.15,75,24219.9,25,0,1222675
NIFTY-II.NFO,05/08/2024,15:07:18,24215.6,24216.5,300,24219.9,25,0,1222675
NIFTY-II.NFO,05/08/2024,15:07:19,24215,24215.1,25,24219.9,100,25,1222675
NIFTY-II.NFO,05/08/2024,15:07:21,24215,24215,150,24216.6,125,0,1222675
NIFTY-II.NFO,05/08/2024,15:07:23,24215,24215,125,24217.45,275,25,1222675
NIFTY-II.NFO,05/08/2024,15:07:24,24219.5,24215.1,50,24219.5,200,200,1222675
NIFTY-II.NFO,05/08/2024,15:07:26,24219.5,24215.05,50,24218.6,275,0,1222675
NIFTY-II.NFO,05/08/2024,15:07:28,24215.05,24215.1,50,24219.95,200,25,1222675
NIFTY-II.NFO,05/08/2024,15:07:29,24215.05,24215,150,24218.4,250,0,1222675
NIFTY-II.NFO,05/08/2024,15:07:31,24215.05,24215,150,24218.4,200,0,1222675
NIFTY-II.NFO,05/08/2024,15:07:33,24215.05,24215,175,24217.95,50,0,1222675
NIFTY-II.NFO,05/08/2024,15:07:34,24210,24207.7,75,24212.9,275,450,1221750
NIFTY-II.NFO,05/08/2024,15:07:36,24210,24209.1,150,24214.45,50,0,1221750
NIFTY-II.NFO,05/08/2024,15:07:38,24214.55,24210.85,100,24215.05,25,75,1221750
NIFTY-II.NFO,05/08/2024,15:07:39,24214.55,24211.8,100,24215.05,25,0,1221750
NIFTY-II.NFO,05/08/2024,15:07:41,24208.4,24207.3,150,24212.9,275,400,1221750
NIFTY-II.NFO,05/08/2024,15:07:43,24208.4,24210.05,100,24215.25,50,0,1221750
NIFTY-II.NFO,05/08/2024,15:07:44,24208.4,24212.2,150,24217.85,200,0,1221750
NIFTY-II.NFO,05/08/2024,15:07:46,24208.4,24213.05,150,24218.9,200,0,1221750
NIFTY-II.NFO,05/08/2024,15:07:48,24213.8,24213.75,125,24219.85,200,50,1221750
NIFTY-II.NFO,05/08/2024,15:07:49,24219.95,24215.65,75,24219.9,25,25,1221750
NIFTY-II.NFO,05/08/2024,15:07:51,24219.55,24218.1,200,24220,50,750,1221750
NIFTY-II.NFO,05/08/2024,15:07:53,24219.55,24214.05,125,24219.95,275,0,1221750
NIFTY-II.NFO,05/08/2024,15:07:54,24219.55,24212.05,150,24218.35,275,0,1221750
NIFTY-II.NFO,05/08/2024,15:07:56,24219.55,24212,25,24215.1,50,0,1221750
NIFTY-II.NFO,05/08/2024,15:07:58,24216.55,24212.05,75,24214.05,25,200,1221750
NIFTY-II.NFO,05/08/2024,15:07:59,24216.55,24212.05,75,24214.05,25,0,1221750
NIFTY-II.NFO,05/08/2024,15:08:01,24215.4,24212,25,24216.65,200,50,1221750
NIFTY-II.NFO,05/08/2024,15:08:02,24215.4,24212.05,200,24215,50,0,1221750
NIFTY-II.NFO,05/08/2024,15:08:04,24211.45,24210.9,125,24215,25,75,1221750
NIFTY-II.NFO,05/08/2024,15:08:06,24210.9,24211.2,125,24215,25,50,1221750
NIFTY-II.NFO,05/08/2024,15:08:07,24210.9,24211.7,150,24215,25,0,1221750
NIFTY-II.NFO,05/08/2024,15:08:09,24210.9,24210.6,150,24215,25,0,1221750
NIFTY-II.NFO,05/08/2024,15:08:11,24210.9,24210.05,25,24214.55,275,0,1221750
NIFTY-II.NFO,05/08/2024,15:08:14,24210.9,24210.05,25,24214.95,275,0,1221750
NIFTY-II.NFO,05/08/2024,15:08:16,24210.9,24211.05,25,24211.7,25,0,1221750
NIFTY-II.NFO,05/08/2024,15:08:17,24213.2,24212.35,200,24216.55,25,100,1221750
NIFTY-II.NFO,05/08/2024,15:08:19,24213.2,24210.95,125,24215,25,0,1221750
NIFTY-II.NFO,05/08/2024,15:08:21,24210.25,24210.15,75,24215,25,75,1221750
NIFTY-II.NFO,05/08/2024,15:08:22,24214.75,24210.05,150,24214.75,200,450,1221750
NIFTY-II.NFO,05/08/2024,15:08:24,24214.75,24210.55,150,24215,25,0,1221750
NIFTY-II.NFO,05/08/2024,15:08:26,24211.25,24211.25,125,24214.95,50,25,1221750
NIFTY-II.NFO,05/08/2024,15:08:27,24211.25,24212.4,200,24215,25,0,1221750
NIFTY-II.NFO,05/08/2024,15:08:29,24211.25,24210.95,200,24215,25,0,1221750
NIFTY-II.NFO,05/08/2024,15:08:31,24211.25,24211.5,125,24215,125,0,1221750
NIFTY-II.NFO,05/08/2024,15:08:32,24211.25,24211.45,75,24215,125,0,1221750
NIFTY-II.NFO,05/08/2024,15:08:34,24211.25,24211.1,75,24215,225,0,1221750
NIFTY-II.NFO,05/08/2024,15:08:36,24211.25,24210.55,125,24215,225,0,1221750
NIFTY-II.NFO,05/08/2024,15:08:37,24211.25,24211.25,25,24214.85,50,0,1221750
NIFTY-II.NFO,05/08/2024,15:08:39,24211.25,24211.8,200,24215,225,0,1221750
NIFTY-II.NFO,05/08/2024,15:08:41,24211.25,24212.55,200,24215,225,0,1221750
NIFTY-II.NFO,05/08/2024,15:08:42,24211.25,24212.15,200,24215,250,0,1221750
NIFTY-II.NFO,05/08/2024,15:08:44,24211.25,24211.9,200,24215,250,0,1221750
NIFTY-II.NFO,05/08/2024,15:08:46,24211.25,24212.65,150,24215,250,0,1221750
NIFTY-II.NFO,05/08/2024,15:08:47,24216.55,24216,125,24219,25,275,1221750
NIFTY-II.NFO,05/08/2024,15:08:49,24216.55,24214.1,125,24218.95,200,0,1221750
NIFTY-II.NFO,05/08/2024,15:08:51,24216.55,24213.1,125,24218.65,275,0,1221750
NIFTY-II.NFO,05/08/2024,15:08:52,24218.95,24216.55,50,24218.65,200,50,1221750
NIFTY-II.NFO,05/08/2024,15:08:54,24218.95,24216.55,50,24219,25,0,1221750
NIFTY-II.NFO,05/08/2024,15:08:57,24216.55,24216.55,25,24218.95,250,25,1221750
NIFTY-II.NFO,05/08/2024,15:08:59,24216.55,24215,250,24217.65,200,25,1221750
NIFTY-II.NFO,05/08/2024,15:09:01,24215,24215,225,24217,50,25,1221750
NIFTY-II.NFO,05/08/2024,15:09:02,24215,24215,225,24218,175,0,1221750
NIFTY-II.NFO,05/08/2024,15:09:04,24215,24215,200,24217.25,275,25,1221750
NIFTY-II.NFO,05/08/2024,15:09:06,24215,24215,200,24218,175,0,1221750
NIFTY-II.NFO,05/08/2024,15:09:09,24215,24215,150,24217.95,250,50,1221750
NIFTY-II.NFO,05/08/2024,15:09:10,24215,24215,150,24217.2,275,0,1221750
NIFTY-II.NFO,05/08/2024,15:09:12,24215,24211.25,25,24215.9,200,150,1221750
NIFTY-II.NFO,05/08/2024,15:09:14,24215,24211.25,25,24213.8,50,0,1221750
NIFTY-II.NFO,05/08/2024,15:09:15,24211,24210.25,25,24211.1,275,50,1221750
NIFTY-II.NFO,05/08/2024,15:09:17,24210,24205.6,75,24209.6,50,100,1221750
NIFTY-II.NFO,05/08/2024,15:09:19,24202,24202.45,125,24207.75,275,375,1221750
NIFTY-II.NFO,05/08/2024,15:09:20,24202,24205.6,75,24209.45,50,0,1221750
NIFTY-II.NFO,05/08/2024,15:09:22,24202,24206.05,75,24212.8,200,0,1221750
NIFTY-II.NFO,05/08/2024,15:09:24,24211,24210,25,24210.4,200,25,1221750
NIFTY-II.NFO,05/08/2024,15:09:25,24210.85,24210,25,24212.75,200,25,1221750
NIFTY-II.NFO,05/08/2024,15:09:27,24210.85,24210,25,24213.65,200,0,1221750
NIFTY-II.NFO,05/08/2024,15:09:29,24210.85,24210,25,24213.7,200,0,1221750
NIFTY-II.NFO,05/08/2024,15:09:30,24210.85,24210,25,24214.3,200,0,1221750
NIFTY-II.NFO,05/08/2024,15:09:32,24210.85,24210,25,24211,25,0,1221750
NIFTY-II.NFO,05/08/2024,15:09:33,24211,24211.45,100,24215,175,25,1221750
NIFTY-II.NFO,05/08/2024,15:09:35,24215,24214.35,125,24215,150,25,1221750
NIFTY-II.NFO,05/08/2024,15:09:37,24215,24214.55,125,24215,150,0,1221750
NIFTY-II.NFO,05/08/2024,15:09:38,24215,24214.5,50,24215,50,100,1221750
NIFTY-II.NFO,05/08/2024,15:09:40,24215,24215.25,175,24218,175,50,1221750
NIFTY-II.NFO,05/08/2024,15:09:42,24215,24214.7,100,24218,175,0,1221750
NIFTY-II.NFO,05/08/2024,15:09:43,24215.5,24214.65,75,24218,175,25,1221750
NIFTY-II.NFO,05/08/2024,15:09:45,24215.5,24215.1,75,24218,175,0,1221750
NIFTY-II.NFO,05/08/2024,15:09:47,24215.5,24214.35,150,24218,175,0,1221750
NIFTY-II.NFO,05/08/2024,15:09:48,24218,24211,75,24216.7,200,50,1221750
NIFTY-II.NFO,05/08/2024,15:09:50,24218,24213.45,100,24218,125,0,1221750
NIFTY-II.NFO,05/08/2024,15:09:52,24218,24213.45,75,24217,1000,0,1221750
NIFTY-II.NFO,05/08/2024,15:09:53,24215.05,24214.25,175,24217,1000,50,1221750
NIFTY-II.NFO,05/08/2024,15:09:55,24215.65,24215.45,75,24217,1000,125,1221750
NIFTY-II.NFO,05/08/2024,15:09:57,24217,24216.95,250,24217,925,425,1221750
NIFTY-II.NFO,05/08/2024,15:09:58,24217,24216.8,200,24217,250,675,1221750
NIFTY-II.NFO,05/08/2024,15:10:00,24220,24220.25,100,24221,25,550,1221750
NIFTY-II.NFO,05/08/2024,15:10:01,24221,24223.7,125,24225,200,25,1221750
NIFTY-II.NFO,05/08/2024,15:10:03,24223.6,24222.45,125,24225,200,300,1221750
NIFTY-II.NFO,05/08/2024,15:10:05,24225,24224.45,200,24225,175,25,1221750
NIFTY-II.NFO,05/08/2024,15:10:06,24225,24225.95,125,24229.95,75,250,1221750
NIFTY-II.NFO,05/08/2024,15:10:08,24225,24225.7,175,24230,200,0,1221750
NIFTY-II.NFO,05/08/2024,15:10:10,24229.85,24224.35,150,24225.55,25,25,1221750
NIFTY-II.NFO,05/08/2024,15:10:11,24229.85,24222.1,125,24225.55,25,0,1221750
NIFTY-II.NFO,05/08/2024,15:10:13,24229.85,24222.75,150,24225.55,25,0,1221750
NIFTY-II.NFO,05/08/2024,15:10:15,24229.85,24222.1,150,24225.55,25,0,1221750
NIFTY-II.NFO,05/08/2024,15:10:16,24225.55,24222.1,150,24228.55,200,25,1221750
NIFTY-II.NFO,05/08/2024,15:10:18,24225.55,24223.05,75,24228.75,275,0,1221750
NIFTY-II.NFO,05/08/2024,15:10:20,24225.55,24222.3,150,24228.75,275,0,1221750
NIFTY-II.NFO,05/08/2024,15:10:21,24225.55,24221,50,24225.5,175,525,1221750
NIFTY-II.NFO,05/08/2024,15:10:23,24224.25,24221,50,24224.9,275,25,1221750
NIFTY-II.NFO,05/08/2024,15:10:25,24224.25,24221,100,24225.8,225,0,1221750
NIFTY-II.NFO,05/08/2024,15:10:26,24224.25,24221,125,24226.75,225,0,1221750
NIFTY-II.NFO,05/08/2024,15:10:28,24226.8,24221,50,24225.5,125,25,1221750
NIFTY-II.NFO,05/08/2024,15:10:30,24226.8,24221,50,24225.4,200,0,1221750
NIFTY-II.NFO,05/08/2024,15:10:31,24221,24221,25,24224.8,125,25,1221775
NIFTY-II.NFO,05/08/2024,15:10:33,24223.95,24221,75,24225.5,175,25,1221775
NIFTY-II.NFO,05/08/2024,15:10:35,24223.95,24221,25,24224.2,175,0,1221775
NIFTY-II.NFO,05/08/2024,15:10:36,24223.5,24221,25,24223.45,100,75,1221775
NIFTY-II.NFO,05/08/2024,15:10:38,24223.5,24221,25,24224.85,25,0,1221775
NIFTY-II.NFO,05/08/2024,15:10:40,24223.5,24221.05,325,24225.55,50,0,1221775
NIFTY-II.NFO,05/08/2024,15:10:41,24226.3,24221,25,24224,25,300,1221775
NIFTY-II.NFO,05/08/2024,15:10:43,24226.3,24221.05,250,24224,25,0,1221775
NIFTY-II.NFO,05/08/2024,15:10:45,24224,24224,25,24226.3,125,25,1221775
NIFTY-II.NFO,05/08/2024,15:10:46,24224,24224,25,24226.8,25,0,1221775
NIFTY-II.NFO,05/08/2024,15:10:48,24224,24224,25,24226.75,175,0,1221775
NIFTY-II.NFO,05/08/2024,15:10:50,24224,24221.05,200,24225.9,100,25,1221775
NIFTY-II.NFO,05/08/2024,15:10:51,24224,24221.05,200,24224,25,0,1221775
NIFTY-II.NFO,05/08/2024,15:10:55,24224,24221.65,325,24224,25,0,1221775
NIFTY-II.NFO,05/08/2024,15:10:56,24221.65,24221.9,275,24226.3,125,75,1221775
NIFTY-II.NFO,05/08/2024,15:10:58,24221.65,24221.05,200,24225.9,75,0,1221775
NIFTY-II.NFO,05/08/2024,15:11:00,24225.9,24221.05,275,24226.3,125,25,1221775
NIFTY-II.NFO,05/08/2024,15:11:02,24225.9,24221.05,275,24226.3,125,0,1221775
NIFTY-II.NFO,05/08/2024,15:11:03,24225.9,24222.75,200,24226.3,125,0,1221775
NIFTY-II.NFO,05/08/2024,15:11:05,24225.9,24221,25,24221.65,50,0,1221775
NIFTY-II.NFO,05/08/2024,15:11:08,24225.9,24221.4,200,24221.65,50,0,1221775
NIFTY-II.NFO,05/08/2024,15:11:10,24225.9,24221.45,325,24221.65,50,0,1221775
NIFTY-II.NFO,05/08/2024,15:11:12,24221.65,24223.4,200,24225.9,25,50,1221775
NIFTY-II.NFO,05/08/2024,15:11:13,24221.65,24221.95,275,24225.9,25,0,1221775
NIFTY-II.NFO,05/08/2024,15:11:15,24221.65,24221,25,24224.85,25,0,1221775
NIFTY-II.NFO,05/08/2024,15:11:17,24221.65,24221.35,250,24225.9,25,0,1221775
NIFTY-II.NFO,05/08/2024,15:11:18,24221.65,24221.65,25,24225.9,50,0,1221775
NIFTY-II.NFO,05/08/2024,15:11:20,24221.65,24221.7,200,24225.9,25,0,1221775
NIFTY-II.NFO,05/08/2024,15:11:21,24221.65,24222.8,250,24225.9,25,0,1221775
NIFTY-II.NFO,05/08/2024,15:11:23,24221.65,24222.8,325,24225.9,50,0,1221775
NIFTY-II.NFO,05/08/2024,15:11:25,24221.65,24223.55,200,24225.9,50,0,1221775
NIFTY-II.NFO,05/08/2024,15:11:26,24222.2,24223,125,24225.9,50,50,1221775
NIFTY-II.NFO,05/08/2024,15:11:28,24222.2,24221.65,25,24225.7,75,0,1221775
NIFTY-II.NFO,05/08/2024,15:11:30,24222.2,24221.65,25,24224.2,150,0,1221775
NIFTY-II.NFO,05/08/2024,15:11:31,24221.65,24221.65,25,24222.95,150,25,1221775
NIFTY-II.NFO,05/08/2024,15:11:33,24221.65,24221,25,24221.35,75,25,1221775
NIFTY-II.NFO,05/08/2024,15:11:35,24221,24220,50,24221.4,75,25,1221775
NIFTY-II.NFO,05/08/2024,15:11:36,24221,24220,50,24221.5,75,0,1221775
NIFTY-II.NFO,05/08/2024,15:11:38,24220,24215.55,75,24219.45,25,50,1221775
NIFTY-II.NFO,05/08/2024,15:11:40,24218.95,24215.55,75,24218.95,25,25,1221775
NIFTY-II.NFO,05/08/2024,15:11:41,24219.95,24219.95,25,24220,50,25,1221775
NIFTY-II.NFO,05/08/2024,15:11:43,24220,24220,325,24225.7,200,50,1221775
NIFTY-II.NFO,05/08/2024,15:11:45,24220.35,24221.25,275,24225.9,150,25,1221775
NIFTY-II.NFO,05/08/2024,15:11:46,24220.35,24220.05,250,24225.9,150,0,1221775
NIFTY-II.NFO,05/08/2024,15:11:48,24220.2,24221.3,250,24226.2,200,125,1221775
NIFTY-II.NFO,05/08/2024,15:11:50,24223.45,24223.45,100,24226.3,125,25,1221775
NIFTY-II.NFO,05/08/2024,15:11:51,24223.45,24223.65,200,24226.3,125,0,1221775
NIFTY-II.NFO,05/08/2024,15:11:53,24223.45,24224.85,175,24226.3,125,0,1221775
NIFTY-II.NFO,05/08/2024,15:11:55,24226.3,24225.75,250,24226.8,25,125,1221775
NIFTY-II.NFO,05/08/2024,15:11:56,24226.8,24226.9,175,24230,400,25,1221775
NIFTY-II.NFO,05/08/2024,15:11:58,24225.55,24226.65,150,24230,400,1000,1221775
NIFTY-II.NFO,05/08/2024,15:12:00,24227.8,24228.9,50,24230,400,25,1221775
NIFTY-II.NFO,05/08/2024,15:12:01,24237,24233.95,125,24237.95,25,425,1221775
NIFTY-II.NFO,05/08/2024,15:12:03,24237,24230.35,75,24236.6,275,0,1221775
NIFTY-II.NFO,05/08/2024,15:12:05,24237,24230.6,125,24236.75,275,0,1221775
NIFTY-II.NFO,05/08/2024,15:12:06,24230.8,24229.05,25,24234.7,200,25,1221775
NIFTY-II.NFO,05/08/2024,15:12:08,24234.6,24230.05,100,24234.9,200,100,1221775
NIFTY-II.NFO,05/08/2024,15:12:10,24238.5,24233.35,125,24238.8,200,50,1221775
NIFTY-II.NFO,05/08/2024,15:12:11,24238.5,24233.2,250,24239.25,325,0,1221775
NIFTY-II.NFO,05/08/2024,15:12:13,24238.5,24233.9,350,24239.75,50,0,1221775
NIFTY-II.NFO,05/08/2024,15:12:15,24238.5,24236.05,125,24240,50,0,1221775
NIFTY-II.NFO,05/08/2024,15:12:16,24240,24236.1,125,24240,25,25,1221775
NIFTY-II.NFO,05/08/2024,15:12:18,24240.9,24234.45,150,24239.8,275,50,1221775
NIFTY-II.NFO,05/08/2024,15:12:20,24240.9,24236.85,50,24238,25,0,1221775
NIFTY-II.NFO,05/08/2024,15:12:21,24240.9,24234.85,150,24238,25,0,1221775
NIFTY-II.NFO,05/08/2024,15:12:23,24240.9,24232.15,150,24236.95,100,0,1221775
NIFTY-II.NFO,05/08/2024,15:12:25,24240.9,24230.9,150,24234.45,50,0,1221775
NIFTY-II.NFO,05/08/2024,15:12:26,24240.9,24229.05,225,24234.45,50,0,1221775
NIFTY-II.NFO,05/08/2024,15:12:28,24238.65,24237.5,250,24242.85,125,2050,1221775
NIFTY-II.NFO,05/08/2024,15:12:30,24243.9,24240.15,150,24244.95,25,25,1221775
NIFTY-II.NFO,05/08/2024,15:12:31,24243.9,24239.75,100,24243.55,100,0,1221775
NIFTY-II.NFO,05/08/2024,15:12:33,24240.9,24238.6,200,24241.95,25,25,1221775
NIFTY-II.NFO,05/08/2024,15:12:35,24245,24239.7,150,24244.95,25,800,1221775
NIFTY-II.NFO,05/08/2024,15:12:36,24245,24240.75,150,24243.95,25,0,1221775
NIFTY-II.NFO,05/08/2024,15:12:38,24239.3,24239.25,50,24242.95,25,25,1221775
NIFTY-II.NFO,05/08/2024,15:12:40,24239.3,24241.95,25,24244.95,25,0,1221775
NIFTY-II.NFO,05/08/2024,15:12:41,24242.05,24242.65,125,24245,1350,50,1221775
NIFTY-II.NFO,05/08/2024,15:12:43,24241.9,24242.3,75,24245,1350,200,1221775
NIFTY-II.NFO,05/08/2024,15:12:45,24242.3,24241.15,200,24245,1350,25,1221775
NIFTY-II.NFO,05/08/2024,15:12:46,24242.3,24242.6,275,24245,1350,0,1221775
NIFTY-II.NFO,05/08/2024,15:12:48,24242.3,24242.6,50,24245,1350,0,1221775
NIFTY-II.NFO,05/08/2024,15:12:50,24242.3,24244.9,150,24245,1350,0,1221775
NIFTY-II.NFO,05/08/2024,15:12:51,24245,24244.95,100,24245,1075,275,1221775
NIFTY-II.NFO,05/08/2024,15:12:53,24248,24246.15,200,24248,50,1175,1221775
NIFTY-II.NFO,05/08/2024,15:12:55,24246.2,24246.95,225,24248,50,25,1221775
NIFTY-II.NFO,05/08/2024,15:12:56,24249,24248.6,200,24250,1950,125,1221775
NIFTY-II.NFO,05/08/2024,15:12:58,24249,24247.75,50,24250,1950,0,1221775
NIFTY-II.NFO,05/08/2024,15:12:59,24250,24249.95,100,24250,450,1500,1221775
NIFTY-II.NFO,05/08/2024,15:13:01,24256,24255.35,50,24260,125,600,1221775
NIFTY-II.NFO,05/08/2024,15:13:03,24256,24252.05,50,24255.95,25,0,1221775
NIFTY-II.NFO,05/08/2024,15:13:04,24256,24250.75,50,24254.95,25,0,1221775
NIFTY-II.NFO,05/08/2024,15:13:06,24256,24250.55,125,24256.7,275,0,1221775
NIFTY-II.NFO,05/08/2024,15:13:08,24256,24250.95,125,24255.8,200,0,1221775
NIFTY-II.NFO,05/08/2024,15:13:09,24256,24251.35,125,24255.85,25,0,1221775
NIFTY-II.NFO,05/08/2024,15:13:11,24256,24250.25,125,24255.8,275,0,1221775
NIFTY-II.NFO,05/08/2024,15:13:13,24250.75,24250.05,50,24250.75,75,125,1221775
NIFTY-II.NFO,05/08/2024,15:13:15,24250.75,24250,50,24250.75,75,0,1221775
NIFTY-II.NFO,05/08/2024,15:13:16,24250.75,24251.7,150,24255.85,25,75,1221775
NIFTY-II.NFO,05/08/2024,15:13:18,24250.75,24250,50,24253.9,200,0,1221775
NIFTY-II.NFO,05/08/2024,15:13:20,24250.75,24250,50,24253.9,325,0,1221775
NIFTY-II.NFO,05/08/2024,15:13:21,24252.85,24250,50,24253.9,200,25,1221775
NIFTY-II.NFO,05/08/2024,15:13:23,24252.85,24250,50,24253.25,275,0,1221775
NIFTY-II.NFO,05/08/2024,15:13:25,24250.75,24250.75,25,24254,275,25,1221775
NIFTY-II.NFO,05/08/2024,15:13:26,24250,24244.9,125,24248.95,25,75,1221775
NIFTY-II.NFO,05/08/2024,15:13:28,24250,24243.45,125,24245.95,25,0,1221775
NIFTY-II.NFO,05/08/2024,15:13:30,24250,24243.45,125,24246.75,50,0,1221775
NIFTY-II.NFO,05/08/2024,15:13:31,24246.95,24244,125,24246.95,25,25,1218800
NIFTY-II.NFO,05/08/2024,15:13:33,24246.95,24243.65,200,24247.65,250,0,1218800
NIFTY-II.NFO,05/08/2024,15:13:35,24246.95,24244.4,150,24248.9,200,0,1218800
NIFTY-II.NFO,05/08/2024,15:13:36,24246.95,24244.6,125,24247.95,25,0,1218800
NIFTY-II.NFO,05/08/2024,15:13:38,24248.5,24246.15,125,24249.95,25,50,1218800
NIFTY-II.NFO,05/08/2024,15:13:40,24248.5,24244.15,125,24247.9,200,0,1218800
NIFTY-II.NFO,05/08/2024,15:13:41,24248.5,24243.55,25,24247.65,50,0,1218800
NIFTY-II.NFO,05/08/2024,15:13:43,24248.5,24245,25,24248.35,250,0,1218800
NIFTY-II.NFO,05/08/2024,15:13:45,24248.5,24245,25,24248.5,200,0,1218800
NIFTY-II.NFO,05/08/2024,15:13:46,24248.5,24245,25,24248.55,50,25,1218800
NIFTY-II.NFO,05/08/2024,15:13:48,24248.5,24245,25,24247.4,200,0,1218800
NIFTY-II.NFO,05/08/2024,15:13:50,24248.5,24245,25,24247.7,200,0,1218800
NIFTY-II.NFO,05/08/2024,15:13:51,24248.5,24245,25,24248.95,25,0,1218800
NIFTY-II.NFO,05/08/2024,15:13:53,24248.5,24247.45,25,24248,25,0,1218800
NIFTY-II.NFO,05/08/2024,15:13:58,24247.45,24245,25,24248,25,25,1218800
NIFTY-II.NFO,05/08/2024,15:14:00,24247.45,24245.45,125,24248,25,0,1218800
NIFTY-II.NFO,05/08/2024,15:14:01,24247.45,24245.1,75,24248,25,0,1218800
NIFTY-II.NFO,05/08/2024,15:14:03,24247.45,24245.8,125,24248,25,0,1218800
NIFTY-II.NFO,05/08/2024,15:14:05,24247.45,24246.4,125,24248,50,0,1218800
NIFTY-II.NFO,05/08/2024,15:14:06,24248,24247.95,125,24250,2000,50,1218800
NIFTY-II.NFO,05/08/2024,15:14:08,24248,24245.05,50,24249.8,275,0,1218800
NIFTY-II.NFO,05/08/2024,15:14:09,24248,24245,25,24248.9,200,0,1218800
NIFTY-II.NFO,05/08/2024,15:14:11,24245,24242.4,25,24246.6,250,25,1218800
NIFTY-II.NFO,05/08/2024,15:14:13,24246.9,24242.85,25,24246.95,25,25,1218800
NIFTY-II.NFO,05/08/2024,15:14:14,24246.9,24240.6,75,24244.85,200,0,1218800
NIFTY-II.NFO,05/08/2024,15:14:16,24246.9,24240,50,24243.1,200,0,1218800
NIFTY-II.NFO,05/08/2024,15:14:18,24246.9,24240,50,24243.9,275,0,1218800
NIFTY-II.NFO,05/08/2024,15:14:19,24240,24235.95,75,24240,50,50,1218800
NIFTY-II.NFO,05/08/2024,15:14:21,24240,24237.2,75,24240,50,0,1218800
NIFTY-II.NFO,05/08/2024,15:14:23,24240,24235.95,125,24239.95,50,0,1218800
NIFTY-II.NFO,05/08/2024,15:14:24,24241.35,24237.65,75,24241.75,50,100,1218800
NIFTY-II.NFO,05/08/2024,15:14:26,24237.85,24237.65,150,24241.65,50,75,1218800
NIFTY-II.NFO,05/08/2024,15:14:28,24239.3,24238.85,50,24243.15,200,25,1218800
NIFTY-II.NFO,05/08/2024,15:14:29,24239.3,24237.65,250,24241.95,50,0,1218800
NIFTY-II.NFO,05/08/2024,15:14:31,24239.3,24238.5,125,24242.55,200,0,1218800
NIFTY-II.NFO,05/08/2024,15:14:33,24244.4,24241.2,200,24245.85,200,25,1218800
NIFTY-II.NFO,05/08/2024,15:14:34,24243.65,24240.15,75,24243.65,25,25,1218800
NIFTY-II.NFO,05/08/2024,15:14:36,24243.65,24237.95,50,24243.05,200,0,1218800
NIFTY-II.NFO,05/08/2024,15:14:38,24243.65,24240,25,24243.4,200,0,1218800
NIFTY-II.NFO,05/08/2024,15:14:39,24243.65,24240,25,24242.8,200,0,1218800
NIFTY-II.NFO,05/08/2024,15:14:41,24240,24237.5,125,24240,125,25,1218800
NIFTY-II.NFO,05/08/2024,15:14:43,24240,24234.8,50,24239.4,275,0,1218800
NIFTY-II.NFO,05/08/2024,15:14:44,24234.9,24235.55,25,24239.25,50,25,1218800
NIFTY-II.NFO,05/08/2024,15:14:46,24234.9,24234.65,100,24239.8,200,0,1218800
NIFTY-II.NFO,05/08/2024,15:14:48,24234.9,24234.4,25,24239.3,275,0,1218800
NIFTY-II.NFO,05/08/2024,15:14:49,24233.3,24233.25,125,24238.25,125,100,1218800
NIFTY-II.NFO,05/08/2024,15:14:51,24232.55,24231.15,100,24237.5,275,50,1218800
NIFTY-II.NFO,05/08/2024,15:14:53,24231.95,24231.95,125,24236.35,50,25,1218800
NIFTY-II.NFO,05/08/2024,15:14:54,24231.95,24231.6,25,24234.3,200,0,1218800
NIFTY-II.NFO,05/08/2024,15:14:56,24231.95,24231.1,175,24233.95,25,0,1218800
NIFTY-II.NFO,05/08/2024,15:14:58,24231.95,24231.55,125,24236.55,250,0,1218800
NIFTY-II.NFO,05/08/2024,15:14:59,24231.95,24231.15,25,24234.95,25,0,1218800
NIFTY-II.NFO,05/08/2024,15:15:01,24231.95,24233.45,125,24238.6,325,0,1218800
NIFTY-II.NFO,05/08/2024,15:15:03,24239.95,24234.6,125,24239.45,200,25,1218800
NIFTY-II.NFO,05/08/2024,15:15:04,24240,24235.25,75,24239.95,225,125,1218800
NIFTY-II.NFO,05/08/2024,15:15:06,24240,24235.7,125,24239.95,200,0,1218800
NIFTY-II.NFO,05/08/2024,15:15:08,24240,24236.05,50,24240,100,0,1218800
NIFTY-II.NFO,05/08/2024,15:15:09,24240,24237.05,50,24240,100,0,1218800
NIFTY-II.NFO,05/08/2024,15:15:11,24240,24236,75,24240,75,25,1218800
NIFTY-II.NFO,05/08/2024,15:15:13,24240,24233.35,200,24238.95,200,0,1218800
NIFTY-II.NFO,05/08/2024,15:15:14,24232,24232.25,100,24236.3,50,25,1218800
NIFTY-II.NFO,05/08/2024,15:15:16,24232,24232,100,24236.9,275,0,1218800
NIFTY-II.NFO,05/08/2024,15:15:18,24232,24231.95,25,24235.95,25,0,1218800
NIFTY-II.NFO,05/08/2024,15:15:19,24232,24232.3,125,24235.95,25,0,1218800
NIFTY-II.NFO,05/08/2024,15:15:21,24232,24234.65,125,24238.85,200,0,1218800
NIFTY-II.NFO,05/08/2024,15:15:23,24232,24231.95,100,24237.4,275,0,1218800
NIFTY-II.NFO,05/08/2024,15:15:24,24232,24232,125,24236.9,200,0,1218800
NIFTY-II.NFO,05/08/2024,15:15:26,24232,24231.95,25,24235.9,200,0,1218800
NIFTY-II.NFO,05/08/2024,15:15:28,24232,24231.95,25,24235.95,25,25,1218800
NIFTY-II.NFO,05/08/2024,15:15:29,24232,24232,100,24237,200,0,1218800
NIFTY-II.NFO,05/08/2024,15:15:31,24232,24232.45,225,24236.95,25,0,1218800
NIFTY-II.NFO,05/08/2024,15:15:33,24232,24231.95,25,24235.2,325,50,1218800
NIFTY-II.NFO,05/08/2024,15:15:34,24232,24231.95,25,24235.9,200,0,1218800
NIFTY-II.NFO,05/08/2024,15:15:36,24232,24231.95,25,24235.6,200,0,1218800
NIFTY-II.NFO,05/08/2024,15:15:38,24232,24231.95,25,24236.5,200,0,1218800
NIFTY-II.NFO,05/08/2024,15:15:39,24234.85,24234.45,200,24239.95,200,25,1218800
NIFTY-II.NFO,05/08/2024,15:15:41,24234.85,24237.25,125,24240,325,0,1218800
NIFTY-II.NFO,05/08/2024,15:15:43,24237.35,24236.75,125,24240,325,25,1218800
NIFTY-II.NFO,05/08/2024,15:15:44,24237.35,24236,150,24240,325,0,1218800
NIFTY-II.NFO,05/08/2024,15:15:46,24240,24236.3,50,24240,275,50,1218800
NIFTY-II.NFO,05/08/2024,15:15:48,24234.5,24233.9,150,24239.8,275,325,1218800
NIFTY-II.NFO,05/08/2024,15:15:49,24234.5,24234.1,125,24239.8,275,0,1218800
NIFTY-II.NFO,05/08/2024,15:15:51,24239.8,24232.35,150,24238.9,325,75,1218800
NIFTY-II.NFO,05/08/2024,15:15:53,24239.8,24232,50,24237.1,200,0,1218800
NIFTY-II.NFO,05/08/2024,15:15:54,24239.8,24232,50,24236.1,275,0,1218800
NIFTY-II.NFO,05/08/2024,15:15:56,24239.8,24232,50,24235.75,275,0,1218800
NIFTY-II.NFO,05/08/2024,15:15:58,24239.8,24232,50,24237.3,275,0,1218800
NIFTY-II.NFO,05/08/2024,15:15:59,24237.3,24232.1,175,24237.85,325,25,1218800
NIFTY-II.NFO,05/08/2024,15:16:01,24232.75,24233.25,125,24238.9,275,25,1218800
NIFTY-II.NFO,05/08/2024,15:16:03,24233.35,24233.35,125,24238.9,200,25,1218800
NIFTY-II.NFO,05/08/2024,15:16:04,24233.35,24232.5,75,24238.35,200,0,1218800
NIFTY-II.NFO,05/08/2024,15:16:06,24238.35,24232.35,150,24237.9,275,75,1218800
NIFTY-II.NFO,05/08/2024,15:16:08,24237.9,24232.65,275,24237.9,200,50,1218800
NIFTY-II.NFO,05/08/2024,15:16:09,24237.9,24232.25,200,24237.25,200,0,1218800
NIFTY-II.NFO,05/08/2024,15:16:11,24237.9,24234.05,75,24239.65,275,0,1218800
NIFTY-II.NFO,05/08/2024,15:16:13,24237.9,24232.75,325,24238.95,200,0,1218800
NIFTY-II.NFO,05/08/2024,15:16:14,24237.9,24233.75,325,24238.95,225,0,1218800
NIFTY-II.NFO,05/08/2024,15:16:16,24237.9,24233.3,200,24237.9,200,0,1218800
NIFTY-II.NFO,05/08/2024,15:16:18,24237.9,24235.2,50,24239.75,200,0,1218800
NIFTY-II.NFO,05/08/2024,15:16:19,24235.2,24233.8,275,24238.9,200,50,1218800
NIFTY-II.NFO,05/08/2024,15:16:21,24235.2,24235,100,24237,50,0,1218800
NIFTY-II.NFO,05/08/2024,15:16:23,24235.2,24235.2,50,24237,50,0,1218800
NIFTY-II.NFO,05/08/2024,15:16:24,24235.2,24235.25,200,24237,50,0,1218800
NIFTY-II.NFO,05/08/2024,15:16:26,24237,24235.25,200,24237,25,25,1218800
NIFTY-II.NFO,05/08/2024,15:16:28,24237,24235.25,275,24237,25,0,1218800
NIFTY-II.NFO,05/08/2024,15:16:29,24237,24235.25,200,24237,25,0,1218800
NIFTY-II.NFO,05/08/2024,15:16:31,24237,24236.4,200,24237,25,25,1218800
NIFTY-II.NFO,05/08/2024,15:16:33,24237,24235.3,200,24237,25,0,1218575
NIFTY-II.NFO,05/08/2024,15:16:34,24240,24235.9,275,24240,225,100,1218575
NIFTY-II.NFO,05/08/2024,15:16:36,24236.05,24236.05,175,24239.95,25,25,1218575
NIFTY-II.NFO,05/08/2024,15:16:38,24239.9,24236,25,24239.95,50,50,1218575
NIFTY-II.NFO,05/08/2024,15:16:39,24239.9,24237,100,24239.95,25,0,1218575
NIFTY-II.NFO,05/08/2024,15:16:41,24239.95,24237,100,24240,225,25,1218575
NIFTY-II.NFO,05/08/2024,15:16:43,24239.95,24237,100,24239.9,200,0,1218575
NIFTY-II.NFO,05/08/2024,15:16:44,24239.95,24237,100,24240,225,0,1218575
NIFTY-II.NFO,05/08/2024,15:16:46,24237,24237,75,24240,225,50,1218575
NIFTY-II.NFO,05/08/2024,15:16:47,24237,24237,50,24239.65,50,50,1218575
NIFTY-II.NFO,05/08/2024,15:16:49,24237,24237,25,24239.65,50,25,1218575
NIFTY-II.NFO,05/08/2024,15:16:51,24237,24237,25,24240,225,0,1218575
NIFTY-II.NFO,05/08/2024,15:16:52,24237,24235.05,175,24239.9,275,25,1218575
NIFTY-II.NFO,05/08/2024,15:16:54,24239.95,24237,50,24240,225,25,1218575
NIFTY-II.NFO,05/08/2024,15:16:56,24237,24235,25,24238.9,275,75,1218575
NIFTY-II.NFO,05/08/2024,15:16:57,24237,24235,25,24238.9,275,0,1218575
NIFTY-II.NFO,05/08/2024,15:16:59,24237,24235.05,175,24239.6,200,0,1218575
NIFTY-II.NFO,05/08/2024,15:17:01,24237,24235.05,175,24239.35,25,0,1218575
NIFTY-II.NFO,05/08/2024,15:17:02,24237,24235.3,250,24239.35,25,0,1218575
NIFTY-II.NFO,05/08/2024,15:17:04,24237,24235.35,125,24237,25,0,1218575
NIFTY-II.NFO,05/08/2024,15:17:05,24237,24237,25,24239.95,200,25,1218575
NIFTY-II.NFO,05/08/2024,15:17:07,24237,24237,25,24239.35,200,0,1218575
NIFTY-II.NFO,05/08/2024,15:17:09,24235,24233.05,175,24237.7,325,50,1218575
NIFTY-II.NFO,05/08/2024,15:17:10,24235,24233.05,175,24236.95,25,0,1218575
NIFTY-II.NFO,05/08/2024,15:17:12,24237.95,24233.05,175,24237.7,275,50,1218575
NIFTY-II.NFO,05/08/2024,15:17:13,24237.95,24233,25,24237,275,0,1218575
NIFTY-II.NFO,05/08/2024,15:17:15,24237.95,24233,25,24236.95,25,0,1218575
NIFTY-II.NFO,05/08/2024,15:17:17,24233.05,24233.05,225,24237.9,200,25,1218575
NIFTY-II.NFO,05/08/2024,15:17:18,24233.05,24233.4,225,24238.9,200,0,1218575
NIFTY-II.NFO,05/08/2024,15:17:20,24233.05,24233.55,150,24238.9,275,0,1218575
NIFTY-II.NFO,05/08/2024,15:17:22,24233.05,24234.45,150,24239.75,200,0,1218575
NIFTY-II.NFO,05/08/2024,15:17:23,24233.05,24234.45,150,24239.95,225,0,1218575
NIFTY-II.NFO,05/08/2024,15:17:25,24233.05,24234.55,150,24239.95,200,0,1218575
NIFTY-II.NFO,05/08/2024,15:17:26,24233.05,24235.75,150,24240,250,0,1218575
NIFTY-II.NFO,05/08/2024,15:17:30,24233.05,24235.55,225,24239.95,200,0,1218575
NIFTY-II.NFO,05/08/2024,15:17:31,24233.05,24236.3,225,24240,250,0,1218575
NIFTY-II.NFO,05/08/2024,15:17:33,24236.6,24237.2,250,24240,225,50,1218575
NIFTY-II.NFO,05/08/2024,15:17:35,24237.35,24236.35,100,24240,225,75,1218575
NIFTY-II.NFO,05/08/2024,15:17:36,24237.35,24236.45,125,24240,250,0,1218575
NIFTY-II.NFO,05/08/2024,15:17:38,24237.35,24236.9,125,24240,250,0,1218575
NIFTY-II.NFO,05/08/2024,15:17:40,24237.35,24237.55,75,24240,250,0,1218575
NIFTY-II.NFO,05/08/2024,15:17:41,24237,24237.05,50,24240,250,25,1218575
NIFTY-II.NFO,05/08/2024,15:17:43,24237,24236.05,50,24240,250,0,1218575
NIFTY-II.NFO,05/08/2024,15:17:44,24237,24236.15,125,24240,250,0,1218575
NIFTY-II.NFO,05/08/2024,15:17:46,24237,24236.15,250,24240,250,0,1218575
NIFTY-II.NFO,05/08/2024,15:17:48,24237,24235.4,125,24239.85,50,0,1218575
NIFTY-II.NFO,05/08/2024,15:17:49,24237,24236.25,50,24240,250,0,1218575
NIFTY-II.NFO,05/08/2024,15:17:51,24237,24237.1,50,24240,250,0,1218575
NIFTY-II.NFO,05/08/2024,15:17:52,24237,24237.35,200,24240,250,0,1218575
NIFTY-II.NFO,05/08/2024,15:17:54,24237,24238.5,200,24240,250,0,1218575
NIFTY-II.NFO,05/08/2024,15:17:56,24237,24237.55,200,24240,250,0,1218575
NIFTY-II.NFO,05/08/2024,15:17:57,24237,24237.6,75,24240,250,0,1218575
NIFTY-II.NFO,05/08/2024,15:17:59,24237,24238.75,200,24240,250,0,1218575
NIFTY-II.NFO,05/08/2024,15:18:00,24237,24237.8,50,24240,250,0,1218575
NIFTY-II.NFO,05/08/2024,15:18:02,24239,24239,175,24240,250,25,1218575
NIFTY-II.NFO,05/08/2024,15:18:04,24240,24238.05,50,24240,225,25,1218575
NIFTY-II.NFO,05/08/2024,15:18:05,24240,24238.8,125,24240,25,225,1218575
NIFTY-II.NFO,05/08/2024,15:18:07,24240,24239.3,125,24240.1,100,25,1218575
NIFTY-II.NFO,05/08/2024,15:18:08,24240.1,24239.1,50,24240.1,75,225,1218575
NIFTY-II.NFO,05/08/2024,15:18:10,24238.15,24236.9,25,24240,25,25,1218575
NIFTY-II.NFO,05/08/2024,15:18:11,24238.15,24236.6,25,24240,25,0,1218575
NIFTY-II.NFO,05/08/2024,15:18:13,24238.15,24237,25,24240,25,0,1218575
NIFTY-II.NFO,05/08/2024,15:18:15,24240,24237,50,24240.1,125,25,1218575
NIFTY-II.NFO,05/08/2024,15:18:16,24240,24237,50,24239.95,25,0,1218575
NIFTY-II.NFO,05/08/2024,15:18:18,24240.1,24237,50,24240.1,50,25,1218575
NIFTY-II.NFO,05/08/2024,15:18:19,24237,24237,25,24240.1,50,25,1218575
NIFTY-II.NFO,05/08/2024,15:18:21,24240.55,24235.65,25,24240.55,200,225,1218575
NIFTY-II.NFO,05/08/2024,15:18:22,24240.55,24235.8,25,24240.45,50,0,1218575
NIFTY-II.NFO,05/08/2024,15:18:24,24240.55,24238,100,24240.95,100,0,1218575
NIFTY-II.NFO,05/08/2024,15:18:26,24240.55,24238,100,24240.9,200,0,1218575
NIFTY-II.NFO,05/08/2024,15:18:27,24240.95,24238,100,24241.7,200,100,1218575
NIFTY-II.NFO,05/08/2024,15:18:29,24242.45,24239.2,100,24243.05,25,250,1218575
NIFTY-II.NFO,05/08/2024,15:18:31,24239.25,24239.2,25,24240,50,50,1218575
NIFTY-II.NFO,05/08/2024,15:18:32,24239.2,24239.25,25,24240,50,25,1218575
NIFTY-II.NFO,05/08/2024,15:18:34,24241.95,24239.3,175,24242.95,25,75,1218575
NIFTY-II.NFO,05/08/2024,15:18:36,24241.95,24240.15,150,24243,25,0,1218575
NIFTY-II.NFO,05/08/2024,15:18:37,24245.8,24239.85,75,24244.9,150,150,1218575
NIFTY-II.NFO,05/08/2024,15:18:39,24244.75,24239.25,200,24243.9,25,250,1218575
NIFTY-II.NFO,05/08/2024,15:18:41,24244.75,24239.9,75,24243.85,25,0,1218575
NIFTY-II.NFO,05/08/2024,15:18:42,24244.75,24239.85,200,24243.8,25,0,1218575
NIFTY-II.NFO,05/08/2024,15:18:44,24244.75,24239.25,225,24240.95,50,0,1218575
NIFTY-II.NFO,05/08/2024,15:18:46,24244.75,24240,25,24240.95,50,0,1218575
NIFTY-II.NFO,05/08/2024,15:18:47,24240,24239.25,25,24240.9,25,25,1218575
NIFTY-II.NFO,05/08/2024,15:18:49,24240,24238,100,24241,25,0,1218575
NIFTY-II.NFO,05/08/2024,15:18:51,24238.05,24238,100,24240.95,25,50,1218575
NIFTY-II.NFO,05/08/2024,15:18:52,24238.1,24238.35,200,24240,25,25,1218575
NIFTY-II.NFO,05/08/2024,15:18:54,24238.1,24239.35,125,24239.95,50,0,1218575
NIFTY-II.NFO,05/08/2024,15:18:55,24238.1,24239.35,125,24239.9,25,0,1218575
NIFTY-II.NFO,05/08/2024,15:18:57,24239.35,24238.2,75,24239.85,25,25,1218575
NIFTY-II.NFO,05/08/2024,15:18:59,24239.35,24238,100,24239.8,25,0,1218575
NIFTY-II.NFO,05/08/2024,15:19:00,24239.35,24238,100,24239.75,50,0,1218575
NIFTY-II.NFO,05/08/2024,15:19:02,24239.35,24238,100,24239.8,25,0,1218575
NIFTY-II.NFO,05/08/2024,15:19:04,24239.35,24238,100,24239.7,50,0,1218575
NIFTY-II.NFO,05/08/2024,15:19:05,24235.95,24236,175,24239.7,50,475,1218575
NIFTY-II.NFO,05/08/2024,15:19:07,24240.7,24236.5,75,24240.95,100,500,1218575
NIFTY-II.NFO,05/08/2024,15:19:09,24237.15,24236.95,75,24240.9,25,25,1218575
NIFTY-II.NFO,05/08/2024,15:19:10,24240.7,24237.5,200,24240.95,25,25,1218575
NIFTY-II.NFO,05/08/2024,15:19:12,24237.75,24237.8,275,24240.95,25,75,1218575
NIFTY-II.NFO,05/08/2024,15:19:14,24237.8,24238,250,24240.95,25,125,1218575
NIFTY-II.NFO,05/08/2024,15:19:15,24237.8,24238,25,24240.9,25,0,1218575
NIFTY-II.NFO,05/08/2024,15:19:17,24237.8,24238,25,24240.65,200,0,1218575
NIFTY-II.NFO,05/08/2024,15:19:19,24237.8,24238,25,24240.55,200,0,1218575
NIFTY-II.NFO,05/08/2024,15:19:22,24238,24234.75,25,24238.85,200,25,1218575
NIFTY-II.NFO,05/08/2024,15:19:23,24238,24235.3,250,24240.55,200,0,1218575
NIFTY-II.NFO,05/08/2024,15:19:25,24238,24239.35,50,24240.45,250,0,1218575
NIFTY-II.NFO,05/08/2024,15:19:27,24239.35,24234.75,25,24238.6,275,50,1218575
NIFTY-II.NFO,05/08/2024,15:19:28,24239.4,24234.75,25,24238.45,275,25,1218575
NIFTY-II.NFO,05/08/2024,15:19:30,24238.45,24234.75,25,24238.05,175,25,1218575
NIFTY-II.NFO,05/08/2024,15:19:32,24236.85,24234.75,25,24237.3,50,25,1219050
NIFTY-II.NFO,05/08/2024,15:19:33,24237.8,24234.8,200,24238.95,50,25,1219050
NIFTY-II.NFO,05/08/2024,15:19:35,24235.9,24236.05,75,24238.95,25,25,1219050
NIFTY-II.NFO,05/08/2024,15:19:36,24235.9,24235.1,200,24238.95,50,0,1219050
NIFTY-II.NFO,05/08/2024,15:19:38,24238.3,24233.95,75,24237.3,300,75,1219050
NIFTY-II.NFO,05/08/2024,15:19:40,24238.3,24233.35,75,24236.95,250,0,1219050
NIFTY-II.NFO,05/08/2024,15:19:41,24238.3,24232.9,175,24237.1,250,0,1219050
NIFTY-II.NFO,05/08/2024,15:19:43,24238.3,24232,75,24236.1,125,0,1219050
NIFTY-II.NFO,05/08/2024,15:19:45,24235.85,24232,75,24235.75,125,25,1219050
NIFTY-II.NFO,05/08/2024,15:19:46,24235.85,24232,75,24234.65,175,0,1219050
NIFTY-II.NFO,05/08/2024,15:19:48,24235.85,24232,75,24232.9,25,0,1219050
NIFTY-II.NFO,05/08/2024,15:19:50,24232.9,24232,75,24234.9,175,25,1219050
NIFTY-II.NFO,05/08/2024,15:19:51,24232.9,24232.05,200,24232.9,25,0,1219050
NIFTY-II.NFO,05/08/2024,15:19:53,24232.05,24232,50,24232.9,25,75,1219050
NIFTY-II.NFO,05/08/2024,15:19:55,24232.9,24232.05,175,24235.95,25,50,1219050
NIFTY-II.NFO,05/08/2024,15:19:56,24232,24231,50,24234.9,275,25,1219050
NIFTY-II.NFO,05/08/2024,15:19:58,24231,24231,25,24233,100,25,1219050
NIFTY-II.NFO,05/08/2024,15:20:00,24231,24232.9,25,24233.95,25,0,1219050
NIFTY-II.NFO,05/08/2024,15:20:02,24233.95,24232.9,25,24234.9,200,25,1219050
NIFTY-II.NFO,05/08/2024,15:20:03,24232.9,24231,25,24232.05,100,25,1219050
NIFTY-II.NFO,05/08/2024,15:20:05,24231.8,24231,25,24232.75,200,25,1219050
NIFTY-II.NFO,05/08/2024,15:20:07,24231.8,24231,25,24231.4,75,0,1219050
NIFTY-II.NFO,05/08/2024,15:20:08,24231.8,24230,350,24232.7,200,50,1219050
NIFTY-II.NFO,05/08/2024,15:20:10,24231.8,24230,350,24232.75,275,0,1219050
NIFTY-II.NFO,05/08/2024,15:20:12,24231.8,24230,350,24231.3,200,0,1219050
NIFTY-II.NFO,05/08/2024,15:20:13,24231.8,24230,350,24230.05,75,0,1219050
NIFTY-II.NFO,05/08/2024,15:20:15,24230,24226.6,50,24230.6,275,350,1219050
NIFTY-II.NFO,05/08/2024,15:20:17,24230,24226.6,50,24229.65,275,0,1219050
NIFTY-II.NFO,05/08/2024,15:20:18,24228.95,24225,50,24228.95,250,25,1219050
NIFTY-II.NFO,05/08/2024,15:20:20,24225,24225,25,24227.25,250,25,1219050
NIFTY-II.NFO,05/08/2024,15:20:21,24225,24225,25,24227.65,175,0,1219050
NIFTY-II.NFO,05/08/2024,15:20:23,24227.65,24225,25,24227.65,150,25,1219050
NIFTY-II.NFO,05/08/2024,15:20:25,24227.65,24225,25,24227.7,175,0,1219050
NIFTY-II.NFO,05/08/2024,15:20:26,24227.65,24225.6,50,24227.7,175,0,1219050
NIFTY-II.NFO,05/08/2024,15:20:28,24227.65,24225.7,125,24229.95,150,0,1219050
NIFTY-II.NFO,05/08/2024,15:20:30,24225.7,24226.5,125,24230,550,150,1219050
NIFTY-II.NFO,05/08/2024,15:20:31,24230,24228.35,125,24230,550,25,1219050
NIFTY-II.NFO,05/08/2024,15:20:33,24230,24227.7,50,24230,550,0,1219050
NIFTY-II.NFO,05/08/2024,15:20:35,24230,24228.2,100,24230,550,0,1219050
NIFTY-II.NFO,05/08/2024,15:20:36,24230,24229.8,50,24230,525,25,1219050
NIFTY-II.NFO,05/08/2024,15:20:38,24230,24226.15,50,24229.95,150,0,1219050
NIFTY-II.NFO,05/08/2024,15:20:40,24230,24226.2,50,24230,625,0,1219050
NIFTY-II.NFO,05/08/2024,15:20:41,24229.95,24225.55,50,24229.95,200,25,1219050
NIFTY-II.NFO,05/08/2024,15:20:43,24229.95,24226.2,50,24229.95,125,0,1219050
NIFTY-II.NFO,05/08/2024,15:20:45,24229.95,24226.65,75,24230,650,0,1219050
NIFTY-II.NFO,05/08/2024,15:20:46,24229.95,24226.2,125,24230,650,0,1219050
NIFTY-II.NFO,05/08/2024,15:20:48,24226.25,24226.2,50,24230,650,25,1219050
NIFTY-II.NFO,05/08/2024,15:20:50,24226.25,24223.55,125,24229.95,200,0,1219050
NIFTY-II.NFO,05/08/2024,15:20:51,24226.25,24225.35,125,24229.95,125,0,1219050
NIFTY-II.NFO,05/08/2024,15:20:53,24226.25,24226.15,200,24230,650,0,1219050
NIFTY-II.NFO,05/08/2024,15:20:55,24230,24227.25,200,24230,600,50,1219050
NIFTY-II.NFO,05/08/2024,15:20:56,24230,24228.1,50,24230,600,0,1219050
NIFTY-II.NFO,05/08/2024,15:20:58,24230,24227.4,125,24230,600,0,1219050
NIFTY-II.NFO,05/08/2024,15:21:00,24230,24228.3,50,24230,600,0,1219050
NIFTY-II.NFO,05/08/2024,15:21:01,24230,24228.3,50,24230,625,0,1219050
NIFTY-II.NFO,05/08/2024,15:21:03,24230,24228.25,50,24230,500,125,1219050
NIFTY-II.NFO,05/08/2024,15:21:05,24228.25,24226.95,125,24230,500,25,1219050
NIFTY-II.NFO,05/08/2024,15:21:06,24226.95,24227.55,125,24230,500,50,1219050
NIFTY-II.NFO,05/08/2024,15:21:08,24226.95,24226.95,50,24229.95,125,0,1219050
NIFTY-II.NFO,05/08/2024,15:21:10,24225.85,24225.85,250,24230,1450,100,1219050
NIFTY-II.NFO,05/08/2024,15:21:11,24225.5,24226,125,24228,100,25,1219050
NIFTY-II.NFO,05/08/2024,15:21:13,24228,24226.65,250,24228,50,75,1219050
NIFTY-II.NFO,05/08/2024,15:21:15,24226.6,24226.25,450,24228,50,75,1219050
NIFTY-II.NFO,05/08/2024,15:21:16,24228,24226.25,375,24228,100,25,1219050
NIFTY-II.NFO,05/08/2024,15:21:18,24228,24226.3,175,24228,100,0,1219050
NIFTY-II.NFO,05/08/2024,15:21:19,24226.3,24226.3,150,24228,100,25,1219050
NIFTY-II.NFO,05/08/2024,15:21:21,24228,24226.4,225,24228,50,50,1219050
NIFTY-II.NFO,05/08/2024,15:21:23,24228,24226.25,200,24228,25,25,1219050
NIFTY-II.NFO,05/08/2024,15:21:24,24228,24226.3,225,24228,25,0,1219050
NIFTY-II.NFO,05/08/2024,15:21:26,24226.75,24226.55,150,24228,50,50,1219050
NIFTY-II.NFO,05/08/2024,15:21:28,24230,24227.2,125,24230,1000,500,1219050
NIFTY-II.NFO,05/08/2024,15:21:29,24227.2,24227.2,50,24230,1000,25,1219050
NIFTY-II.NFO,05/08/2024,15:21:31,24230,24227.2,125,24230,1000,50,1219050
NIFTY-II.NFO,05/08/2024,15:21:33,24230,24227.3,125,24230,1000,0,1219050
NIFTY-II.NFO,05/08/2024,15:21:34,24230,24226.05,75,24230,1025,0,1219050
NIFTY-II.NFO,05/08/2024,15:21:36,24230,24226.35,75,24230,1025,0,1219050
NIFTY-II.NFO,05/08/2024,15:21:38,24230,24226.75,100,24230,1025,0,1219050
NIFTY-II.NFO,05/08/2024,15:21:39,24227.8,24228.4,100,24230,1025,25,1219050
NIFTY-II.NFO,05/08/2024,15:21:41,24230,24229.7,25,24230,775,725,1219050
NIFTY-II.NFO,05/08/2024,15:21:43,24229.85,24230.15,200,24234.75,200,1450,1219050
NIFTY-II.NFO,05/08/2024,15:21:44,24230.5,24230.5,75,24234.9,200,25,1219050
NIFTY-II.NFO,05/08/2024,15:21:46,24230.5,24230.5,75,24234.9,200,0,1219050
NIFTY-II.NFO,05/08/2024,15:21:48,24230.5,24229.6,50,24234.9,200,25,1219050
NIFTY-II.NFO,05/08/2024,15:21:49,24230.5,24231.1,25,24234.9,200,0,1219050
NIFTY-II.NFO,05/08/2024,15:21:51,24230.5,24231,125,24234.9,200,0,1219050
NIFTY-II.NFO,05/08/2024,15:21:53,24230.35,24230,200,24233.75,25,75,1219050
NIFTY-II.NFO,05/08/2024,15:21:54,24230.35,24229.9,25,24234,200,0,1219050
NIFTY-II.NFO,05/08/2024,15:21:56,24234.9,24231.15,75,24234.9,200,25,1219050
NIFTY-II.NFO,05/08/2024,15:21:58,24234.9,24231.15,75,24233.45,25,0,1219050
NIFTY-II.NFO,05/08/2024,15:21:59,24231.15,24230.95,50,24234.9,200,25,1219050
NIFTY-II.NFO,05/08/2024,15:22:01,24230.95,24231.2,25,24234.9,200,25,1219050
NIFTY-II.NFO,05/08/2024,15:22:03,24234.9,24230.7,175,24234.7,25,25,1219050
NIFTY-II.NFO,05/08/2024,15:22:04,24234.6,24229.95,50,24234.9,275,25,1219050
NIFTY-II.NFO,05/08/2024,15:22:06,24234.6,24229.9,25,24234.2,200,0,1219050
NIFTY-II.NFO,05/08/2024,15:22:08,24234.6,24229.9,25,24233.6,25,0,1219050
NIFTY-II.NFO,05/08/2024,15:22:09,24234.6,24229.9,25,24233.25,25,0,1219050
NIFTY-II.NFO,05/08/2024,15:22:11,24234.6,24229.9,25,24232.75,75,0,1219050
NIFTY-II.NFO,05/08/2024,15:22:13,24233.65,24230.6,25,24233.75,25,50,1219050
NIFTY-II.NFO,05/08/2024,15:22:14,24233.65,24230.6,25,24234.5,25,0,1219050
NIFTY-II.NFO,05/08/2024,15:22:16,24233.65,24231.8,100,24234.6,150,0,1219050
NIFTY-II.NFO,05/08/2024,15:22:18,24233.65,24231.2,100,24234.55,25,0,1219050
NIFTY-II.NFO,05/08/2024,15:22:19,24233.65,24231.85,100,24234.6,25,0,1219050
NIFTY-II.NFO,05/08/2024,15:22:23,24233.65,24232.9,25,24234.55,25,25,1219050
NIFTY-II.NFO,05/08/2024,15:22:24,24232.6,24231.45,25,24231.8,200,75,1219050
NIFTY-II.NFO,05/08/2024,15:22:26,24231.45,24230.6,25,24231.8,200,25,1219050
NIFTY-II.NFO,05/08/2024,15:22:28,24231.8,24230.85,200,24231.8,175,25,1219050
NIFTY-II.NFO,05/08/2024,15:22:29,24230.4,24229.2,175,24231.4,25,1700,1219050
NIFTY-II.NFO,05/08/2024,15:22:31,24230.4,24230.1,25,24231.4,25,0,1219050
NIFTY-II.NFO,05/08/2024,15:22:33,24228.5,24228.85,25,24231.4,25,250,1217675
NIFTY-II.NFO,05/08/2024,15:22:34,24229.6,24229.35,250,24231.4,25,50,1217675
NIFTY-II.NFO,05/08/2024,15:22:36,24229.65,24229.3,50,24231.8,150,75,1217675
NIFTY-II.NFO,05/08/2024,15:22:38,24229.4,24230,50,24231.45,125,25,1217675
NIFTY-II.NFO,05/08/2024,15:22:39,24229.4,24230,50,24231.45,125,0,1217675
NIFTY-II.NFO,05/08/2024,15:22:41,24231.2,24230.95,250,24234.6,1800,325,1217675
NIFTY-II.NFO,05/08/2024,15:22:43,24231.2,24231.3,100,24234.6,1800,0,1217675
NIFTY-II.NFO,05/08/2024,15:22:44,24234.6,24232.4,250,24234.6,1700,100,1217675
NIFTY-II.NFO,05/08/2024,15:22:46,24234.6,24232.65,225,24234.6,1700,0,1217675
NIFTY-II.NFO,05/08/2024,15:22:48,24234.6,24233.85,250,24234.55,25,0,1217675
NIFTY-II.NFO,05/08/2024,15:22:49,24234.6,24233.5,225,24234.55,25,0,1217675
NIFTY-II.NFO,05/08/2024,15:22:51,24234.6,24232.55,200,24234.55,25,0,1217675
NIFTY-II.NFO,05/08/2024,15:22:53,24234.55,24230,50,24234.6,1700,25,1217675
NIFTY-II.NFO,05/08/2024,15:22:54,24234.55,24230.25,25,24234.6,1700,25,1217675
NIFTY-II.NFO,05/08/2024,15:22:56,24234.55,24231.35,50,24234.6,1700,0,1217675
NIFTY-II.NFO,05/08/2024,15:22:57,24234.6,24230.75,475,24234.55,200,50,1217675
NIFTY-II.NFO,05/08/2024,15:22:59,24234.6,24231.4,250,24234.6,1675,0,1217675
NIFTY-II.NFO,05/08/2024,15:23:01,24230.3,24230.4,250,24234.6,1675,250,1217675
NIFTY-II.NFO,05/08/2024,15:23:02,24234.6,24230.6,250,24234.6,1650,1825,1217675
NIFTY-II.NFO,05/08/2024,15:23:04,24234.6,24230,75,24232.35,200,0,1217675
NIFTY-II.NFO,05/08/2024,15:23:06,24234.6,24230,75,24234.45,200,600,1217675
NIFTY-II.NFO,05/08/2024,15:23:07,24234.6,24230,75,24230.9,25,0,1217675
NIFTY-II.NFO,05/08/2024,15:23:09,24229,24229,1300,24230.9,25,100,1217675
NIFTY-II.NFO,05/08/2024,15:23:11,24232.4,24229,1300,24232.6,75,350,1217675
NIFTY-II.NFO,05/08/2024,15:23:12,24229,24229,1250,24230.95,100,175,1217675
NIFTY-II.NFO,05/08/2024,15:23:14,24230.4,24227.7,50,24231.5,100,1325,1217675
NIFTY-II.NFO,05/08/2024,15:23:16,24230.4,24226.9,50,24231.5,100,0,1217675
NIFTY-II.NFO,05/08/2024,15:23:17,24230.4,24226.9,50,24228.1,200,0,1217675
NIFTY-II.NFO,05/08/2024,15:23:19,24227.3,24226.9,50,24228.1,200,125,1217675
NIFTY-II.NFO,05/08/2024,15:23:20,24228.1,24226.75,25,24228.1,175,25,1217675
NIFTY-II.NFO,05/08/2024,15:23:22,24228,24226.75,25,24226.9,25,25,1217675
NIFTY-II.NFO,05/08/2024,15:23:24,24226.75,24226,50,24226.9,25,25,1217675
NIFTY-II.NFO,05/08/2024,15:23:25,24226,24225,500,24226.9,25,50,1217675
NIFTY-II.NFO,05/08/2024,15:23:27,24226,24225,500,24226.9,25,0,1217675
NIFTY-II.NFO,05/08/2024,15:23:29,24225,24225,450,24226.9,25,50,1217675
NIFTY-II.NFO,05/08/2024,15:23:30,24225,24225,425,24227.95,100,25,1217675
NIFTY-II.NFO,05/08/2024,15:23:32,24225,24223.25,25,24225,1375,425,1217675
NIFTY-II.NFO,05/08/2024,15:23:34,24225,24223.25,25,24225,1375,0,1217675
NIFTY-II.NFO,05/08/2024,15:23:37,24223.25,24223.25,25,24225,1300,100,1217675
NIFTY-II.NFO,05/08/2024,15:23:39,24223.25,24223.7,250,24225,1300,0,1217675
NIFTY-II.NFO,05/08/2024,15:23:40,24223.1,24223.25,75,24225,1300,50,1217675
NIFTY-II.NFO,05/08/2024,15:23:42,24223.25,24223.25,25,24225,1175,150,1217675
NIFTY-II.NFO,05/08/2024,15:23:43,24223.25,24223.25,25,24225,1150,25,1217675
NIFTY-II.NFO,05/08/2024,15:23:45,24223.25,24223.25,25,24225,1150,0,1217675
NIFTY-II.NFO,05/08/2024,15:23:48,24225,24222.65,125,24225,1100,75,1217675
NIFTY-II.NFO,05/08/2024,15:23:50,24224.5,24223.45,125,24225,1125,25,1217675
NIFTY-II.NFO,05/08/2024,15:23:52,24226,24225.25,325,24228,25,1150,1217675
NIFTY-II.NFO,05/08/2024,15:23:53,24228,24225.8,125,24229.95,200,25,1217675
NIFTY-II.NFO,05/08/2024,15:23:55,24228,24225.1,125,24229.95,200,0,1217675
NIFTY-II.NFO,05/08/2024,15:23:57,24225.1,24225.45,50,24229.95,200,50,1217675
NIFTY-II.NFO,05/08/2024,15:23:58,24225.4,24225.4,125,24229.95,200,75,1217675
NIFTY-II.NFO,05/08/2024,15:24:00,24225.4,24224.4,125,24229.95,200,0,1217675
NIFTY-II.NFO,05/08/2024,15:24:03,24224.15,24224.15,150,24229.95,275,200,1217675
NIFTY-II.NFO,05/08/2024,15:24:05,24224.15,24223.6,150,24229.55,250,0,1217675
NIFTY-II.NFO,05/08/2024,15:24:06,24224.15,24224.5,375,24225.4,25,75,1217675
NIFTY-II.NFO,05/08/2024,15:24:08,24225.4,24225.25,275,24229.95,200,25,1217675
NIFTY-II.NFO,05/08/2024,15:24:10,24225.4,24226.45,300,24230,225,0,1217675
NIFTY-II.NFO,05/08/2024,15:24:11,24226.45,24226.45,75,24230,225,100,1217675
NIFTY-II.NFO,05/08/2024,15:24:13,24226.95,24226.85,125,24230,225,25,1217675
NIFTY-II.NFO,05/08/2024,15:24:14,24226.95,24226,125,24230,125,0,1217675
NIFTY-II.NFO,05/08/2024,15:24:16,24226.95,24226.15,275,24230,125,0,1217675
NIFTY-II.NFO,05/08/2024,15:24:18,24226.95,24226.95,525,24229,25,0,1217675
NIFTY-II.NFO,05/08/2024,15:24:19,24225,24225.25,500,24229,25,1675,1217675
NIFTY-II.NFO,05/08/2024,15:24:21,24226.9,24226.7,250,24229,25,25,1217675
NIFTY-II.NFO,05/08/2024,15:24:23,24226.65,24226.65,125,24229,25,425,1217675
NIFTY-II.NFO,05/08/2024,15:24:24,24226.65,24226.65,25,24229,25,0,1217675
NIFTY-II.NFO,05/08/2024,15:24:26,24226.65,24227.65,250,24229,25,0,1217675
NIFTY-II.NFO,05/08/2024,15:24:27,24226.65,24226.85,250,24229,25,0,1217675
NIFTY-II.NFO,05/08/2024,15:24:29,24226.65,24228.75,250,24229,25,0,1217675
NIFTY-II.NFO,05/08/2024,15:24:31,24229,24228.3,250,24230,150,50,1217675
NIFTY-II.NFO,05/08/2024,15:24:32,24229,24228.85,250,24230,150,0,1217675
NIFTY-II.NFO,05/08/2024,15:24:34,24228.85,24228.15,25,24230,150,25,1217675
NIFTY-II.NFO,05/08/2024,15:24:36,24228.1,24228.75,250,24230,150,150,1217675
NIFTY-II.NFO,05/08/2024,15:24:37,24228.4,24227.8,25,24230,25,350,1217675
NIFTY-II.NFO,05/08/2024,15:24:39,24230,24228.1,25,24230.7,100,25,1217675
NIFTY-II.NFO,05/08/2024,15:24:41,24230,24227.75,25,24230.7,100,0,1217675
NIFTY-II.NFO,05/08/2024,15:24:42,24230,24226.65,50,24228.85,50,0,1217675
NIFTY-II.NFO,05/08/2024,15:24:44,24230,24226.65,50,24228.8,50,0,1217675
NIFTY-II.NFO,05/08/2024,15:24:46,24228.8,24226.65,50,24228.65,50,25,1217675
NIFTY-II.NFO,05/08/2024,15:24:47,24226.65,24226.65,25,24228.85,50,25,1217675
NIFTY-II.NFO,05/08/2024,15:24:49,24226.65,24226.65,25,24228.8,125,0,1217675
NIFTY-II.NFO,05/08/2024,15:24:51,24226.65,24226.65,25,24228.8,50,0,1217675
NIFTY-II.NFO,05/08/2024,15:24:52,24226.65,24226.65,25,24228.85,50,0,1217675
NIFTY-II.NFO,05/08/2024,15:24:54,24226.65,24226.65,25,24228.8,50,0,1217675
NIFTY-II.NFO,05/08/2024,15:24:55,24228.8,24226.65,25,24228.8,50,25,1217675
NIFTY-II.NFO,05/08/2024,15:24:57,24228.8,24226.65,25,24228.4,25,0,1217675
NIFTY-II.NFO,05/08/2024,15:24:59,24226.65,24226.35,375,24228.4,25,25,1217675
NIFTY-II.NFO,05/08/2024,15:25:00,24228.85,24227.4,250,24228.85,25,50,1217675
NIFTY-II.NFO,05/08/2024,15:25:02,24231.85,24227.45,75,24229,50,500,1217675
NIFTY-II.NFO,05/08/2024,15:25:04,24227.4,24228.3,250,24229,50,100,1217675
NIFTY-II.NFO,05/08/2024,15:25:05,24227.9,24227.95,125,24229,50,50,1217675
NIFTY-II.NFO,05/08/2024,15:25:07,24228.5,24228.6,25,24229,25,75,1217675
NIFTY-II.NFO,05/08/2024,15:25:08,24229,24228.95,250,24230,100,25,1217675
NIFTY-II.NFO,05/08/2024,15:25:10,24230,24229,25,24230,75,25,1217675
NIFTY-II.NFO,05/08/2024,15:25:12,24229.05,24229.05,100,24230,75,25,1217675
NIFTY-II.NFO,05/08/2024,15:25:13,24229.4,24229.45,125,24230,75,25,1217675
NIFTY-II.NFO,05/08/2024,15:25:15,24229.4,24229.55,25,24230,75,0,1217675
NIFTY-II.NFO,05/08/2024,15:25:17,24229.55,24229.7,25,24230,75,25,1217675
NIFTY-II.NFO,05/08/2024,15:25:18,24229.55,24229.75,125,24230,75,0,1217675
NIFTY-II.NFO,05/08/2024,15:25:20,24230,24230.3,50,24232,25,200,1217675
NIFTY-II.NFO,05/08/2024,15:25:21,24232,24230.55,25,24233.45,225,25,1217675
NIFTY-II.NFO,05/08/2024,15:25:23,24233.2,24230.55,25,24233.4,200,25,1217675
NIFTY-II.NFO,05/08/2024,15:25:25,24235,24231.1,25,24233.35,175,500,1217675
NIFTY-II.NFO,05/08/2024,15:25:26,24234,24230,75,24233.4,150,175,1217675
NIFTY-II.NFO,05/08/2024,15:25:28,24233.2,24230.65,25,24234.05,125,75,1217675
NIFTY-II.NFO,05/08/2024,15:25:29,24233,24230.65,25,24233.75,100,100,1217675
NIFTY-II.NFO,05/08/2024,15:25:31,24230.1,24230.55,25,24233.95,50,75,1217675
NIFTY-II.NFO,05/08/2024,15:25:33,24228.1,24230.45,25,24234.85,200,1000,1214275
NIFTY-II.NFO,05/08/2024,15:25:34,24234.85,24230.55,25,24234.35,75,25,1214275
NIFTY-II.NFO,05/08/2024,15:25:36,24234.85,24231.75,25,24234.8,50,0,1214275
NIFTY-II.NFO,05/08/2024,15:25:38,24234,24231.7,25,24234.7,50,100,1214275
NIFTY-II.NFO,05/08/2024,15:25:39,24234.7,24231.95,25,24234,25,25,1214275
NIFTY-II.NFO,05/08/2024,15:25:41,24232,24231.55,125,24233.95,50,25,1214275
NIFTY-II.NFO,05/08/2024,15:25:42,24234.95,24232.1,25,24234.95,50,75,1214275
NIFTY-II.NFO,05/08/2024,15:25:44,24232.15,24231.6,125,24234.95,50,25,1214275
NIFTY-II.NFO,05/08/2024,15:25:46,24232.15,24231.55,125,24234.95,50,0,1214275
NIFTY-II.NFO,05/08/2024,15:25:47,24232.15,24233.2,125,24235,325,0,1214275
NIFTY-II.NFO,05/08/2024,15:25:49,24235,24234.05,25,24235,275,50,1214275
NIFTY-II.NFO,05/08/2024,15:25:51,24234.25,24234.25,100,24236,275,375,1214275
NIFTY-II.NFO,05/08/2024,15:25:52,24234.85,24234.7,150,24236,275,50,1214275
NIFTY-II.NFO,05/08/2024,15:25:54,24234.85,24235.9,25,24236,275,0,1214275
NIFTY-II.NFO,05/08/2024,15:25:55,24235.8,24234.65,250,24236,175,150,1214275
NIFTY-II.NFO,05/08/2024,15:25:57,24233.8,24235,25,24236,175,100,1214275
NIFTY-II.NFO,05/08/2024,15:25:59,24233.8,24235,25,24236,175,0,1214275
NIFTY-II.NFO,05/08/2024,15:26:00,24235,24233.8,25,24235,25,25,1214275
NIFTY-II.NFO,05/08/2024,15:26:02,24234.2,24234.15,25,24235,25,75,1214275
NIFTY-II.NFO,05/08/2024,15:26:04,24234.15,24233.8,50,24235,25,25,1214275
NIFTY-II.NFO,05/08/2024,15:26:05,24234.15,24233.8,50,24235,25,0,1214275
NIFTY-II.NFO,05/08/2024,15:26:07,24236,24233.95,125,24235,200,100,1214275
NIFTY-II.NFO,05/08/2024,15:26:09,24235,24233.65,25,24235,150,700,1214275
NIFTY-II.NFO,05/08/2024,15:26:10,24233.8,24233.65,125,24233.8,100,125,1214275
NIFTY-II.NFO,05/08/2024,15:26:12,24233.8,24233.65,125,24233.8,50,50,1214275
NIFTY-II.NFO,05/08/2024,15:26:14,24233.8,24233.65,125,24233.8,50,0,1214275
NIFTY-II.NFO,05/08/2024,15:26:15,24233.8,24233,25,24233.8,50,25,1214275
NIFTY-II.NFO,05/08/2024,15:26:17,24233.8,24233.6,250,24234.7,25,100,1214275
NIFTY-II.NFO,05/08/2024,15:26:18,24233.8,24233.1,100,24233.8,375,0,1214275
NIFTY-II.NFO,05/08/2024,15:26:20,24233,24232.95,200,24233.8,325,100,1214275
NIFTY-II.NFO,05/08/2024,15:26:22,24233.8,24233.35,125,24233.8,275,75,1214275
NIFTY-II.NFO,05/08/2024,15:26:23,24233.8,24232.95,125,24233.8,275,75,1214275
NIFTY-II.NFO,05/08/2024,15:26:25,24232.65,24232.6,75,24233.8,250,50,1214275
NIFTY-II.NFO,05/08/2024,15:26:27,24232.6,24232.7,50,24232.95,100,25,1214275
NIFTY-II.NFO,05/08/2024,15:26:28,24232.95,24233.1,25,24233.8,250,100,1214275
NIFTY-II.NFO,05/08/2024,15:26:30,24232.95,24232.35,25,24233.8,250,0,1214275
NIFTY-II.NFO,05/08/2024,15:26:32,24232.4,24232.4,25,24233.75,50,25,1214275
NIFTY-II.NFO,05/08/2024,15:26:33,24233,24232.4,25,24233.8,250,25,1214275
NIFTY-II.NFO,05/08/2024,15:26:35,24233.75,24232.4,25,24233.8,250,50,1214275
NIFTY-II.NFO,05/08/2024,15:26:37,24233.75,24232.4,25,24233.8,250,0,1214275
NIFTY-II.NFO,05/08/2024,15:26:38,24233.75,24231.4,25,24233.8,250,0,1214275
NIFTY-II.NFO,05/08/2024,15:26:40,24233.75,24231.25,50,24233.75,50,0,1214275
NIFTY-II.NFO,05/08/2024,15:26:42,24233.75,24231,75,24233.75,50,225,1214275
NIFTY-II.NFO,05/08/2024,15:26:43,24233.75,24231.3,25,24233.75,50,75,1214275
NIFTY-II.NFO,05/08/2024,15:26:45,24233.75,24231,75,24233.65,50,25,1214275
NIFTY-II.NFO,05/08/2024,15:26:47,24233.55,24231,25,24233.3,50,50,1214275
NIFTY-II.NFO,05/08/2024,15:26:49,24233.55,24231,25,24233.7,200,0,1214275
NIFTY-II.NFO,05/08/2024,15:26:50,24230.15,24230.6,175,24233.8,225,125,1214275
NIFTY-II.NFO,05/08/2024,15:26:52,24230.15,24230.7,175,24233.8,225,0,1214275
NIFTY-II.NFO,05/08/2024,15:26:54,24230.15,24230.35,50,24233.8,225,0,1214275
NIFTY-II.NFO,05/08/2024,15:26:55,24230.15,24230.25,50,24233.75,200,0,1214275
NIFTY-II.NFO,05/08/2024,15:26:57,24230.25,24230.25,50,24232,25,25,1214275
NIFTY-II.NFO,05/08/2024,15:26:59,24230.25,24230,300,24232,25,25,1214275
NIFTY-II.NFO,05/08/2024,15:27:00,24230.25,24230,300,24232,25,0,1214275
NIFTY-II.NFO,05/08/2024,15:27:02,24233,24230,300,24233.1,250,50,1214275
NIFTY-II.NFO,05/08/2024,15:27:04,24233,24230,300,24232.85,250,0,1214275
NIFTY-II.NFO,05/08/2024,15:27:05,24230,24230,150,24232.6,200,150,1214275
NIFTY-II.NFO,05/08/2024,15:27:07,24230,24230,125,24232.65,200,25,1214275
NIFTY-II.NFO,05/08/2024,15:27:09,24232.65,24230,125,24232.45,275,25,1214275
NIFTY-II.NFO,05/08/2024,15:27:10,24232.65,24230,150,24231.95,50,0,1214275
NIFTY-II.NFO,05/08/2024,15:27:12,24229,24229,675,24230,25,175,1214275
NIFTY-II.NFO,05/08/2024,15:27:13,24229,24229,675,24230,25,0,1214275
NIFTY-II.NFO,05/08/2024,15:27:15,24231.9,24229,675,24231.9,325,225,1214275
NIFTY-II.NFO,05/08/2024,15:27:17,24229,24229,650,24231.9,325,25,1214275
NIFTY-II.NFO,05/08/2024,15:27:18,24229,24229,625,24231.9,350,25,1214275
NIFTY-II.NFO,05/08/2024,15:27:20,24230,24229,600,24231.9,350,50,1214275
NIFTY-II.NFO,05/08/2024,15:27:22,24229,24229,575,24231.9,350,25,1214275
NIFTY-II.NFO,05/08/2024,15:27:23,24230,24229,550,24230,500,50,1214275
NIFTY-II.NFO,05/08/2024,15:27:25,24229,24229,450,24230,550,100,1214275
NIFTY-II.NFO,05/08/2024,15:27:27,24229,24229,450,24230,625,0,1214275
NIFTY-II.NFO,05/08/2024,15:27:28,24229,24229,850,24230,650,0,1214275
NIFTY-II.NFO,05/08/2024,15:27:30,24229,24227.8,250,24230,750,875,1214275
NIFTY-II.NFO,05/08/2024,15:27:31,24229,24227.8,250,24230,625,0,1214275
NIFTY-II.NFO,05/08/2024,15:27:33,24227.6,24227.6,200,24229.95,325,50,1214275
NIFTY-II.NFO,05/08/2024,15:27:35,24227.6,24226.5,100,24229,1800,0,1214275
NIFTY-II.NFO,05/08/2024,15:27:36,24227.6,24226.35,250,24229,1850,0,1214275
NIFTY-II.NFO,05/08/2024,15:27:38,24227.6,24226.35,250,24229,1900,0,1214275
NIFTY-II.NFO,05/08/2024,15:27:40,24229,24226.55,250,24229,1975,125,1214275
NIFTY-II.NFO,05/08/2024,15:27:41,24229,24226.55,250,24229,1975,0,1214275
NIFTY-II.NFO,05/08/2024,15:27:43,24229,24226.55,250,24229,1900,75,1214275
NIFTY-II.NFO,05/08/2024,15:27:45,24229,24226.65,250,24229,2050,0,1214275
NIFTY-II.NFO,05/08/2024,15:27:46,24226.65,24226.65,150,24229,2050,100,1214275
NIFTY-II.NFO,05/08/2024,15:27:48,24226.65,24226.65,125,24229,2300,25,1214275
NIFTY-II.NFO,05/08/2024,15:27:49,24229,24226.7,25,24229,2300,50,1214275
NIFTY-II.NFO,05/08/2024,15:27:51,24229,24226.65,125,24229,2300,0,1214275
NIFTY-II.NFO,05/08/2024,15:27:53,24229,24226.65,125,24229,2325,0,1214275
NIFTY-II.NFO,05/08/2024,15:27:54,24229,24226.05,400,24228.95,25,0,1214275
NIFTY-II.NFO,05/08/2024,15:27:56,24226.05,24226.05,275,24228.9,125,125,1214275
NIFTY-II.NFO,05/08/2024,15:27:58,24228.9,24226.05,275,24228.95,100,100,1214275
NIFTY-II.NFO,05/08/2024,15:27:59,24228.9,24226.05,275,24228.8,125,0,1214275
NIFTY-II.NFO,05/08/2024,15:28:01,24228.9,24226.05,275,24228.95,125,0,1214275
NIFTY-II.NFO,05/08/2024,15:28:03,24228.9,24226.05,125,24229,2275,300,1214275
NIFTY-II.NFO,05/08/2024,15:28:04,24229,24226.05,125,24229,2125,175,1214275
NIFTY-II.NFO,05/08/2024,15:28:06,24226.05,24226.05,75,24229,1950,150,1214275
NIFTY-II.NFO,05/08/2024,15:28:08,24226.05,24226.05,50,24229,2025,25,1214275
NIFTY-II.NFO,05/08/2024,15:28:09,24228.9,24226.05,25,24228.9,75,50,1214275
NIFTY-II.NFO,05/08/2024,15:28:11,24226.05,24226,550,24228.85,75,25,1214275
NIFTY-II.NFO,05/08/2024,15:28:13,24228.85,24226,550,24228,150,25,1214275
NIFTY-II.NFO,05/08/2024,15:28:14,24228,24226,525,24228,50,125,1214275
NIFTY-II.NFO,05/08/2024,15:28:16,24228,24226,525,24228,25,25,1214275
NIFTY-II.NFO,05/08/2024,15:28:18,24226,24226,500,24228,50,25,1214275
NIFTY-II.NFO,05/08/2024,15:28:19,24226,24226,500,24228,50,0,1214275
NIFTY-II.NFO,05/08/2024,15:28:21,24226.75,24226,425,24228,375,100,1214275
NIFTY-II.NFO,05/08/2024,15:28:23,24228,24226,425,24228,275,100,1214275
NIFTY-II.NFO,05/08/2024,15:28:24,24226,24225,250,24226,575,450,1214275
NIFTY-II.NFO,05/08/2024,15:28:26,24226,24225.2,150,24226,450,125,1214275
NIFTY-II.NFO,05/08/2024,15:28:28,24226,24225.2,150,24226,250,200,1214275
NIFTY-II.NFO,05/08/2024,15:28:29,24226,24225.25,125,24226,200,75,1214275
NIFTY-II.NFO,05/08/2024,15:28:31,24224.85,24224.85,50,24226,200,325,1214275
NIFTY-II.NFO,05/08/2024,15:28:33,24224.1,24224.15,125,24226,300,75,1214275
NIFTY-II.NFO,05/08/2024,15:28:34,24224.1,24224.15,125,24225.5,500,0,1214275
NIFTY-II.NFO,05/08/2024,15:28:36,24224.1,24224.15,125,24225.5,1100,0,1214275
NIFTY-II.NFO,05/08/2024,15:28:38,24224.35,24224.4,125,24225.5,1600,50,1212475
NIFTY-II.NFO,05/08/2024,15:28:39,24224.35,24224.15,125,24225,1100,75,1212475
NIFTY-II.NFO,05/08/2024,15:28:41,24224.15,24224.5,125,24225,1100,25,1212475
NIFTY-II.NFO,05/08/2024,15:28:43,24225,24224.5,125,24225,1125,50,1212475
NIFTY-II.NFO,05/08/2024,15:28:44,24224.6,24224.1,150,24224.35,225,50,1212475
NIFTY-II.NFO,05/08/2024,15:28:46,24224.35,24224.1,150,24224.35,150,25,1212475
NIFTY-II.NFO,05/08/2024,15:28:48,24224.1,24224.1,50,24224.25,100,125,1212475
NIFTY-II.NFO,05/08/2024,15:28:49,24224,24223,50,24224,450,150,1212475
NIFTY-II.NFO,05/08/2024,15:28:51,24224,24223.9,125,24224,150,500,1212475
NIFTY-II.NFO,05/08/2024,15:28:53,24224,24223.95,100,24224,1875,475,1212475
NIFTY-II.NFO,05/08/2024,15:28:54,24224,24223.45,175,24224,1050,850,1212475
NIFTY-II.NFO,05/08/2024,15:28:56,24224,24223,50,24224,850,725,1212475
NIFTY-II.NFO,05/08/2024,15:28:58,24223,24223,25,24224,850,25,1212475
NIFTY-II.NFO,05/08/2024,15:28:59,24223,24222.05,150,24223,425,75,1212475
NIFTY-II.NFO,05/08/2024,15:29:01,24223,24222.7,125,24223,300,150,1212475
NIFTY-II.NFO,05/08/2024,15:29:03,24223,24221.9,125,24223,100,200,1212475
NIFTY-II.NFO,05/08/2024,15:29:04,24223,24223.35,125,24224,850,100,1212475
NIFTY-II.NFO,05/08/2024,15:29:06,24223.45,24223.85,250,24224,800,625,1212475
NIFTY-II.NFO,05/08/2024,15:29:08,24224,24223.65,125,24224,525,1825,1212475
NIFTY-II.NFO,05/08/2024,15:29:09,24224,24222.15,250,24224,300,350,1212475
NIFTY-II.NFO,05/08/2024,15:29:11,24222.55,24222.8,225,24224,300,50,1212475
NIFTY-II.NFO,05/08/2024,15:29:12,24222.85,24222.85,225,24224,175,300,1212475
NIFTY-II.NFO,05/08/2024,15:29:14,24222.65,24222.6,25,24224,150,75,1212475
NIFTY-II.NFO,05/08/2024,15:29:16,24226,24222.95,50,24226,75,1125,1212475
NIFTY-II.NFO,05/08/2024,15:29:17,24223.6,24223,25,24224.7,25,150,1212475
NIFTY-II.NFO,05/08/2024,15:29:19,24224.7,24224.65,125,24225,50,75,1212475
NIFTY-II.NFO,05/08/2024,15:29:21,24222.95,24222.85,250,24225,50,100,1212475
NIFTY-II.NFO,05/08/2024,15:29:22,24226,24225,50,24227.95,200,125,1212475
NIFTY-II.NFO,05/08/2024,15:29:24,24225,24224.5,25,24227.95,200,50,1212475
NIFTY-II.NFO,05/08/2024,15:29:26,24224.5,24223.6,100,24225,25,25,1212475
NIFTY-II.NFO,05/08/2024,15:29:27,24225,24224.5,300,24226,925,25,1212475
NIFTY-II.NFO,05/08/2024,15:29:29,24224.5,24224.5,200,24225,300,100,1212475
NIFTY-II.NFO,05/08/2024,15:29:30,24225,24222.5,50,24225,225,1025,1212475
NIFTY-II.NFO,05/08/2024,15:29:32,24222.65,24222.2,50,24225,125,200,1212475
NIFTY-II.NFO,05/08/2024,15:29:34,24222.95,24223.15,125,24225,625,25,1212475
NIFTY-II.NFO,05/08/2024,15:29:35,24223.15,24222.1,125,24225,625,25,1212475
NIFTY-II.NFO,05/08/2024,15:29:37,24223.15,24222,25,24225,650,0,1212475
NIFTY-II.NFO,05/08/2024,15:29:39,24223.15,24222.8,125,24225,700,0,1212475
NIFTY-II.NFO,05/08/2024,15:29:40,24223.15,24223.15,50,24225,675,75,1212475
NIFTY-II.NFO,05/08/2024,15:29:42,24221.5,24221.4,50,24225,675,225,1212475
NIFTY-II.NFO,05/08/2024,15:29:44,24221.4,24221.9,200,24225,675,25,1212475
NIFTY-II.NFO,05/08/2024,15:29:45,24225,24222.25,125,24225,650,25,1212475
NIFTY-II.NFO,05/08/2024,15:29:47,24222.2,24221.95,25,24225,650,50,1212475
NIFTY-II.NFO,05/08/2024,15:29:48,24225,24221.8,50,24225,625,250,1212475
NIFTY-II.NFO,05/08/2024,15:29:50,24223.15,24221.75,100,24223.15,125,100,1212475
NIFTY-II.NFO,05/08/2024,15:29:52,24224.95,24222.1,100,24224.95,350,275,1212475
NIFTY-II.NFO,05/08/2024,15:29:53,24221.05,24221,400,24224.95,350,500,1212475
NIFTY-II.NFO,05/08/2024,15:29:55,24226,24221.05,150,24229,300,650,1212475
NIFTY-II.NFO,05/08/2024,15:29:56,24220.2,24222.45,25,24229,250,2025,1212475
NIFTY-II.NFO,05/08/2024,15:29:58,24222.45,24221.1,125,24229,250,25,1212475
NIFTY-II.NFO,05/08/2024,15:30:00,24225,24220.1,75,24229,250,25,1212475
